288.00000166	
288.00000166	
288.00000166	
288.00000166	
288.00000166	
288.00000166	
288.00000166	
288.00000165	
288.00000165	
288.00000165	
288.00000165	
288.00000165	
288.00000165	
288.00000165	
288.00000165	
288.00000165	
288.00000165	
288.00000165	
288.00000165	
288.00000165	
288.00000165	
288.00000165	
288.00000164	
288.00000164	
288.00000164	
288.00000164	
288.00000164	
288.00000164	
288.00000164	
288.00000164	
288.00000164	
288.00000164	
288.00000164	
288.00000164	
288.00000164	
288.00000164	
288.00000164	
288.00000163	
288.00000163	
288.00000163	
288.00000163	
288.00000163	
288.00000163	
288.00000163	
288.00000163	
288.00000163	
288.00000163	
288.00000163	
288.00000163	
288.00000163	
288.00000163	
288.00000163	
288.00000162	
288.00000162	
288.00000162	
288.00000162	
288.00000162	
288.00000162	
288.00000162	
288.00000162	
288.00000162	
288.00000162	
288.00000162	
288.00000162	
288.00000162	
288.00000162	
288.00000162	
288.00000162	
288.00000161	
288.00000161	
288.00000161	
288.00000161	
288.00000161	
288.00000161	
288.00000161	
288.00000161	
288.00000161	
288.00000161	
288.00000161	
288.00000161	
288.00000161	
288.00000161	
288.00000161	
288.00000160	
288.00000160	
288.00000160	
288.00000160	
288.00000160	
288.00000160	
288.00000160	
288.00000160	
288.00000160	
288.00000160	
288.00000160	
288.00000160	
288.00000160	
288.00000160	
288.00000160	
288.00000160	
288.00000159	
288.00000159	
288.00000159	
288.00000159	
288.00000159	
288.00000159	
288.00000159	
288.00000159	
288.00000159	
288.00000159	
288.00000159	
288.00000159	
288.00000159	
288.00000159	
288.00000159	
288.00000159	
288.00000158	
288.00000158	
288.00000158	
288.00000158	
288.00000158	
288.00000158	
288.00000158	
288.00000158	
288.00000158	
288.00000158	
288.00000158	
288.00000158	
288.00000158	
288.00000158	
288.00000158	
288.00000158	
288.00000157	
288.00000157	
288.00000157	
288.00000157	
288.00000157	
288.00000157	
288.00000157	
288.00000157	
288.00000157	
288.00000157	
288.00000157	
288.00000157	
288.00000157	
288.00000157	
288.00000157	
288.00000156	
288.00000156	
288.00000156	
288.00000156	
288.00000156	
288.00000156	
288.00000156	
288.00000156	
288.00000156	
288.00000156	
288.00000156	
288.00000156	
288.00000156	
288.00000156	
288.00000156	
288.00000156	
288.00000156	
288.00000155	
288.00000155	
288.00000155	
288.00000155	
288.00000155	
288.00000155	
288.00000155	
288.00000155	
288.00000155	
288.00000155	
288.00000155	
288.00000155	
288.00000155	
288.00000155	
288.00000155	
288.00000155	
288.00000154	
288.00000154	
288.00000154	
288.00000154	
288.00000154	
288.00000154	
288.00000154	
288.00000154	
288.00000154	
288.00000154	
288.00000154	
288.00000154	
288.00000154	
288.00000154	
288.00000154	
288.00000154	
288.00000153	
288.00000153	
288.00000153	
288.00000153	
288.00000153	
288.00000153	
288.00000153	
288.00000153	
288.00000153	
288.00000153	
288.00000153	
288.00000153	
288.00000153	
288.00000153	
288.00000153	
288.00000153	
288.00000152	
288.00000152	
288.00000152	
288.00000152	
288.00000152	
288.00000152	
288.00000152	
288.00000152	
288.00000152	
288.00000152	
288.00000152	
288.00000152	
288.00000152	
288.00000152	
288.00000152	
288.00000152	
288.00000152	
288.00000151	
288.00000151	
288.00000151	
288.00000151	
288.00000151	
288.00000151	
288.00000151	
288.00000151	
288.00000151	
288.00000151	
288.00000151	
288.00000151	
288.00000151	
288.00000151	
288.00000151	
288.00000151	
288.00000150	
288.00000150	
288.00000150	
288.00000150	
288.00000150	
288.00000150	
288.00000150	
288.00000150	
288.00000150	
288.00000150	
288.00000150	
288.00000150	
288.00000150	
288.00000150	
288.00000150	
288.00000150	
288.00000150	
288.00000149	
288.00000149	
288.00000149	
288.00000149	
288.00000149	
288.00000149	
288.00000149	
288.00000149	
288.00000149	
288.00000149	
288.00000149	
288.00000149	
288.00000149	
288.00000149	
288.00000149	
288.00000149	
288.00000149	
288.00000148	
288.00000148	
288.00000148	
288.00000148	
288.00000148	
288.00000148	
288.00000148	
288.00000148	
288.00000148	
288.00000148	
288.00000148	
288.00000148	
288.00000148	
288.00000148	
288.00000148	
288.00000148	
288.00000148	
288.00000147	
288.00000147	
288.00000147	
288.00000147	
288.00000147	
288.00000147	
288.00000147	
288.00000147	
288.00000147	
288.00000147	
288.00000147	
288.00000147	
288.00000147	
288.00000147	
288.00000147	
288.00000147	
288.00000147	
288.00000146	
288.00000146	
288.00000146	
288.00000146	
288.00000146	
288.00000146	
288.00000146	
288.00000146	
288.00000146	
288.00000146	
288.00000146	
288.00000146	
288.00000146	
288.00000146	
288.00000146	
288.00000146	
288.00000146	
288.00000145	
288.00000145	
288.00000145	
288.00000145	
288.00000145	
288.00000145	
288.00000145	
288.00000145	
288.00000145	
288.00000145	
288.00000145	
288.00000145	
288.00000145	
288.00000145	
288.00000145	
288.00000145	
288.00000145	
288.00000144	
288.00000144	
288.00000144	
288.00000144	
288.00000144	
288.00000144	
288.00000144	
288.00000144	
288.00000144	
288.00000144	
288.00000144	
288.00000144	
288.00000144	
288.00000144	
288.00000144	
288.00000144	
288.00000144	
288.00000143	
288.00000143	
288.00000143	
288.00000143	
288.00000143	
288.00000143	
288.00000143	
288.00000143	
288.00000143	
288.00000143	
288.00000143	
288.00000143	
288.00000143	
288.00000143	
288.00000143	
288.00000143	
288.00000143	
288.00000143	
288.00000142	
288.00000142	
288.00000142	
288.00000142	
288.00000142	
288.00000142	
288.00000142	
288.00000142	
288.00000142	
288.00000142	
288.00000142	
288.00000142	
288.00000142	
288.00000142	
288.00000142	
288.00000142	
288.00000142	
288.00000141	
288.00000141	
288.00000141	
288.00000141	
288.00000141	
288.00000141	
288.00000141	
288.00000141	
288.00000141	
288.00000141	
288.00000141	
288.00000141	
288.00000141	
288.00000141	
288.00000141	
288.00000141	
288.00000141	
288.00000141	
288.00000140	
288.00000140	
288.00000140	
288.00000140	
288.00000140	
288.00000140	
288.00000140	
288.00000140	
288.00000140	
288.00000140	
288.00000140	
288.00000140	
288.00000140	
288.00000140	
288.00000140	
288.00000140	
288.00000140	
288.00000140	
288.00000139	
288.00000139	
288.00000139	
288.00000139	
288.00000139	
288.00000139	
288.00000139	
288.00000139	
288.00000139	
288.00000139	
288.00000139	
288.00000139	
288.00000139	
288.00000139	
288.00000139	
288.00000139	
288.00000139	
288.00000139	
288.00000138	
288.00000138	
288.00000138	
288.00000138	
288.00000138	
288.00000138	
288.00000138	
288.00000138	
288.00000138	
288.00000138	
288.00000138	
288.00000138	
288.00000138	
288.00000138	
288.00000138	
288.00000138	
288.00000138	
288.00000138	
288.00000137	
288.00000137	
288.00000137	
288.00000137	
288.00000137	
288.00000137	
288.00000137	
288.00000137	
288.00000137	
288.00000137	
288.00000137	
288.00000137	
288.00000137	
288.00000137	
288.00000137	
288.00000137	
288.00000137	
288.00000137	
288.00000136	
288.00000136	
288.00000136	
288.00000136	
288.00000136	
288.00000136	
288.00000136	
288.00000136	
288.00000136	
288.00000136	
288.00000136	
288.00000136	
288.00000136	
288.00000136	
288.00000136	
288.00000136	
288.00000136	
288.00000136	
288.00000136	
288.00000135	
288.00000135	
288.00000135	
288.00000135	
288.00000135	
288.00000135	
288.00000135	
288.00000135	
288.00000135	
288.00000135	
288.00000135	
288.00000135	
288.00000135	
288.00000135	
288.00000135	
288.00000135	
288.00000135	
288.00000135	
288.00000134	
288.00000134	
288.00000134	
288.00000134	
288.00000134	
288.00000134	
288.00000134	
288.00000134	
288.00000134	
288.00000134	
288.00000134	
288.00000134	
288.00000134	
288.00000134	
288.00000134	
288.00000134	
288.00000134	
288.00000134	
288.00000134	
288.00000133	
288.00000133	
288.00000133	
288.00000133	
288.00000133	
288.00000133	
288.00000133	
288.00000133	
288.00000133	
288.00000133	
288.00000133	
288.00000133	
288.00000133	
288.00000133	
288.00000133	
288.00000133	
288.00000133	
288.00000133	
288.00000133	
288.00000132	
288.00000132	
288.00000132	
288.00000132	
288.00000132	
288.00000132	
288.00000132	
288.00000132	
288.00000132	
288.00000132	
288.00000132	
288.00000132	
288.00000132	
288.00000132	
288.00000132	
288.00000132	
288.00000132	
288.00000132	
288.00000132	
288.00000131	
288.00000131	
288.00000131	
288.00000131	
288.00000131	
288.00000131	
288.00000131	
288.00000131	
288.00000131	
288.00000131	
288.00000131	
288.00000131	
288.00000131	
288.00000131	
288.00000131	
288.00000131	
288.00000131	
288.00000131	
288.00000131	
288.00000130	
288.00000130	
288.00000130	
288.00000130	
288.00000130	
288.00000130	
288.00000130	
288.00000130	
288.00000130	
288.00000130	
288.00000130	
288.00000130	
288.00000130	
288.00000130	
288.00000130	
288.00000130	
288.00000130	
288.00000130	
288.00000130	
288.00000129	
288.00000129	
288.00000129	
288.00000129	
288.00000129	
288.00000129	
288.00000129	
288.00000129	
288.00000129	
288.00000129	
288.00000129	
288.00000129	
288.00000129	
288.00000129	
288.00000129	
288.00000129	
288.00000129	
288.00000129	
288.00000129	
288.00000128	
288.00000128	
288.00000128	
288.00000128	
288.00000128	
288.00000128	
288.00000128	
288.00000128	
288.00000128	
288.00000128	
288.00000128	
288.00000128	
288.00000128	
288.00000128	
288.00000128	
288.00000128	
288.00000128	
288.00000128	
288.00000128	
288.00000128	
288.00000127	
288.00000127	
288.00000127	
288.00000127	
288.00000127	
288.00000127	
288.00000127	
288.00000127	
288.00000127	
288.00000127	
288.00000127	
288.00000127	
288.00000127	
288.00000127	
288.00000127	
288.00000127	
288.00000127	
288.00000127	
288.00000127	
288.00000126	
288.00000126	
288.00000126	
288.00000126	
288.00000126	
288.00000126	
288.00000126	
288.00000126	
288.00000126	
288.00000126	
288.00000126	
288.00000126	
288.00000126	
288.00000126	
288.00000126	
288.00000126	
288.00000126	
288.00000126	
288.00000126	
288.00000126	
288.00000125	
288.00000125	
288.00000125	
288.00000125	
288.00000125	
288.00000125	
288.00000125	
288.00000125	
288.00000125	
288.00000125	
288.00000125	
288.00000125	
288.00000125	
288.00000125	
288.00000125	
288.00000125	
288.00000125	
288.00000125	
288.00000125	
288.00000125	
288.00000124	
288.00000124	
288.00000124	
288.00000124	
288.00000124	
288.00000124	
288.00000124	
288.00000124	
288.00000124	
288.00000124	
288.00000124	
288.00000124	
288.00000124	
288.00000124	
288.00000124	
288.00000124	
288.00000124	
288.00000124	
288.00000124	
288.00000124	
288.00000123	
288.00000123	
288.00000123	
288.00000123	
288.00000123	
288.00000123	
288.00000123	
288.00000123	
288.00000123	
288.00000123	
288.00000123	
288.00000123	
288.00000123	
288.00000123	
288.00000123	
288.00000123	
288.00000123	
288.00000123	
288.00000123	
288.00000123	
288.00000123	
288.00000122	
288.00000122	
288.00000122	
288.00000122	
288.00000122	
288.00000122	
288.00000122	
288.00000122	
288.00000122	
288.00000122	
288.00000122	
288.00000122	
288.00000122	
288.00000122	
288.00000122	
288.00000122	
288.00000122	
288.00000122	
288.00000122	
288.00000122	
288.00000121	
288.00000121	
288.00000121	
288.00000121	
288.00000121	
288.00000121	
288.00000121	
288.00000121	
288.00000121	
288.00000121	
288.00000121	
288.00000121	
288.00000121	
288.00000121	
288.00000121	
288.00000121	
288.00000121	
288.00000121	
288.00000121	
288.00000121	
288.00000121	
288.00000120	
288.00000120	
288.00000120	
288.00000120	
288.00000120	
288.00000120	
288.00000120	
288.00000120	
288.00000120	
288.00000120	
288.00000120	
288.00000120	
288.00000120	
288.00000120	
288.00000120	
288.00000120	
288.00000120	
288.00000120	
288.00000120	
288.00000120	
288.00000120	
288.00000119	
288.00000119	
288.00000119	
288.00000119	
288.00000119	
288.00000119	
288.00000119	
288.00000119	
288.00000119	
288.00000119	
288.00000119	
288.00000119	
288.00000119	
288.00000119	
288.00000119	
288.00000119	
288.00000119	
288.00000119	
288.00000119	
288.00000119	
288.00000119	
288.00000118	
288.00000118	
288.00000118	
288.00000118	
288.00000118	
288.00000118	
288.00000118	
288.00000118	
288.00000118	
288.00000118	
288.00000118	
288.00000118	
288.00000118	
288.00000118	
288.00000118	
288.00000118	
288.00000118	
288.00000118	
288.00000118	
288.00000118	
288.00000118	
288.00000117	
288.00000117	
288.00000117	
288.00000117	
288.00000117	
288.00000117	
288.00000117	
288.00000117	
288.00000117	
288.00000117	
288.00000117	
288.00000117	
288.00000117	
288.00000117	
288.00000117	
288.00000117	
288.00000117	
288.00000117	
288.00000117	
288.00000117	
288.00000117	
288.00000116	
288.00000116	
288.00000116	
288.00000116	
288.00000116	
288.00000116	
288.00000116	
288.00000116	
288.00000116	
288.00000116	
288.00000116	
288.00000116	
288.00000116	
288.00000116	
288.00000116	
288.00000116	
288.00000116	
288.00000116	
288.00000116	
288.00000116	
288.00000116	
288.00000116	
288.00000115	
288.00000115	
288.00000115	
288.00000115	
288.00000115	
288.00000115	
288.00000115	
288.00000115	
288.00000115	
288.00000115	
288.00000115	
288.00000115	
288.00000115	
288.00000115	
288.00000115	
288.00000115	
288.00000115	
288.00000115	
288.00000115	
288.00000115	
288.00000115	
288.00000115	
288.00000114	
288.00000114	
288.00000114	
288.00000114	
288.00000114	
288.00000114	
288.00000114	
288.00000114	
288.00000114	
288.00000114	
288.00000114	
288.00000114	
288.00000114	
288.00000114	
288.00000114	
288.00000114	
288.00000114	
288.00000114	
288.00000114	
288.00000114	
288.00000114	
288.00000113	
288.00000113	
288.00000113	
288.00000113	
288.00000113	
288.00000113	
288.00000113	
288.00000113	
288.00000113	
288.00000113	
288.00000113	
288.00000113	
288.00000113	
288.00000113	
288.00000113	
288.00000113	
288.00000113	
288.00000113	
288.00000113	
288.00000113	
288.00000113	
288.00000113	
288.00000113	
288.00000112	
288.00000112	
288.00000112	
288.00000112	
288.00000112	
288.00000112	
288.00000112	
288.00000112	
288.00000112	
288.00000112	
288.00000112	
288.00000112	
288.00000112	
288.00000112	
288.00000112	
288.00000112	
288.00000112	
288.00000112	
288.00000112	
288.00000112	
288.00000112	
288.00000112	
288.00000111	
288.00000111	
288.00000111	
288.00000111	
288.00000111	
288.00000111	
288.00000111	
288.00000111	
288.00000111	
288.00000111	
288.00000111	
288.00000111	
288.00000111	
288.00000111	
288.00000111	
288.00000111	
288.00000111	
288.00000111	
288.00000111	
288.00000111	
288.00000111	
288.00000111	
288.00000110	
288.00000110	
288.00000110	
288.00000110	
288.00000110	
288.00000110	
288.00000110	
288.00000110	
288.00000110	
288.00000110	
288.00000110	
288.00000110	
288.00000110	
288.00000110	
288.00000110	
288.00000110	
288.00000110	
288.00000110	
288.00000110	
288.00000110	
288.00000110	
288.00000110	
288.00000110	
288.00000109	
288.00000109	
288.00000109	
288.00000109	
288.00000109	
288.00000109	
288.00000109	
288.00000109	
288.00000109	
288.00000109	
288.00000109	
288.00000109	
288.00000109	
288.00000109	
288.00000109	
288.00000109	
288.00000109	
288.00000109	
288.00000109	
288.00000109	
288.00000109	
288.00000109	
288.00000109	
288.00000108	
288.00000108	
288.00000108	
288.00000108	
288.00000108	
288.00000108	
288.00000108	
288.00000108	
288.00000108	
288.00000108	
288.00000108	
288.00000108	
288.00000108	
288.00000108	
288.00000108	
288.00000108	
288.00000108	
288.00000108	
288.00000108	
288.00000108	
288.00000108	
288.00000108	
288.00000108	
288.00000107	
288.00000107	
288.00000107	
288.00000107	
288.00000107	
288.00000107	
288.00000107	
288.00000107	
288.00000107	
288.00000107	
288.00000107	
288.00000107	
288.00000107	
288.00000107	
288.00000107	
288.00000107	
288.00000107	
288.00000107	
288.00000107	
288.00000107	
288.00000107	
288.00000107	
288.00000107	
288.00000107	
288.00000106	
288.00000106	
288.00000106	
288.00000106	
288.00000106	
288.00000106	
288.00000106	
288.00000106	
288.00000106	
288.00000106	
288.00000106	
288.00000106	
288.00000106	
288.00000106	
288.00000106	
288.00000106	
288.00000106	
288.00000106	
288.00000106	
288.00000106	
288.00000106	
288.00000106	
288.00000106	
288.00000105	
288.00000105	
288.00000105	
288.00000105	
288.00000105	
288.00000105	
288.00000105	
288.00000105	
288.00000105	
288.00000105	
288.00000105	
288.00000105	
288.00000105	
288.00000105	
288.00000105	
288.00000105	
288.00000105	
288.00000105	
288.00000105	
288.00000105	
288.00000105	
288.00000105	
288.00000105	
288.00000105	
288.00000104	
288.00000104	
288.00000104	
288.00000104	
288.00000104	
288.00000104	
288.00000104	
288.00000104	
288.00000104	
288.00000104	
288.00000104	
288.00000104	
288.00000104	
288.00000104	
288.00000104	
288.00000104	
288.00000104	
288.00000104	
288.00000104	
288.00000104	
288.00000104	
288.00000104	
288.00000104	
288.00000104	
288.00000103	
288.00000103	
288.00000103	
288.00000103	
288.00000103	
288.00000103	
288.00000103	
288.00000103	
288.00000103	
288.00000103	
288.00000103	
288.00000103	
288.00000103	
288.00000103	
288.00000103	
288.00000103	
288.00000103	
288.00000103	
288.00000103	
288.00000103	
288.00000103	
288.00000103	
288.00000103	
288.00000103	
288.00000102	
288.00000102	
288.00000102	
288.00000102	
288.00000102	
288.00000102	
288.00000102	
288.00000102	
288.00000102	
288.00000102	
288.00000102	
288.00000102	
288.00000102	
288.00000102	
288.00000102	
288.00000102	
288.00000102	
288.00000102	
288.00000102	
288.00000102	
288.00000102	
288.00000102	
288.00000102	
288.00000102	
288.00000102	
288.00000101	
288.00000101	
288.00000101	
288.00000101	
288.00000101	
288.00000101	
288.00000101	
288.00000101	
288.00000101	
288.00000101	
288.00000101	
288.00000101	
288.00000101	
288.00000101	
288.00000101	
288.00000101	
288.00000101	
288.00000101	
288.00000101	
288.00000101	
288.00000101	
288.00000101	
288.00000101	
288.00000101	
288.00000101	
288.00000100	
288.00000100	
288.00000100	
288.00000100	
288.00000100	
288.00000100	
288.00000100	
288.00000100	
288.00000100	
288.00000100	
288.00000100	
288.00000100	
288.00000100	
288.00000100	
288.00000100	
288.00000100	
288.00000100	
288.00000100	
288.00000100	
288.00000100	
288.00000100	
288.00000100	
288.00000100	
288.00000100	
288.00000100	
288.00000099	
288.00000099	
288.00000099	
288.00000099	
288.00000099	
288.00000099	
288.00000099	
288.00000099	
288.00000099	
288.00000099	
288.00000099	
288.00000099	
288.00000099	
288.00000099	
288.00000099	
288.00000099	
288.00000099	
288.00000099	
288.00000099	
288.00000099	
288.00000099	
288.00000099	
288.00000099	
288.00000099	
288.00000099	
288.00000098	
288.00000098	
288.00000098	
288.00000098	
288.00000098	
288.00000098	
288.00000098	
288.00000098	
288.00000098	
288.00000098	
288.00000098	
288.00000098	
288.00000098	
288.00000098	
288.00000098	
288.00000098	
288.00000098	
288.00000098	
288.00000098	
288.00000098	
288.00000098	
288.00000098	
288.00000098	
288.00000098	
288.00000098	
288.00000097	
288.00000097	
288.00000097	
288.00000097	
288.00000097	
288.00000097	
288.00000097	
288.00000097	
288.00000097	
288.00000097	
288.00000097	
288.00000097	
288.00000097	
288.00000097	
288.00000097	
288.00000097	
288.00000097	
288.00000097	
288.00000097	
288.00000097	
288.00000097	
288.00000097	
288.00000097	
288.00000097	
288.00000097	
288.00000097	
288.00000096	
288.00000096	
288.00000096	
288.00000096	
288.00000096	
288.00000096	
288.00000096	
288.00000096	
288.00000096	
288.00000096	
288.00000096	
288.00000096	
288.00000096	
288.00000096	
288.00000096	
288.00000096	
288.00000096	
288.00000096	
288.00000096	
288.00000096	
288.00000096	
288.00000096	
288.00000096	
288.00000096	
288.00000096	
288.00000096	
288.00000095	
288.00000095	
288.00000095	
288.00000095	
288.00000095	
288.00000095	
288.00000095	
288.00000095	
288.00000095	
288.00000095	
288.00000095	
288.00000095	
288.00000095	
288.00000095	
288.00000095	
288.00000095	
288.00000095	
288.00000095	
288.00000095	
288.00000095	
288.00000095	
288.00000095	
288.00000095	
288.00000095	
288.00000095	
288.00000095	
288.00000094	
288.00000094	
288.00000094	
288.00000094	
288.00000094	
288.00000094	
288.00000094	
288.00000094	
288.00000094	
288.00000094	
288.00000094	
288.00000094	
288.00000094	
288.00000094	
288.00000094	
288.00000094	
288.00000094	
288.00000094	
288.00000094	
288.00000094	
288.00000094	
288.00000094	
288.00000094	
288.00000094	
288.00000094	
288.00000094	
288.00000094	
288.00000093	
288.00000093	
288.00000093	
288.00000093	
288.00000093	
288.00000093	
288.00000093	
288.00000093	
288.00000093	
288.00000093	
288.00000093	
288.00000093	
288.00000093	
288.00000093	
288.00000093	
288.00000093	
288.00000093	
288.00000093	
288.00000093	
288.00000093	
288.00000093	
288.00000093	
288.00000093	
288.00000093	
288.00000093	
288.00000093	
288.00000093	
288.00000092	
288.00000092	
288.00000092	
288.00000092	
288.00000092	
288.00000092	
288.00000092	
288.00000092	
288.00000092	
288.00000092	
288.00000092	
288.00000092	
288.00000092	
288.00000092	
288.00000092	
288.00000092	
288.00000092	
288.00000092	
288.00000092	
288.00000092	
288.00000092	
288.00000092	
288.00000092	
288.00000092	
288.00000092	
288.00000092	
288.00000092	
288.00000091	
288.00000091	
288.00000091	
288.00000091	
288.00000091	
288.00000091	
288.00000091	
288.00000091	
288.00000091	
288.00000091	
288.00000091	
288.00000091	
288.00000091	
288.00000091	
288.00000091	
288.00000091	
288.00000091	
288.00000091	
288.00000091	
288.00000091	
288.00000091	
288.00000091	
288.00000091	
288.00000091	
288.00000091	
288.00000091	
288.00000091	
288.00000090	
288.00000090	
288.00000090	
288.00000090	
288.00000090	
288.00000090	
288.00000090	
288.00000090	
288.00000090	
288.00000090	
288.00000090	
288.00000090	
288.00000090	
288.00000090	
288.00000090	
288.00000090	
288.00000090	
288.00000090	
288.00000090	
288.00000090	
288.00000090	
288.00000090	
288.00000090	
288.00000090	
288.00000090	
288.00000090	
288.00000090	
288.00000090	
288.00000089	
288.00000089	
288.00000089	
288.00000089	
288.00000089	
288.00000089	
288.00000089	
288.00000089	
288.00000089	
288.00000089	
288.00000089	
288.00000089	
288.00000089	
288.00000089	
288.00000089	
288.00000089	
288.00000089	
288.00000089	
288.00000089	
288.00000089	
288.00000089	
288.00000089	
288.00000089	
288.00000089	
288.00000089	
288.00000089	
288.00000089	
288.00000089	
288.00000088	
288.00000088	
288.00000088	
288.00000088	
288.00000088	
288.00000088	
288.00000088	
288.00000088	
288.00000088	
288.00000088	
288.00000088	
288.00000088	
288.00000088	
288.00000088	
288.00000088	
288.00000088	
288.00000088	
288.00000088	
288.00000088	
288.00000088	
288.00000088	
288.00000088	
288.00000088	
288.00000088	
288.00000088	
288.00000088	
288.00000088	
288.00000088	
288.00000088	
288.00000087	
288.00000087	
288.00000087	
288.00000087	
288.00000087	
288.00000087	
288.00000087	
288.00000087	
288.00000087	
288.00000087	
288.00000087	
288.00000087	
288.00000087	
288.00000087	
288.00000087	
288.00000087	
288.00000087	
288.00000087	
288.00000087	
288.00000087	
288.00000087	
288.00000087	
288.00000087	
288.00000087	
288.00000087	
288.00000087	
288.00000087	
288.00000087	
288.00000086	
288.00000086	
288.00000086	
288.00000086	
288.00000086	
288.00000086	
288.00000086	
288.00000086	
288.00000086	
288.00000086	
288.00000086	
288.00000086	
288.00000086	
288.00000086	
288.00000086	
288.00000086	
288.00000086	
288.00000086	
288.00000086	
288.00000086	
288.00000086	
288.00000086	
288.00000086	
288.00000086	
288.00000086	
288.00000086	
288.00000086	
288.00000086	
288.00000086	
288.00000086	
288.00000085	
288.00000085	
288.00000085	
288.00000085	
288.00000085	
288.00000085	
288.00000085	
288.00000085	
288.00000085	
288.00000085	
288.00000085	
288.00000085	
288.00000085	
288.00000085	
288.00000085	
288.00000085	
288.00000085	
288.00000085	
288.00000085	
288.00000085	
288.00000085	
288.00000085	
288.00000085	
288.00000085	
288.00000085	
288.00000085	
288.00000085	
288.00000085	
288.00000085	
288.00000084	
288.00000084	
288.00000084	
288.00000084	
288.00000084	
288.00000084	
288.00000084	
288.00000084	
288.00000084	
288.00000084	
288.00000084	
288.00000084	
288.00000084	
288.00000084	
288.00000084	
288.00000084	
288.00000084	
288.00000084	
288.00000084	
288.00000084	
288.00000084	
288.00000084	
288.00000084	
288.00000084	
288.00000084	
288.00000084	
288.00000084	
288.00000084	
288.00000084	
288.00000084	
288.00000083	
288.00000083	
288.00000083	
288.00000083	
288.00000083	
288.00000083	
288.00000083	
288.00000083	
288.00000083	
288.00000083	
288.00000083	
288.00000083	
288.00000083	
288.00000083	
288.00000083	
288.00000083	
288.00000083	
288.00000083	
288.00000083	
288.00000083	
288.00000083	
288.00000083	
288.00000083	
288.00000083	
288.00000083	
288.00000083	
288.00000083	
288.00000083	
288.00000083	
288.00000083	
288.00000082	
288.00000082	
288.00000082	
288.00000082	
288.00000082	
288.00000082	
288.00000082	
288.00000082	
288.00000082	
288.00000082	
288.00000082	
288.00000082	
288.00000082	
288.00000082	
288.00000082	
288.00000082	
288.00000082	
288.00000082	
288.00000082	
288.00000082	
288.00000082	
288.00000082	
288.00000082	
288.00000082	
288.00000082	
288.00000082	
288.00000082	
288.00000082	
288.00000082	
288.00000082	
288.00000081	
288.00000081	
288.00000081	
288.00000081	
288.00000081	
288.00000081	
288.00000081	
288.00000081	
288.00000081	
288.00000081	
288.00000081	
288.00000081	
288.00000081	
288.00000081	
288.00000081	
288.00000081	
288.00000081	
288.00000081	
288.00000081	
288.00000081	
288.00000081	
288.00000081	
288.00000081	
288.00000081	
288.00000081	
288.00000081	
288.00000081	
288.00000081	
288.00000081	
288.00000081	
288.00000081	
288.00000080	
288.00000080	
288.00000080	
288.00000080	
288.00000080	
288.00000080	
288.00000080	
288.00000080	
288.00000080	
288.00000080	
288.00000080	
288.00000080	
288.00000080	
288.00000080	
288.00000080	
288.00000080	
288.00000080	
288.00000080	
288.00000080	
288.00000080	
288.00000080	
288.00000080	
288.00000080	
288.00000080	
288.00000080	
288.00000080	
288.00000080	
288.00000080	
288.00000080	
288.00000080	
288.00000080	
288.00000079	
288.00000079	
288.00000079	
288.00000079	
288.00000079	
288.00000079	
288.00000079	
288.00000079	
288.00000079	
288.00000079	
288.00000079	
288.00000079	
288.00000079	
288.00000079	
288.00000079	
288.00000079	
288.00000079	
288.00000079	
288.00000079	
288.00000079	
288.00000079	
288.00000079	
288.00000079	
288.00000079	
288.00000079	
288.00000079	
288.00000079	
288.00000079	
288.00000079	
288.00000079	
288.00000079	
288.00000079	
288.00000078	
288.00000078	
288.00000078	
288.00000078	
288.00000078	
288.00000078	
288.00000078	
288.00000078	
288.00000078	
288.00000078	
288.00000078	
288.00000078	
288.00000078	
288.00000078	
288.00000078	
288.00000078	
288.00000078	
288.00000078	
288.00000078	
288.00000078	
288.00000078	
288.00000078	
288.00000078	
288.00000078	
288.00000078	
288.00000078	
288.00000078	
288.00000078	
288.00000078	
288.00000078	
288.00000078	
288.00000078	
288.00000077	
288.00000077	
288.00000077	
288.00000077	
288.00000077	
288.00000077	
288.00000077	
288.00000077	
288.00000077	
288.00000077	
288.00000077	
288.00000077	
288.00000077	
288.00000077	
288.00000077	
288.00000077	
288.00000077	
288.00000077	
288.00000077	
288.00000077	
288.00000077	
288.00000077	
288.00000077	
288.00000077	
288.00000077	
288.00000077	
288.00000077	
288.00000077	
288.00000077	
288.00000077	
288.00000077	
288.00000077	
288.00000077	
288.00000076	
288.00000076	
288.00000076	
288.00000076	
288.00000076	
288.00000076	
288.00000076	
288.00000076	
288.00000076	
288.00000076	
288.00000076	
288.00000076	
288.00000076	
288.00000076	
288.00000076	
288.00000076	
288.00000076	
288.00000076	
288.00000076	
288.00000076	
288.00000076	
288.00000076	
288.00000076	
288.00000076	
288.00000076	
288.00000076	
288.00000076	
288.00000076	
288.00000076	
288.00000076	
288.00000076	
288.00000076	
288.00000075	
288.00000075	
288.00000075	
288.00000075	
288.00000075	
288.00000075	
288.00000075	
288.00000075	
288.00000075	
288.00000075	
288.00000075	
288.00000075	
288.00000075	
288.00000075	
288.00000075	
288.00000075	
288.00000075	
288.00000075	
288.00000075	
288.00000075	
288.00000075	
288.00000075	
288.00000075	
288.00000075	
288.00000075	
288.00000075	
288.00000075	
288.00000075	
288.00000075	
288.00000075	
288.00000075	
288.00000075	
288.00000075	
288.00000075	
288.00000074	
288.00000074	
288.00000074	
288.00000074	
288.00000074	
288.00000074	
288.00000074	
288.00000074	
288.00000074	
288.00000074	
288.00000074	
288.00000074	
288.00000074	
288.00000074	
288.00000074	
288.00000074	
288.00000074	
288.00000074	
288.00000074	
288.00000074	
288.00000074	
288.00000074	
288.00000074	
288.00000074	
288.00000074	
288.00000074	
288.00000074	
288.00000074	
288.00000074	
288.00000074	
288.00000074	
288.00000074	
288.00000074	
288.00000074	
288.00000073	
288.00000073	
288.00000073	
288.00000073	
288.00000073	
288.00000073	
288.00000073	
288.00000073	
288.00000073	
288.00000073	
288.00000073	
288.00000073	
288.00000073	
288.00000073	
288.00000073	
288.00000073	
288.00000073	
288.00000073	
288.00000073	
288.00000073	
288.00000073	
288.00000073	
288.00000073	
288.00000073	
288.00000073	
288.00000073	
288.00000073	
288.00000073	
288.00000073	
288.00000073	
288.00000073	
288.00000073	
288.00000073	
288.00000073	
288.00000072	
288.00000072	
288.00000072	
288.00000072	
288.00000072	
288.00000072	
288.00000072	
288.00000072	
288.00000072	
288.00000072	
288.00000072	
288.00000072	
288.00000072	
288.00000072	
288.00000072	
288.00000072	
288.00000072	
288.00000072	
288.00000072	
288.00000072	
288.00000072	
288.00000072	
288.00000072	
288.00000072	
288.00000072	
288.00000072	
288.00000072	
288.00000072	
288.00000072	
288.00000072	
288.00000072	
288.00000072	
288.00000072	
288.00000072	
288.00000071	
288.00000071	
288.00000071	
288.00000071	
288.00000071	
288.00000071	
288.00000071	
288.00000071	
288.00000071	
288.00000071	
288.00000071	
288.00000071	
288.00000071	
288.00000071	
288.00000071	
288.00000071	
288.00000071	
288.00000071	
288.00000071	
288.00000071	
288.00000071	
288.00000071	
288.00000071	
288.00000071	
288.00000071	
288.00000071	
288.00000071	
288.00000071	
288.00000071	
288.00000071	
288.00000071	
288.00000071	
288.00000071	
288.00000071	
288.00000071	
288.00000071	
288.00000070	
288.00000070	
288.00000070	
288.00000070	
288.00000070	
288.00000070	
288.00000070	
288.00000070	
288.00000070	
288.00000070	
288.00000070	
288.00000070	
288.00000070	
288.00000070	
288.00000070	
288.00000070	
288.00000070	
288.00000070	
288.00000070	
288.00000070	
288.00000070	
288.00000070	
288.00000070	
288.00000070	
288.00000070	
288.00000070	
288.00000070	
288.00000070	
288.00000070	
288.00000070	
288.00000070	
288.00000070	
288.00000070	
288.00000070	
288.00000070	
288.00000069	
288.00000069	
288.00000069	
288.00000069	
288.00000069	
288.00000069	
288.00000069	
288.00000069	
288.00000069	
288.00000069	
288.00000069	
288.00000069	
288.00000069	
288.00000069	
288.00000069	
288.00000069	
288.00000069	
288.00000069	
288.00000069	
288.00000069	
288.00000069	
288.00000069	
288.00000069	
288.00000069	
288.00000069	
288.00000069	
288.00000069	
288.00000069	
288.00000069	
288.00000069	
288.00000069	
288.00000069	
288.00000069	
288.00000069	
288.00000069	
288.00000069	
288.00000069	
288.00000068	
288.00000068	
288.00000068	
288.00000068	
288.00000068	
288.00000068	
288.00000068	
288.00000068	
288.00000068	
288.00000068	
288.00000068	
288.00000068	
288.00000068	
288.00000068	
288.00000068	
288.00000068	
288.00000068	
288.00000068	
288.00000068	
288.00000068	
288.00000068	
288.00000068	
288.00000068	
288.00000068	
288.00000068	
288.00000068	
288.00000068	
288.00000068	
288.00000068	
288.00000068	
288.00000068	
288.00000068	
288.00000068	
288.00000068	
288.00000068	
288.00000068	
288.00000067	
288.00000067	
288.00000067	
288.00000067	
288.00000067	
288.00000067	
288.00000067	
288.00000067	
288.00000067	
288.00000067	
288.00000067	
288.00000067	
288.00000067	
288.00000067	
288.00000067	
288.00000067	
288.00000067	
288.00000067	
288.00000067	
288.00000067	
288.00000067	
288.00000067	
288.00000067	
288.00000067	
288.00000067	
288.00000067	
288.00000067	
288.00000067	
288.00000067	
288.00000067	
288.00000067	
288.00000067	
288.00000067	
288.00000067	
288.00000067	
288.00000067	
288.00000067	
288.00000067	
288.00000066	
288.00000066	
288.00000066	
288.00000066	
288.00000066	
288.00000066	
288.00000066	
288.00000066	
288.00000066	
288.00000066	
288.00000066	
288.00000066	
288.00000066	
288.00000066	
288.00000066	
288.00000066	
288.00000066	
288.00000066	
288.00000066	
288.00000066	
288.00000066	
288.00000066	
288.00000066	
288.00000066	
288.00000066	
288.00000066	
288.00000066	
288.00000066	
288.00000066	
288.00000066	
288.00000066	
288.00000066	
288.00000066	
288.00000066	
288.00000066	
288.00000066	
288.00000066	
288.00000066	
288.00000065	
288.00000065	
288.00000065	
288.00000065	
288.00000065	
288.00000065	
288.00000065	
288.00000065	
288.00000065	
288.00000065	
288.00000065	
288.00000065	
288.00000065	
288.00000065	
288.00000065	
288.00000065	
288.00000065	
288.00000065	
288.00000065	
288.00000065	
288.00000065	
288.00000065	
288.00000065	
288.00000065	
288.00000065	
288.00000065	
288.00000065	
288.00000065	
288.00000065	
288.00000065	
288.00000065	
288.00000065	
288.00000065	
288.00000065	
288.00000065	
288.00000065	
288.00000065	
288.00000065	
288.00000064	
288.00000064	
288.00000064	
288.00000064	
288.00000064	
288.00000064	
288.00000064	
288.00000064	
288.00000064	
288.00000064	
288.00000064	
288.00000064	
288.00000064	
288.00000064	
288.00000064	
288.00000064	
288.00000064	
288.00000064	
288.00000064	
288.00000064	
288.00000064	
288.00000064	
288.00000064	
288.00000064	
288.00000064	
288.00000064	
288.00000064	
288.00000064	
288.00000064	
288.00000064	
288.00000064	
288.00000064	
288.00000064	
288.00000064	
288.00000064	
288.00000064	
288.00000064	
288.00000064	
288.00000064	
288.00000063	
288.00000063	
288.00000063	
288.00000063	
288.00000063	
288.00000063	
288.00000063	
288.00000063	
288.00000063	
288.00000063	
288.00000063	
288.00000063	
288.00000063	
288.00000063	
288.00000063	
288.00000063	
288.00000063	
288.00000063	
288.00000063	
288.00000063	
288.00000063	
288.00000063	
288.00000063	
288.00000063	
288.00000063	
288.00000063	
288.00000063	
288.00000063	
288.00000063	
288.00000063	
288.00000063	
288.00000063	
288.00000063	
288.00000063	
288.00000063	
288.00000063	
288.00000063	
288.00000063	
288.00000063	
288.00000063	
288.00000062	
288.00000062	
288.00000062	
288.00000062	
288.00000062	
288.00000062	
288.00000062	
288.00000062	
288.00000062	
288.00000062	
288.00000062	
288.00000062	
288.00000062	
288.00000062	
288.00000062	
288.00000062	
288.00000062	
288.00000062	
288.00000062	
288.00000062	
288.00000062	
288.00000062	
288.00000062	
288.00000062	
288.00000062	
288.00000062	
288.00000062	
288.00000062	
288.00000062	
288.00000062	
288.00000062	
288.00000062	
288.00000062	
288.00000062	
288.00000062	
288.00000062	
288.00000062	
288.00000062	
288.00000062	
288.00000062	
288.00000061	
288.00000061	
288.00000061	
288.00000061	
288.00000061	
288.00000061	
288.00000061	
288.00000061	
288.00000061	
288.00000061	
288.00000061	
288.00000061	
288.00000061	
288.00000061	
288.00000061	
288.00000061	
288.00000061	
288.00000061	
288.00000061	
288.00000061	
288.00000061	
288.00000061	
288.00000061	
288.00000061	
288.00000061	
288.00000061	
288.00000061	
288.00000061	
288.00000061	
288.00000061	
288.00000061	
288.00000061	
288.00000061	
288.00000061	
288.00000061	
288.00000061	
288.00000061	
288.00000061	
288.00000061	
288.00000061	
288.00000061	
288.00000060	
288.00000060	
288.00000060	
288.00000060	
288.00000060	
288.00000060	
288.00000060	
288.00000060	
288.00000060	
288.00000060	
288.00000060	
288.00000060	
288.00000060	
288.00000060	
288.00000060	
288.00000060	
288.00000060	
288.00000060	
288.00000060	
288.00000060	
288.00000060	
288.00000060	
288.00000060	
288.00000060	
288.00000060	
288.00000060	
288.00000060	
288.00000060	
288.00000060	
288.00000060	
288.00000060	
288.00000060	
288.00000060	
288.00000060	
288.00000060	
288.00000060	
288.00000060	
288.00000060	
288.00000060	
288.00000060	
288.00000060	
288.00000060	
288.00000059	
288.00000059	
288.00000059	
288.00000059	
288.00000059	
288.00000059	
288.00000059	
288.00000059	
288.00000059	
288.00000059	
288.00000059	
288.00000059	
288.00000059	
288.00000059	
288.00000059	
288.00000059	
288.00000059	
288.00000059	
288.00000059	
288.00000059	
288.00000059	
288.00000059	
288.00000059	
288.00000059	
288.00000059	
288.00000059	
288.00000059	
288.00000059	
288.00000059	
288.00000059	
288.00000059	
288.00000059	
288.00000059	
288.00000059	
288.00000059	
288.00000059	
288.00000059	
288.00000059	
288.00000059	
288.00000059	
288.00000059	
288.00000059	
288.00000058	
288.00000058	
288.00000058	
288.00000058	
288.00000058	
288.00000058	
288.00000058	
288.00000058	
288.00000058	
288.00000058	
288.00000058	
288.00000058	
288.00000058	
288.00000058	
288.00000058	
288.00000058	
288.00000058	
288.00000058	
288.00000058	
288.00000058	
288.00000058	
288.00000058	
288.00000058	
288.00000058	
288.00000058	
288.00000058	
288.00000058	
288.00000058	
288.00000058	
288.00000058	
288.00000058	
288.00000058	
288.00000058	
288.00000058	
288.00000058	
288.00000058	
288.00000058	
288.00000058	
288.00000058	
288.00000058	
288.00000058	
288.00000058	
288.00000058	
288.00000057	
288.00000057	
288.00000057	
288.00000057	
288.00000057	
288.00000057	
288.00000057	
288.00000057	
288.00000057	
288.00000057	
288.00000057	
288.00000057	
288.00000057	
288.00000057	
288.00000057	
288.00000057	
288.00000057	
288.00000057	
288.00000057	
288.00000057	
288.00000057	
288.00000057	
288.00000057	
288.00000057	
288.00000057	
288.00000057	
288.00000057	
288.00000057	
288.00000057	
288.00000057	
288.00000057	
288.00000057	
288.00000057	
288.00000057	
288.00000057	
288.00000057	
288.00000057	
288.00000057	
288.00000057	
288.00000057	
288.00000057	
288.00000057	
288.00000057	
288.00000057	
288.00000056	
288.00000056	
288.00000056	
288.00000056	
288.00000056	
288.00000056	
288.00000056	
288.00000056	
288.00000056	
288.00000056	
288.00000056	
288.00000056	
288.00000056	
288.00000056	
288.00000056	
288.00000056	
288.00000056	
288.00000056	
288.00000056	
288.00000056	
288.00000056	
288.00000056	
288.00000056	
288.00000056	
288.00000056	
288.00000056	
288.00000056	
288.00000056	
288.00000056	
288.00000056	
288.00000056	
288.00000056	
288.00000056	
288.00000056	
288.00000056	
288.00000056	
288.00000056	
288.00000056	
288.00000056	
288.00000056	
288.00000056	
288.00000056	
288.00000056	
288.00000056	
288.00000056	
288.00000055	
288.00000055	
288.00000055	
288.00000055	
288.00000055	
288.00000055	
288.00000055	
288.00000055	
288.00000055	
288.00000055	
288.00000055	
288.00000055	
288.00000055	
288.00000055	
288.00000055	
288.00000055	
288.00000055	
288.00000055	
288.00000055	
288.00000055	
288.00000055	
288.00000055	
288.00000055	
288.00000055	
288.00000055	
288.00000055	
288.00000055	
288.00000055	
288.00000055	
288.00000055	
288.00000055	
288.00000055	
288.00000055	
288.00000055	
288.00000055	
288.00000055	
288.00000055	
288.00000055	
288.00000055	
288.00000055	
288.00000055	
288.00000055	
288.00000055	
288.00000055	
288.00000055	
288.00000054	
288.00000054	
288.00000054	
288.00000054	
288.00000054	
288.00000054	
288.00000054	
288.00000054	
288.00000054	
288.00000054	
288.00000054	
288.00000054	
288.00000054	
288.00000054	
288.00000054	
288.00000054	
288.00000054	
288.00000054	
288.00000054	
288.00000054	
288.00000054	
288.00000054	
288.00000054	
288.00000054	
288.00000054	
288.00000054	
288.00000054	
288.00000054	
288.00000054	
288.00000054	
288.00000054	
288.00000054	
288.00000054	
288.00000054	
288.00000054	
288.00000054	
288.00000054	
288.00000054	
288.00000054	
288.00000054	
288.00000054	
288.00000054	
288.00000054	
288.00000054	
288.00000054	
288.00000054	
288.00000053	
288.00000053	
288.00000053	
288.00000053	
288.00000053	
288.00000053	
288.00000053	
288.00000053	
288.00000053	
288.00000053	
288.00000053	
288.00000053	
288.00000053	
288.00000053	
288.00000053	
288.00000053	
288.00000053	
288.00000053	
288.00000053	
288.00000053	
288.00000053	
288.00000053	
288.00000053	
288.00000053	
288.00000053	
288.00000053	
288.00000053	
288.00000053	
288.00000053	
288.00000053	
288.00000053	
288.00000053	
288.00000053	
288.00000053	
288.00000053	
288.00000053	
288.00000053	
288.00000053	
288.00000053	
288.00000053	
288.00000053	
288.00000053	
288.00000053	
288.00000053	
288.00000053	
288.00000053	
288.00000053	
288.00000053	
288.00000052	
288.00000052	
288.00000052	
288.00000052	
288.00000052	
288.00000052	
288.00000052	
288.00000052	
288.00000052	
288.00000052	
288.00000052	
288.00000052	
288.00000052	
288.00000052	
288.00000052	
288.00000052	
288.00000052	
288.00000052	
288.00000052	
288.00000052	
288.00000052	
288.00000052	
288.00000052	
288.00000052	
288.00000052	
288.00000052	
288.00000052	
288.00000052	
288.00000052	
288.00000052	
288.00000052	
288.00000052	
288.00000052	
288.00000052	
288.00000052	
288.00000052	
288.00000052	
288.00000052	
288.00000052	
288.00000052	
288.00000052	
288.00000052	
288.00000052	
288.00000052	
288.00000052	
288.00000052	
288.00000052	
288.00000052	
288.00000051	
288.00000051	
288.00000051	
288.00000051	
288.00000051	
288.00000051	
288.00000051	
288.00000051	
288.00000051	
288.00000051	
288.00000051	
288.00000051	
288.00000051	
288.00000051	
288.00000051	
288.00000051	
288.00000051	
288.00000051	
288.00000051	
288.00000051	
288.00000051	
288.00000051	
288.00000051	
288.00000051	
288.00000051	
288.00000051	
288.00000051	
288.00000051	
288.00000051	
288.00000051	
288.00000051	
288.00000051	
288.00000051	
288.00000051	
288.00000051	
288.00000051	
288.00000051	
288.00000051	
288.00000051	
288.00000051	
288.00000051	
288.00000051	
288.00000051	
288.00000051	
288.00000051	
288.00000051	
288.00000051	
288.00000051	
288.00000051	
288.00000050	
288.00000050	
288.00000050	
288.00000050	
288.00000050	
288.00000050	
288.00000050	
288.00000050	
288.00000050	
288.00000050	
288.00000050	
288.00000050	
288.00000050	
288.00000050	
288.00000050	
288.00000050	
288.00000050	
288.00000050	
288.00000050	
288.00000050	
288.00000050	
288.00000050	
288.00000050	
288.00000050	
288.00000050	
288.00000050	
288.00000050	
288.00000050	
288.00000050	
288.00000050	
288.00000050	
288.00000050	
288.00000050	
288.00000050	
288.00000050	
288.00000050	
288.00000050	
288.00000050	
288.00000050	
288.00000050	
288.00000050	
288.00000050	
288.00000050	
288.00000050	
288.00000050	
288.00000050	
288.00000050	
288.00000050	
288.00000050	
288.00000050	
288.00000049	
288.00000049	
288.00000049	
288.00000049	
288.00000049	
288.00000049	
288.00000049	
288.00000049	
288.00000049	
288.00000049	
288.00000049	
288.00000049	
288.00000049	
288.00000049	
288.00000049	
288.00000049	
288.00000049	
288.00000049	
288.00000049	
288.00000049	
288.00000049	
288.00000049	
288.00000049	
288.00000049	
288.00000049	
288.00000049	
288.00000049	
288.00000049	
288.00000049	
288.00000049	
288.00000049	
288.00000049	
288.00000049	
288.00000049	
288.00000049	
288.00000049	
288.00000049	
288.00000049	
288.00000049	
288.00000049	
288.00000049	
288.00000049	
288.00000049	
288.00000049	
288.00000049	
288.00000049	
288.00000049	
288.00000049	
288.00000049	
288.00000049	
288.00000049	
288.00000048	
288.00000048	
288.00000048	
288.00000048	
288.00000048	
288.00000048	
288.00000048	
288.00000048	
288.00000048	
288.00000048	
288.00000048	
288.00000048	
288.00000048	
288.00000048	
288.00000048	
288.00000048	
288.00000048	
288.00000048	
288.00000048	
288.00000048	
288.00000048	
288.00000048	
288.00000048	
288.00000048	
288.00000048	
288.00000048	
288.00000048	
288.00000048	
288.00000048	
288.00000048	
288.00000048	
288.00000048	
288.00000048	
288.00000048	
288.00000048	
288.00000048	
288.00000048	
288.00000048	
288.00000048	
288.00000048	
288.00000048	
288.00000048	
288.00000048	
288.00000048	
288.00000048	
288.00000048	
288.00000048	
288.00000048	
288.00000048	
288.00000048	
288.00000048	
288.00000048	
288.00000047	
288.00000047	
288.00000047	
288.00000047	
288.00000047	
288.00000047	
288.00000047	
288.00000047	
288.00000047	
288.00000047	
288.00000047	
288.00000047	
288.00000047	
288.00000047	
288.00000047	
288.00000047	
288.00000047	
288.00000047	
288.00000047	
288.00000047	
288.00000047	
288.00000047	
288.00000047	
288.00000047	
288.00000047	
288.00000047	
288.00000047	
288.00000047	
288.00000047	
288.00000047	
288.00000047	
288.00000047	
288.00000047	
288.00000047	
288.00000047	
288.00000047	
288.00000047	
288.00000047	
288.00000047	
288.00000047	
288.00000047	
288.00000047	
288.00000047	
288.00000047	
288.00000047	
288.00000047	
288.00000047	
288.00000047	
288.00000047	
288.00000047	
288.00000047	
288.00000047	
288.00000047	
288.00000046	
288.00000046	
288.00000046	
288.00000046	
288.00000046	
288.00000046	
288.00000046	
288.00000046	
288.00000046	
288.00000046	
288.00000046	
288.00000046	
288.00000046	
288.00000046	
288.00000046	
288.00000046	
288.00000046	
288.00000046	
288.00000046	
288.00000046	
288.00000046	
288.00000046	
288.00000046	
288.00000046	
288.00000046	
288.00000046	
288.00000046	
288.00000046	
288.00000046	
288.00000046	
288.00000046	
288.00000046	
288.00000046	
288.00000046	
288.00000046	
288.00000046	
288.00000046	
288.00000046	
288.00000046	
288.00000046	
288.00000046	
288.00000046	
288.00000046	
288.00000046	
288.00000046	
288.00000046	
288.00000046	
288.00000046	
288.00000046	
288.00000046	
288.00000046	
288.00000046	
288.00000046	
288.00000046	
288.00000045	
288.00000045	
288.00000045	
288.00000045	
288.00000045	
288.00000045	
288.00000045	
288.00000045	
288.00000045	
288.00000045	
288.00000045	
288.00000045	
288.00000045	
288.00000045	
288.00000045	
288.00000045	
288.00000045	
288.00000045	
288.00000045	
288.00000045	
288.00000045	
288.00000045	
288.00000045	
288.00000045	
288.00000045	
288.00000045	
288.00000045	
288.00000045	
288.00000045	
288.00000045	
288.00000045	
288.00000045	
288.00000045	
288.00000045	
288.00000045	
288.00000045	
288.00000045	
288.00000045	
288.00000045	
288.00000045	
288.00000045	
288.00000045	
288.00000045	
288.00000045	
288.00000045	
288.00000045	
288.00000045	
288.00000045	
288.00000045	
288.00000045	
288.00000045	
288.00000045	
288.00000045	
288.00000045	
288.00000045	
288.00000045	
288.00000044	
288.00000044	
288.00000044	
288.00000044	
288.00000044	
288.00000044	
288.00000044	
288.00000044	
288.00000044	
288.00000044	
288.00000044	
288.00000044	
288.00000044	
288.00000044	
288.00000044	
288.00000044	
288.00000044	
288.00000044	
288.00000044	
288.00000044	
288.00000044	
288.00000044	
288.00000044	
288.00000044	
288.00000044	
288.00000044	
288.00000044	
288.00000044	
288.00000044	
288.00000044	
288.00000044	
288.00000044	
288.00000044	
288.00000044	
288.00000044	
288.00000044	
288.00000044	
288.00000044	
288.00000044	
288.00000044	
288.00000044	
288.00000044	
288.00000044	
288.00000044	
288.00000044	
288.00000044	
288.00000044	
288.00000044	
288.00000044	
288.00000044	
288.00000044	
288.00000044	
288.00000044	
288.00000044	
288.00000044	
288.00000044	
288.00000044	
288.00000043	
288.00000043	
288.00000043	
288.00000043	
288.00000043	
288.00000043	
288.00000043	
288.00000043	
288.00000043	
288.00000043	
288.00000043	
288.00000043	
288.00000043	
288.00000043	
288.00000043	
288.00000043	
288.00000043	
288.00000043	
288.00000043	
288.00000043	
288.00000043	
288.00000043	
288.00000043	
288.00000043	
288.00000043	
288.00000043	
288.00000043	
288.00000043	
288.00000043	
288.00000043	
288.00000043	
288.00000043	
288.00000043	
288.00000043	
288.00000043	
288.00000043	
288.00000043	
288.00000043	
288.00000043	
288.00000043	
288.00000043	
288.00000043	
288.00000043	
288.00000043	
288.00000043	
288.00000043	
288.00000043	
288.00000043	
288.00000043	
288.00000043	
288.00000043	
288.00000043	
288.00000043	
288.00000043	
288.00000043	
288.00000043	
288.00000043	
288.00000043	
288.00000042	
288.00000042	
288.00000042	
288.00000042	
288.00000042	
288.00000042	
288.00000042	
288.00000042	
288.00000042	
288.00000042	
288.00000042	
288.00000042	
288.00000042	
288.00000042	
288.00000042	
288.00000042	
288.00000042	
288.00000042	
288.00000042	
288.00000042	
288.00000042	
288.00000042	
288.00000042	
288.00000042	
288.00000042	
288.00000042	
288.00000042	
288.00000042	
288.00000042	
288.00000042	
288.00000042	
288.00000042	
288.00000042	
288.00000042	
288.00000042	
288.00000042	
288.00000042	
288.00000042	
288.00000042	
288.00000042	
288.00000042	
288.00000042	
288.00000042	
288.00000042	
288.00000042	
288.00000042	
288.00000042	
288.00000042	
288.00000042	
288.00000042	
288.00000042	
288.00000042	
288.00000042	
288.00000042	
288.00000042	
288.00000042	
288.00000042	
288.00000042	
288.00000042	
288.00000041	
288.00000041	
288.00000041	
288.00000041	
288.00000041	
288.00000041	
288.00000041	
288.00000041	
288.00000041	
288.00000041	
288.00000041	
288.00000041	
288.00000041	
288.00000041	
288.00000041	
288.00000041	
288.00000041	
288.00000041	
288.00000041	
288.00000041	
288.00000041	
288.00000041	
288.00000041	
288.00000041	
288.00000041	
288.00000041	
288.00000041	
288.00000041	
288.00000041	
288.00000041	
288.00000041	
288.00000041	
288.00000041	
288.00000041	
288.00000041	
288.00000041	
288.00000041	
288.00000041	
288.00000041	
288.00000041	
288.00000041	
288.00000041	
288.00000041	
288.00000041	
288.00000041	
288.00000041	
288.00000041	
288.00000041	
288.00000041	
288.00000041	
288.00000041	
288.00000041	
288.00000041	
288.00000041	
288.00000041	
288.00000041	
288.00000041	
288.00000041	
288.00000041	
288.00000041	
288.00000041	
288.00000040	
288.00000040	
288.00000040	
288.00000040	
288.00000040	
288.00000040	
288.00000040	
288.00000040	
288.00000040	
288.00000040	
288.00000040	
288.00000040	
288.00000040	
288.00000040	
288.00000040	
288.00000040	
288.00000040	
288.00000040	
288.00000040	
288.00000040	
288.00000040	
288.00000040	
288.00000040	
288.00000040	
288.00000040	
288.00000040	
288.00000040	
288.00000040	
288.00000040	
288.00000040	
288.00000040	
288.00000040	
288.00000040	
288.00000040	
288.00000040	
288.00000040	
288.00000040	
288.00000040	
288.00000040	
288.00000040	
288.00000040	
288.00000040	
288.00000040	
288.00000040	
288.00000040	
288.00000040	
288.00000040	
288.00000040	
288.00000040	
288.00000040	
288.00000040	
288.00000040	
288.00000040	
288.00000040	
288.00000040	
288.00000040	
288.00000040	
288.00000040	
288.00000040	
288.00000040	
288.00000040	
288.00000040	
288.00000040	
288.00000039	
288.00000039	
288.00000039	
288.00000039	
288.00000039	
288.00000039	
288.00000039	
288.00000039	
288.00000039	
288.00000039	
288.00000039	
288.00000039	
