325.01416412	
325.01400467	
325.01390157	
325.01378076	
325.01359410	
325.01363946	
325.01397084	
325.01404996	
325.01365656	
325.01358531	
325.01396679	
325.01441170	
325.01464117	
325.01442500	
325.01418547	
325.01388053	
325.01417532	
325.01407868	
325.01376398	
325.01340161	
325.01328652	
325.01319383	
325.01290715	
325.01290218	
325.01235903	
325.01258914	
325.01267002	
325.01300247	
325.01316613	
325.01343562	
325.01326005	
325.01279486	
325.01280010	
325.01239431	
325.01232105	
325.01179034	
325.01193762	
325.01213270	
325.01159157	
325.01160331	
325.01138808	
325.01136395	
325.01126797	
325.01091945	
325.01130004	
325.01121030	
325.01120758	
325.01144055	
325.01113181	
325.01142261	
325.01170114	
325.01131790	
325.01158146	
325.01179511	
325.01219229	
325.01224470	
325.01242804	
325.01278514	
325.01251181	
325.01223646	
325.01187548	
325.01196320	
325.01158233	
325.01110462	
325.01086134	
325.01035058	
325.01069518	
325.01093209	
325.01104886	
325.01103811	
325.01087985	
325.01103074	
325.01142818	
325.01123001	
325.01094295	
325.01119306	
325.01116792	
325.01169496	
325.01173542	
325.01158745	
325.01133144	
325.01122283	
325.01087054	
325.01060960	
325.01079691	
325.01105216	
325.01150519	
325.01111460	
325.01126751	
325.01133071	
325.01071885	
325.01085926	
325.01052806	
325.00991665	
325.00992070	
325.01010506	
325.01027258	
325.01008620	
325.01047268	
325.01038181	
325.00974456	
325.01005642	
325.01046283	
325.01038211	
325.01072911	
325.01066405	
325.01079499	
325.01075058	
325.01029755	
325.01017729	
325.01030819	
325.01027501	
325.01039487	
325.01018626	
325.00965412	
325.00957599	
325.00967008	
325.01026870	
325.00985460	
325.00979240	
325.00955935	
325.00913055	
325.00880761	
325.00883573	
325.00946414	
325.00906583	
325.00874365	
325.00835522	
325.00843298	
325.00844742	
325.00847553	
325.00893114	
325.00909898	
325.00885905	
325.00871444	
325.00849996	
325.00795963	
325.00771246	
325.00726021	
325.00687700	
325.00700872	
325.00713927	
325.00714922	
325.00749198	
325.00780809	
325.00749807	
325.00713397	
325.00737407	
325.00739192	
325.00701538	
325.00710033	
325.00764054	
325.00793830	
325.00784282	
325.00774024	
325.00829681	
325.00813320	
325.00794253	
325.00797300	
325.00777429	
325.00800499	
325.00765798	
325.00700305	
325.00688865	
325.00731827	
325.00756949	
325.00723271	
325.00747110	
325.00759033	
325.00781980	
325.00807943	
325.00838369	
325.00877781	
325.00845279	
325.00862234	
325.00880686	
325.00870402	
325.00836068	
325.00833969	
325.00813252	
325.00750944	
325.00787158	
325.00825015	
325.00782793	
325.00760012	
325.00746303	
325.00750937	
325.00797126	
325.00772433	
325.00766682	
325.00782030	
325.00820031	
325.00796700	
325.00773897	
325.00822643	
325.00779141	
325.00810393	
325.00880747	
325.00844213	
325.00837963	
325.00825469	
325.00846771	
325.00887606	
325.00891511	
325.00868522	
325.00838676	
325.00878783	
325.00885490	
325.00895828	
325.00899465	
325.00932322	
325.00981931	
325.01004002	
325.00978149	
325.01002721	
325.01003781	
325.00948871	
325.00984642	
325.00970731	
325.00925603	
325.00917202	
325.00954038	
325.00952713	
325.00987986	
325.00973236	
325.00926633	
325.00959098	
325.01005535	
325.01000258	
325.00952559	
325.00962248	
325.00963622	
325.00972695	
325.01000511	
325.01004948	
325.01035427	
325.01024301	
325.00964521	
325.00971908	
325.00953993	
325.00902971	
325.00856439	
325.00842640	
325.00827518	
325.00783587	
325.00819435	
325.00792210	
325.00770056	
325.00748914	
325.00691615	
325.00712319	
325.00681818	
325.00693129	
325.00672865	
325.00652255	
325.00689428	
325.00716568	
325.00756413	
325.00770038	
325.00732221	
325.00717551	
325.00724395	
325.00744096	
325.00784470	
325.00759367	
325.00771685	
325.00769768	
325.00780674	
325.00769839	
325.00773780	
325.00798393	
325.00800318	
325.00861571	
325.00899246	
325.00938755	
325.00963211	
325.01007299	
325.01034386	
325.01046619	
325.01021737	
325.01016660	
325.01036682	
325.01007372	
325.01043220	
325.01089616	
325.01089664	
325.01079217	
325.01081216	
325.01105549	
325.01087103	
325.01106312	
325.01148260	
325.01135599	
325.01120486	
325.01145225	
325.01165632	
325.01165080	
325.01199101	
325.01164159	
325.01190095	
325.01219311	
325.01169523	
325.01128301	
325.01115655	
325.01107514	
325.01074233	
325.01039137	
325.01041688	
325.01009074	
325.01026257	
325.01047949	
325.01001706	
325.00966115	
325.00979221	
325.00976595	
325.00969782	
325.01024868	
325.00995717	
325.00990440	
325.01014085	
325.00986623	
325.00983799	
325.00957672	
325.00974408	
325.01045543	
325.01052674	
325.01075234	
325.01039824	
325.01037807	
325.01077899	
325.01116031	
325.01142653	
325.01168988	
325.01156458	
325.01149901	
325.01178359	
325.01189360	
325.01226943	
325.01253609	
325.01249936	
325.01232259	
325.01255844	
325.01282935	
325.01244862	
325.01206209	
325.01229362	
325.01272816	
325.01282495	
325.01316600	
325.01288312	
325.01224361	
325.01237428	
325.01194454	
325.01193717	
325.01215027	
325.01254874	
325.01251098	
325.01212480	
325.01202461	
325.01200778	
325.01179085	
325.01136000	
325.01133271	
325.01131830	
325.01167185	
325.01153699	
325.01131426	
325.01178026	
325.01169053	
325.01159027	
325.01172703	
325.01181333	
325.01163231	
325.01126779	
325.01170393	
325.01220137	
325.01249490	
325.01272165	
325.01236252	
325.01255355	
325.01265971	
325.01275354	
325.01288850	
325.01281257	
325.01337585	
325.01380988	
325.01418911	
325.01376466	
325.01360158	
325.01407781	
325.01411103	
325.01395408	
325.01392423	
325.01400968	
325.01419642	
325.01462298	
325.01467377	
325.01493490	
325.01517796	
325.01492084	
325.01450441	
325.01432594	
325.01462611	
325.01481236	
325.01516770	
325.01482680	
325.01446092	
325.01500487	
325.01535283	
325.01582089	
325.01555330	
325.01553615	
325.01601731	
325.01613375	
325.01630764	
325.01591420	
325.01542057	
325.01553317	
325.01586105	
325.01586960	
325.01556673	
325.01582040	
325.01646981	
325.01666622	
325.01687971	
325.01729033	
325.01701006	
325.01679109	
325.01720335	
325.01748237	
325.01733481	
325.01740351	
325.01763923	
325.01731556	
325.01682286	
325.01642534	
325.01664555	
325.01705760	
325.01673203	
325.01673285	
325.01651777	
325.01640353	
325.01654892	
325.01656897	
325.01690672	
325.01660683	
325.01662805	
325.01687107	
325.01673010	
325.01633982	
325.01646063	
325.01659766	
325.01680776	
325.01673781	
325.01644897	
325.01689468	
325.01686322	
325.01643405	
325.01638307	
325.01653753	
325.01614368	
325.01569228	
325.01559663	
325.01517922	
325.01462906	
325.01446398	
325.01443213	
325.01454691	
325.01466368	
325.01485470	
325.01476396	
325.01448067	
325.01430718	
325.01420451	
325.01400943	
325.01417696	
325.01478916	
325.01451400	
325.01427144	
325.01453874	
325.01435398	
325.01393188	
325.01388544	
325.01405412	
325.01367120	
325.01331192	
325.01306607	
325.01284776	
325.01329316	
325.01297211	
325.01240055	
325.01211158	
325.01213392	
325.01224643	
325.01252390	
325.01269569	
325.01238156	
325.01214933	
325.01201952	
325.01237008	
325.01202623	
325.01141412	
325.01180957	
325.01181873	
325.01164534	
325.01138590	
325.01159827	
325.01203663	
325.01196115	
325.01210714	
325.01235954	
325.01276185	
325.01234477	
325.01209649	
325.01194230	
325.01134768	
325.01163299	
325.01171113	
325.01195644	
325.01227296	
325.01193168	
325.01156075	
325.01153518	
325.01167383	
325.01117325	
325.01094989	
325.01094961	
325.01134524	
325.01186439	
325.01218267	
325.01268905	
325.01238718	
325.01195032	
325.01194245	
325.01225421	
325.01205477	
325.01181730	
325.01239225	
325.01225375	
325.01215591	
325.01224899	
325.01242870	
325.01259968	
325.01249679	
325.01254395	
325.01238267	
325.01239905	
325.01223082	
325.01186691	
325.01174831	
325.01202662	
325.01255089	
325.01220302	
325.01210877	
325.01272894	
325.01285230	
325.01329420	
325.01374901	
325.01410122	
325.01423772	
325.01458752	
325.01524019	
325.01491149	
325.01471384	
325.01444443	
325.01462117	
325.01520851	
325.01488132	
325.01501425	
325.01482044	
325.01473274	
325.01532966	
325.01504783	
325.01472481	
325.01458065	
325.01428673	
325.01399611	
325.01362442	
325.01347844	
325.01357233	
325.01344886	
325.01318272	
325.01287270	
325.01311512	
325.01342472	
325.01339233	
325.01369213	
325.01396510	
325.01381888	
325.01421193	
325.01465079	
325.01435746	
325.01423241	
325.01403346	
325.01425610	
325.01411668	
325.01357594	
325.01346315	
325.01366790	
325.01414999	
325.01415295	
325.01419555	
325.01437725	
325.01402326	
325.01437935	
325.01420947	
325.01411256	
325.01467165	
325.01446740	
325.01486846	
325.01472462	
325.01468368	
325.01493993	
325.01476085	
325.01454526	
325.01473859	
325.01536832	
325.01564559	
325.01598050	
325.01649207	
325.01616937	
325.01594277	
325.01611341	
325.01588776	
325.01609385	
325.01589612	
325.01622106	
325.01641160	
325.01628586	
325.01647302	
325.01596428	
325.01617307	
325.01620321	
325.01562082	
325.01540768	
325.01572173	
325.01587178	
325.01558205	
325.01519281	
325.01534054	
325.01570586	
325.01554308	
325.01575004	
325.01604944	
325.01600139	
325.01583802	
325.01629230	
325.01635041	
325.01635219	
325.01685364	
325.01673542	
325.01695871	
325.01695976	
325.01642951	
325.01657250	
325.01707207	
325.01669547	
325.01690042	
325.01687752	
325.01672196	
325.01649545	
325.01581518	
325.01568805	
325.01557671	
325.01605363	
325.01568030	
325.01518664	
325.01511163	
325.01503532	
325.01495101	
325.01527711	
325.01577663	
325.01600481	
325.01574188	
325.01524538	
325.01534984	
325.01539514	
325.01498797	
325.01476751	
325.01446834	
325.01473755	
325.01479851	
325.01419509	
325.01398230	
325.01393737	
325.01438779	
325.01449777	
325.01416349	
325.01375908	
325.01358425	
325.01342569	
325.01367355	
325.01358774	
325.01302316	
325.01338797	
325.01355891	
325.01320076	
325.01344959	
325.01323013	
325.01302513	
325.01345516	
325.01304582	
325.01279166	
325.01304099	
325.01318091	
325.01325723	
325.01290260	
325.01285264	
325.01312079	
325.01333251	
325.01327171	
325.01331275	
325.01367032	
325.01343355	
325.01298464	
325.01331737	
325.01310101	
325.01263033	
325.01250622	
325.01225405	
325.01235292	
325.01218962	
325.01234103	
325.01251145	
325.01214399	
325.01235288	
325.01223432	
325.01202880	
325.01168818	
325.01138837	
325.01146878	
325.01137324	
325.01150576	
325.01131865	
325.01153141	
325.01121566	
325.01067484	
325.01092869	
325.01114534	
325.01111106	
325.01145734	
325.01182136	
325.01194621	
325.01203171	
325.01219324	
325.01239045	
325.01277730	
325.01325453	
325.01339537	
325.01377208	
325.01345172	
325.01345250	
325.01352119	
325.01317187	
325.01278877	
325.01212333	
325.01233631	
325.01278534	
325.01279355	
325.01229839	
325.01237941	
325.01282032	
325.01307524	
325.01299817	
325.01327095	
325.01351047	
325.01295182	
325.01312995	
325.01348815	
325.01362939	
325.01333866	
325.01332365	
325.01322523	
325.01339053	
325.01405653	
325.01399820	
325.01445902	
325.01432558	
325.01399663	
325.01427783	
325.01470347	
325.01495384	
325.01530698	
325.01549603	
325.01521879	
325.01538571	
325.01536044	
325.01554901	
325.01542704	
325.01491909	
325.01516416	
325.01557318	
325.01549320	
325.01545425	
325.01524672	
325.01494989	
325.01471135	
325.01433256	
325.01409451	
325.01409126	
325.01415876	
325.01459164	
325.01468153	
325.01408716	
325.01359594	
325.01312176	
325.01342016	
325.01318062	
325.01297981	
325.01311837	
325.01328515	
325.01356075	
325.01394774	
325.01437597	
325.01462509	
325.01436710	
325.01452714	
325.01473425	
325.01446380	
325.01502326	
325.01463753	
325.01469713	
325.01464924	
325.01446953	
325.01487470	
325.01532982	
325.01536961	
325.01509401	
325.01476179	
325.01429022	
325.01419094	
325.01391797	
325.01364379	
325.01329569	
325.01344325	
325.01310731	
325.01311427	
325.01362541	
325.01396222	
325.01379746	
325.01394686	
325.01446889	
325.01475989	
325.01472875	
325.01487426	
325.01531514	
325.01532391	
325.01566498	
325.01539152	
325.01526061	
325.01484891	
325.01447216	
325.01463814	
325.01433657	
325.01450671	
325.01508430	
325.01484448	
325.01465691	
325.01427632	
325.01456558	
325.01448396	
325.01431560	
325.01420261	
325.01419343	
325.01434157	
325.01416753	
325.01452801	
325.01458542	
325.01505939	
325.01512448	
325.01504262	
325.01497036	
325.01468042	
325.01429681	
325.01450323	
325.01503743	
325.01537948	
325.01527806	
325.01472508	
325.01505383	
325.01565288	
325.01566723	
325.01560392	
325.01518938	
325.01516661	
325.01498036	
325.01454997	
325.01487689	
325.01518363	
325.01552185	
325.01568124	
325.01533267	
325.01491233	
325.01534378	
325.01525342	
325.01458283	
325.01493734	
325.01474068	
325.01440400	
325.01429640	
325.01398519	
325.01357008	
325.01377572	
325.01409288	
325.01396305	
325.01403809	
325.01352419	
325.01316509	
325.01296847	
325.01299857	
325.01335864	
325.01386429	
325.01401732	
325.01432647	
325.01454187	
325.01488668	
325.01552252	
325.01567421	
325.01568816	
325.01597615	
325.01576217	
325.01588668	
325.01639724	
325.01615836	
325.01592337	
325.01621836	
325.01621667	
325.01637813	
325.01670956	
325.01683506	
325.01671293	
325.01608722	
325.01640568	
325.01662792	
325.01645072	
325.01647269	
325.01614666	
325.01595991	
325.01601679	
325.01605952	
325.01645175	
325.01691905	
325.01694566	
325.01675308	
325.01632096	
325.01655445	
325.01671679	
325.01633985	
325.01641777	
325.01683550	
325.01657724	
325.01676581	
325.01722525	
325.01670622	
325.01685620	
325.01703302	
325.01702934	
325.01689009	
325.01723619	
325.01718506	
325.01735818	
325.01712736	
325.01638345	
325.01644115	
325.01645543	
325.01662578	
325.01712373	
325.01691177	
325.01651721	
325.01656783	
325.01649765	
325.01682445	
325.01655881	
325.01680456	
325.01694812	
325.01689318	
325.01670595	
325.01654020	
325.01682653	
325.01715221	
325.01732998	
325.01737878	
325.01760126	
325.01707568	
325.01676235	
325.01722673	
325.01767996	
325.01777940	
325.01751208	
325.01753992	
325.01760335	
325.01728622	
325.01749824	
325.01738374	
325.01695957	
325.01710181	
325.01735922	
325.01764938	
325.01810037	
325.01784197	
325.01809490	
325.01853051	
325.01877528	
325.01859283	
325.01804174	
325.01804112	
325.01764484	
325.01727090	
325.01697643	
325.01701240	
325.01674380	
325.01623608	
325.01592059	
325.01593120	
325.01611086	
325.01641755	
325.01681121	
325.01676254	
325.01645964	
325.01622314	
325.01654801	
325.01645422	
325.01607876	
325.01642994	
325.01691402	
325.01724003	
325.01706509	
325.01668097	
325.01677328	
325.01641978	
325.01665186	
325.01697947	
325.01676294	
325.01653209	
325.01654682	
325.01669775	
325.01698900	
325.01739015	
325.01772299	
325.01800798	
325.01780233	
325.01788403	
325.01777652	
325.01805180	
325.01871480	
325.01916138	
325.01917268	
325.01901470	
325.01890876	
325.01881473	
325.01848897	
325.01837501	
325.01895904	
325.01870093	
325.01858551	
325.01833724	
325.01829630	
325.01844503	
325.01813933	
325.01799453	
325.01821011	
325.01866681	
325.01906186	
325.01906855	
325.01931249	
325.01975562	
325.01963304	
325.01953444	
325.01947810	
325.01925727	
325.01949243	
325.01969953	
325.01923669	
325.01959116	
325.02022357	
325.02030171	
325.02036846	
325.02088795	
325.02088348	
325.02093760	
325.02062200	
325.02057118	
325.02065177	
325.02029589	
325.02034359	
325.02007012	
325.02007614	
325.01969873	
325.01919448	
325.01869527	
325.01894708	
325.01925768	
325.01868654	
325.01859830	
325.01881542	
325.01876393	
325.01844763	
325.01870909	
325.01857638	
325.01848876	
325.01853627	
325.01855475	
325.01839288	
325.01811194	
325.01868888	
325.01890263	
325.01870304	
325.01819806	
325.01830099	
325.01846693	
325.01854276	
325.01874581	
325.01862869	
325.01870360	
325.01829140	
325.01808232	
325.01786730	
325.01732447	
325.01704784	
325.01735302	
325.01793001	
325.01838029	
325.01889608	
325.01870846	
325.01822575	
325.01857569	
325.01910956	
325.01933475	
325.01973666	
325.02010955	
325.01999936	
325.02008211	
325.01976723	
325.01912705	
325.01946304	
325.02001767	
325.02046381	
325.02069901	
325.02105942	
325.02151609	
325.02138576	
325.02125871	
325.02126071	
325.02086869	
325.02112906	
325.02108850	
325.02120969	
325.02102497	
325.02050128	
325.02035995	
325.02033777	
325.02065246	
325.02049126	
325.02055575	
325.02067107	
325.02026835	
325.01968212	
325.01939100	
325.01891643	
325.01865155	
325.01904260	
325.01945458	
325.01953657	
325.01964356	
325.01934195	
325.01943653	
325.01986522	
325.02016259	
325.02025102	
325.02037319	
325.02066756	
325.02018813	
325.02000626	
325.01967238	
325.01969541	
325.01978036	
325.01938784	
325.01974681	
325.01995798	
325.02040566	
325.02097413	
325.02113613	
325.02128725	
325.02139728	
325.02140409	
325.02183478	
325.02216784	
325.02192040	
325.02235203	
325.02287159	
325.02304610	
325.02292887	
325.02244017	
325.02258731	
325.02229373	
325.02248420	
325.02276885	
325.02237569	
325.02269730	
325.02295643	
325.02254768	
325.02214657	
325.02180500	
325.02127021	
325.02107491	
325.02144554	
325.02147115	
325.02125769	
325.02104271	
325.02049156	
325.02075491	
325.02090445	
325.02085802	
325.02100679	
325.02139755	
325.02193127	
325.02230435	
325.02192088	
325.02146166	
325.02177658	
325.02156469	
325.02138953	
325.02109270	
325.02117998	
325.02174431	
325.02149145	
325.02135777	
325.02158637	
325.02122746	
325.02113286	
325.02135500	
325.02113770	
325.02119110	
325.02125410	
325.02075802	
325.02024283	
325.02009266	
325.02035075	
325.02021039	
325.01992360	
325.02040385	
325.02054688	
325.02019863	
325.02012553	
325.02033358	
325.02042643	
325.02016796	
325.02039423	
325.02082610	
325.02063446	
325.02090430	
325.02132737	
325.02110732	
325.02144724	
325.02181758	
325.02201136	
325.02202209	
325.02217359	
325.02254018	
325.02248825	
325.02208620	
325.02213253	
325.02267674	
325.02259618	
325.02277191	
325.02289087	
325.02291893	
325.02314785	
325.02280992	
325.02294253	
325.02272827	
325.02229461	
325.02231047	
325.02227625	
325.02280800	
325.02264665	
325.02208877	
325.02189624	
325.02154210	
325.02155229	
325.02139796	
325.02106263	
325.02096303	
325.02065322	
325.02083033	
325.02099995	
325.02100838	
325.02105955	
325.02082412	
325.02090061	
325.02069687	
325.02052476	
325.02076380	
325.02047450	
325.02003607	
325.02024939	
325.02057490	
325.02018860	
325.02002641	
325.02050284	
325.02040218	
325.02004525	
325.02010746	
325.02006604	
325.01972044	
325.01943389	
325.01964275	
325.01987048	
325.01994735	
325.01950178	
325.01902228	
325.01910236	
325.01941883	
325.01921312	
325.01870913	
325.01873393	
325.01862508	
325.01894680	
325.01940162	
325.01907118	
325.01944379	
325.01995985	
325.02016113	
325.02007078	
325.01978698	
325.02005743	
325.02040573	
325.02024298	
325.02009139	
325.02052821	
325.02071680	
325.02077190	
325.02098506	
325.02145232	
325.02122333	
325.02055752	
325.02042320	
325.02057976	
325.02058399	
325.02024969	
325.01989653	
325.02025945	
325.02061899	
325.02013585	
325.02027868	
325.02087328	
325.02130534	
325.02149438	
325.02110354	
325.02118847	
325.02125835	
325.02159619	
325.02187209	
325.02135747	
325.02138882	
325.02107177	
325.02115218	
325.02113359	
325.02073643	
325.02094814	
325.02108910	
325.02080402	
325.02073100	
325.02106632	
325.02096855	
325.02112499	
325.02108140	
325.02065998	
325.02017076	
325.01989787	
325.02000066	
325.02030055	
325.02003596	
325.02008879	
325.02076790	
325.02071565	
325.02115251	
325.02122310	
325.02133099	
325.02189847	
325.02151238	
325.02095678	
325.02077220	
325.02042979	
325.02049400	
325.02024612	
325.01981286	
325.02005665	
325.02016571	
325.01985342	
325.02000911	
325.02056619	
325.02049127	
325.02012810	
325.01964654	
325.01928581	
325.01926634	
325.01959885	
325.01970235	
325.01941650	
325.01941677	
325.01979143	
325.02024383	
325.02078207	
325.02104743	
325.02092143	
325.02069681	
325.02024338	
325.01974756	
325.01920627	
325.01891474	
325.01884851	
325.01884028	
325.01872741	
325.01856171	
325.01905672	
325.01942579	
325.01910435	
325.01936342	
325.01929582	
325.01939350	
325.01999431	
325.01997475	
325.02034477	
325.02065584	
325.02092530	
325.02097593	
325.02062109	
325.02051731	
325.02075428	
325.02124487	
325.02133586	
325.02098430	
325.02079432	
325.02094824	
325.02119663	
325.02109284	
325.02151000	
325.02194488	
325.02180975	
325.02162801	
325.02119611	
325.02111367	
325.02131425	
325.02167642	
325.02146680	
325.02109407	
325.02142509	
325.02171997	
325.02173391	
325.02197924	
325.02215878	
325.02207251	
325.02191820	
325.02185248	
325.02190644	
325.02150152	
325.02163233	
325.02162005	
325.02150069	
325.02172728	
325.02147444	
325.02167732	
325.02155646	
325.02168675	
325.02233538	
325.02236927	
325.02238120	
325.02272660	
325.02243598	
325.02209265	
325.02257083	
325.02264721	
325.02294767	
325.02323918	
325.02338396	
325.02359851	
325.02356114	
325.02371062	
325.02413213	
325.02411904	
325.02440455	
325.02497528	
325.02541225	
325.02585102	
325.02589659	
325.02618855	
325.02652669	
325.02687340	
325.02699077	
325.02721706	
325.02733085	
325.02745716	
325.02755118	
325.02706976	
325.02733492	
325.02785655	
325.02783202	
325.02779582	
325.02781795	
325.02823119	
325.02827175	
325.02773032	
325.02722282	
325.02686522	
325.02647962	
325.02641037	
325.02614820	
325.02600737	
325.02613267	
325.02555173	
325.02562282	
325.02620267	
325.02598584	
325.02572816	
325.02558763	
325.02516654	
325.02467565	
325.02425364	
325.02443710	
325.02470561	
325.02469221	
325.02442811	
325.02481195	
325.02501296	
325.02507931	
325.02560435	
325.02584018	
325.02595137	
325.02590806	
325.02542757	
325.02508937	
325.02519557	
325.02565628	
325.02601964	
325.02580700	
325.02598858	
325.02610925	
325.02594270	
325.02549913	
325.02536755	
325.02561665	
325.02587678	
325.02601174	
325.02597935	
325.02633877	
325.02683590	
325.02732279	
325.02705332	
325.02678454	
325.02690781	
325.02669752	
325.02645654	
325.02648620	
325.02665325	
325.02648805	
325.02685966	
325.02712251	
325.02660669	
325.02628708	
325.02643458	
325.02638274	
325.02668072	
325.02645337	
325.02651672	
325.02651788	
325.02575405	
325.02563526	
325.02581989	
325.02605399	
325.02616736	
325.02590492	
325.02574703	
325.02615038	
325.02601038	
325.02635594	
325.02667263	
325.02621475	
325.02620681	
325.02653811	
325.02645287	
325.02653136	
325.02664225	
325.02678028	
325.02710982	
325.02734339	
325.02707685	
325.02691532	
325.02667359	
325.02604573	
325.02590711	
325.02628643	
325.02662503	
325.02642079	
325.02635214	
325.02629241	
325.02584598	
325.02583637	
325.02607032	
325.02619258	
325.02666213	
325.02678878	
325.02669396	
325.02674575	
325.02703026	
325.02751178	
325.02800461	
325.02788934	
325.02791724	
325.02760242	
325.02763496	
325.02764774	
325.02764333	
325.02837299	
325.02860437	
325.02908670	
325.02958223	
325.02968845	
325.02970063	
325.03013312	
325.03010489	
325.02973881	
325.02980826	
325.02953324	
325.02965012	
325.02959210	
325.02925423	
325.02942278	
325.02955731	
325.02925252	
325.02872496	
325.02909246	
325.02905550	
325.02877990	
325.02842303	
325.02873017	
325.02914735	
325.02887622	
325.02912981	
325.02881323	
325.02869239	
325.02876795	
325.02861417	
325.02849944	
325.02821810	
325.02866880	
325.02904872	
325.02864030	
325.02839870	
325.02828509	
325.02865235	
325.02884496	
325.02831359	
325.02837151	
325.02826350	
325.02816501	
325.02840925	
325.02878639	
325.02904834	
325.02881206	
325.02851683	
325.02879171	
325.02845836	
325.02834535	
325.02890457	
325.02919117	
325.02921080	
325.02929433	
325.02956781	
325.02971529	
325.03009707	
325.03054338	
325.03103950	
325.03059925	
325.03068624	
325.03094082	
325.03045756	
325.03034125	
325.03068476	
325.03075663	
325.03032017	
325.03021516	
325.03049379	
325.03091504	
325.03125222	
325.03082457	
325.03015641	
325.03015760	
325.03050025	
325.03083805	
325.03113500	
325.03151390	
325.03156057	
325.03132925	
325.03134647	
325.03155199	
325.03198864	
325.03218376	
325.03215727	
325.03221357	
325.03202950	
325.03239966	
325.03213356	
325.03173918	
325.03227983	
325.03194245	
325.03176159	
325.03226671	
325.03240273	
325.03228849	
325.03223801	
325.03189600	
325.03139261	
325.03158699	
325.03212966	
325.03267021	
325.03254341	
325.03229128	
325.03199871	
325.03210983	
325.03215321	
325.03163513	
325.03179278	
325.03228582	
325.03224919	
325.03182271	
325.03143136	
325.03143288	
325.03175844	
325.03216184	
325.03196488	
325.03191346	
325.03221550	
325.03177169	
325.03164799	
325.03205410	
325.03233128	
325.03264039	
325.03294146	
325.03336506	
325.03320458	
325.03274803	
325.03312399	
325.03304321	
325.03317891	
325.03282677	
325.03287868	
325.03309066	
325.03279126	
325.03249849	
325.03184248	
325.03216377	
325.03275431	
325.03244475	
325.03234282	
325.03204436	
325.03213307	
325.03242199	
325.03256375	
325.03255015	
325.03185383	
325.03139207	
325.03099520	
325.03054750	
325.03031360	
325.03068251	
325.03091474	
325.03069951	
325.03071069	
325.03061166	
325.03076058	
325.03129026	
325.03123000	
325.03140708	
325.03195198	
325.03197867	
325.03149607	
325.03167610	
325.03136313	
325.03100161	
325.03083032	
325.03089122	
325.03144179	
325.03138198	
325.03099507	
325.03090348	
325.03068373	
325.03096127	
325.03090635	
325.03074573	
325.03122697	
325.03104685	
325.03077082	
325.03100017	
325.03087548	
325.03112181	
325.03176045	
325.03186783	
325.03198862	
325.03146417	
325.03091086	
325.03047953	
325.03065908	
325.03048051	
325.03005796	
325.03022782	
325.02981079	
325.02972311	
325.02938444	
325.02896479	
325.02933167	
325.02922475	
325.02957167	
325.02943887	
325.02957612	
325.02951533	
325.02956076	
325.03033785	
325.03041550	
325.03005028	
325.03010285	
325.03079787	
325.03033166	
325.03035826	
325.03054837	
325.03088938	
325.03151139	
325.03136227	
325.03110952	
325.03131168	
325.03145618	
325.03176426	
325.03227062	
325.03262619	
325.03311875	
325.03274893	
325.03263296	
325.03251410	
325.03279058	
325.03268795	
325.03279927	
325.03336385	
325.03329085	
325.03348428	
325.03383900	
325.03405286	
325.03354701	
325.03365747	
325.03416638	
325.03462676	
325.03463469	
325.03429037	
325.03388013	
325.03380700	
325.03376415	
325.03331243	
325.03336590	
325.03390049	
325.03407417	
325.03417741	
325.03382207	
325.03348908	
325.03329326	
325.03323808	
325.03343944	
325.03370803	
325.03421277	
325.03397980	
325.03380816	
325.03341796	
325.03331025	
325.03338281	
325.03365772	
325.03428050	
325.03413256	
325.03430210	
325.03460840	
325.03441576	
325.03427837	
325.03457556	
325.03483739	
325.03484206	
325.03478725	
325.03427936	
325.03448906	
325.03459015	
325.03459339	
325.03478133	
325.03509225	
325.03494209	
325.03497557	
325.03556257	
325.03574587	
325.03547295	
325.03566935	
325.03635246	
325.03619330	
325.03587094	
325.03603208	
325.03661911	
325.03624980	
325.03644789	
325.03674683	
325.03703608	
325.03740264	
325.03739558	
325.03737274	
325.03688610	
325.03719069	
325.03710021	
325.03710384	
325.03710022	
325.03653924	
325.03682370	
325.03736910	
325.03732247	
325.03756514	
325.03820897	
325.03838038	
325.03865848	
325.03877569	
325.03869097	
325.03885626	
325.03877843	
325.03841108	
325.03860710	
325.03830410	
325.03815906	
325.03804865	
325.03798153	
325.03787986	
325.03802723	
325.03780467	
325.03766674	
325.03816527	
325.03849208	
325.03884907	
325.03835019	
325.03828587	
325.03819912	
325.03799641	
325.03776490	
325.03796225	
325.03848288	
325.03803705	
325.03780815	
325.03821724	
325.03850040	
325.03822193	
325.03850453	
325.03915806	
325.03937692	
325.03921799	
325.03928512	
325.03960608	
325.03929611	
325.03905276	
325.03900979	
325.03936301	
325.03933017	
325.03929230	
325.03978316	
325.03945172	
325.03908975	
325.03938689	
325.03979682	
325.03996247	
325.04037462	
325.04094806	
325.04109854	
325.04147339	
325.04187872	
325.04155985	
325.04156203	
325.04155275	
325.04132344	
325.04156656	
325.04111795	
325.04057334	
325.04031900	
325.04059492	
325.04056899	
325.03995010	
325.03987270	
325.03974040	
325.03978339	
325.03994296	
325.03949425	
325.03894838	
325.03915166	
325.03913871	
325.03869403	
325.03877932	
325.03877733	
325.03891822	
325.03863454	
325.03799221	
325.03754863	
325.03750011	
325.03757204	
325.03716970	
325.03690622	
325.03732761	
325.03735187	
325.03695973	
325.03656936	
325.03676271	
325.03727263	
325.03682379	
325.03710069	
325.03709630	
325.03689819	
325.03677331	
325.03646595	
325.03637826	
325.03669383	
325.03726921	
325.03727814	
325.03747687	
325.03793535	
325.03823911	
325.03805762	
325.03810231	
325.03854687	
325.03827139	
325.03807498	
325.03844774	
325.03857483	
325.03879109	
325.03851597	
325.03799524	
325.03839642	
325.03880674	
325.03906146	
325.03947987	
325.03927558	
325.03878524	
325.03850440	
325.03887015	
325.03937237	
325.03980068	
325.03955629	
325.03923601	
325.03936857	
325.03959443	
325.03981206	
325.03950300	
325.03909477	
325.03910426	
325.03927349	
325.03941825	
325.03942119	
325.03947824	
325.03915435	
325.03902975	
325.03906896	
325.03908160	
325.03965560	
325.03970912	
325.03984702	
325.04024902	
325.04013816	
325.04002057	
325.04050628	
325.04083271	
325.04104988	
325.04138375	
325.04137504	
325.04090884	
325.04074522	
325.04112545	
325.04126051	
325.04123599	
325.04133654	
325.04154670	
325.04115417	
325.04060917	
325.04095161	
325.04149530	
325.04120042	
325.04134534	
325.04181818	
325.04187925	
325.04215562	
325.04205456	
325.04181325	
325.04141350	
325.04137741	
325.04132738	
325.04134470	
325.04139807	
325.04149131	
325.04175566	
325.04220507	
325.04277661	
325.04326654	
325.04370184	
325.04358763	
325.04369811	
325.04357457	
325.04376352	
325.04436311	
325.04389706	
325.04400783	
325.04453371	
325.04490859	
325.04464094	
325.04402451	
325.04364162	
325.04318764	
325.04337106	
325.04384580	
325.04407904	
325.04429143	
325.04395582	
325.04366315	
325.04392788	
325.04393456	
325.04348315	
325.04321465	
325.04285100	
325.04221682	
325.04226568	
325.04237488	
325.04237958	
325.04278738	
325.04293471	
325.04303297	
325.04296431	
325.04320447	
325.04356123	
325.04369566	
325.04348685	
325.04321781	
325.04341223	
325.04341491	
325.04349102	
325.04355345	
325.04368393	
325.04368920	
325.04369355	
325.04325289	
325.04305946	
325.04337637	
325.04353413	
325.04317648	
325.04330896	
325.04379641	
325.04355485	
325.04362961	
325.04404782	
325.04451401	
325.04423458	
325.04414012	
325.04399840	
325.04414452	
325.04472810	
325.04436639	
325.04404925	
325.04421741	
325.04401820	
325.04358993	
325.04339226	
325.04314629	
325.04349374	
325.04312263	
325.04301576	
325.04361676	
325.04391720	
325.04437272	
325.04471970	
325.04478341	
325.04472014	
325.04435441	
325.04390470	
325.04410389	
325.04382870	
325.04330966	
325.04294668	
325.04297565	
325.04281984	
325.04287810	
325.04279760	
325.04225885	
325.04247322	
325.04240846	
325.04195293	
325.04190063	
325.04183847	
325.04132111	
325.04174528	
325.04217659	
325.04174334	
325.04122463	
325.04118636	
325.04084304	
325.04026013	
325.04057123	
325.04040835	
325.04061871	
325.04101188	
325.04113728	
325.04149267	
325.04178309	
325.04168346	
325.04131863	
325.04160915	
325.04119851	
325.04063856	
325.04104799	
325.04143829	
325.04115752	
325.04117418	
325.04103417	
325.04093601	
325.04076660	
325.04061585	
325.04058770	
325.04037966	
325.04011711	
325.04028570	
325.04018137	
325.04009812	
325.04022521	
325.03995523	
325.04033298	
325.04077140	
325.04081931	
325.04033665	
325.04022295	
325.04001921	
325.03995493	
325.04021827	
325.03971515	
325.03974687	
325.04020173	
325.03995385	
325.04020728	
325.04081950	
325.04118006	
325.04100618	
325.04068406	
325.04102771	
325.04089738	
325.04107817	
325.04156411	
325.04131075	
325.04086660	
325.04036216	
325.03990037	
325.04010923	
325.04050260	
325.04027689	
325.04008436	
325.04048316	
325.04060544	
325.04002255	
325.04019177	
325.03999157	
325.03983920	
325.03973060	
325.03974283	
325.03999431	
325.03939353	
325.03894310	
325.03854186	
325.03853718	
325.03831747	
325.03773379	
325.03742122	
325.03739896	
325.03732137	
325.03755850	
325.03808507	
325.03846209	
325.03821958	
325.03789285	
325.03780461	
325.03787296	
325.03841108	
325.03842087	
325.03796761	
325.03763441	
325.03798550	
325.03847477	
325.03873556	
325.03875551	
325.03885640	
325.03901375	
325.03939894	
325.03954353	
325.03895313	
325.03844287	
325.03852633	
325.03901194	
325.03892445	
325.03922713	
325.03950749	
325.03941481	
325.03939177	
325.03913452	
325.03890307	
325.03931093	
325.03993805	
325.04021568	
325.03994879	
325.04001771	
325.04042842	
325.04062426	
325.04037019	
325.04057386	
325.04123723	
325.04104379	
325.04110689	
325.04079219	
325.04084962	
325.04134325	
325.04161498	
325.04197327	
325.04225787	
325.04220181	
325.04176222	
325.04174383	
325.04218590	
325.04208179	
325.04216526	
325.04268972	
325.04300541	
325.04316496	
325.04310527	
325.04271602	
325.04241905	
325.04284925	
325.04253103	
325.04264417	
325.04323630	
325.04338609	
325.04324217	
325.04339286	
325.04351968	
325.04369657	
325.04405729	
325.04359794	
325.04324892	
325.04287904	
325.04291967	
325.04275544	
325.04299637	
325.04336207	
325.04297626	
325.04278269	
325.04286223	
325.04275636	
325.04309398	
325.04317114	
325.04340390	
325.04394062	
325.04387545	
325.04354102	
325.04342162	
325.04343393	
325.04347294	
325.04345462	
325.04320544	
325.04363287	
325.04412046	
325.04419606	
325.04406846	
325.04445717	
325.04427760	
325.04438330	
325.04426830	
325.04407072	
325.04449669	
325.04422594	
325.04371892	
325.04405296	
325.04474317	
325.04502907	
325.04524119	
325.04560029	
325.04620592	
325.04624163	
325.04576912	
325.04520736	
325.04538963	
325.04539703	
325.04506223	
325.04513334	
325.04465657	
325.04493368	
325.04550224	
325.04512518	
325.04544601	
325.04577531	
325.04574178	
325.04570257	
325.04564335	
325.04545068	
325.04488204	
325.04454983	
325.04474773	
325.04516693	
325.04510442	
325.04549738	
325.04568758	
325.04532136	
325.04544998	
325.04544674	
325.04517718	
325.04504079	
325.04515141	
325.04503409	
325.04487529	
325.04485997	
325.04528674	
325.04567128	
325.04587208	
325.04586940	
325.04596434	
325.04634405	
325.04624035	
325.04654822	
325.04705102	
325.04709094	
325.04719427	
325.04762389	
325.04745635	
325.04761664	
325.04802640	
325.04780725	
325.04734490	
325.04703869	
325.04701085	
325.04694356	
325.04659240	
325.04632033	
325.04611386	
325.04640298	
325.04640790	
325.04571082	
325.04599131	
325.04574015	
325.04515461	
325.04554937	
325.04522710	
325.04496760	
325.04488327	
325.04453879	
325.04489648	
325.04514280	
325.04510222	
325.04528744	
325.04511032	
325.04450694	
325.04401163	
325.04394516	
325.04368602	
325.04324125	
325.04330583	
325.04339160	
325.04370029	
325.04409655	
325.04455106	
325.04452037	
325.04453155	
325.04479006	
325.04511708	
325.04486823	
325.04478270	
325.04446344	
325.04399044	
325.04420686	
325.04445122	
325.04441583	
325.04464206	
325.04500617	
325.04509034	
325.04528766	
325.04557790	
325.04561976	
325.04564649	
325.04621077	
325.04601782	
325.04635997	
325.04630891	
325.04625341	
325.04654220	
325.04612380	
325.04601329	
325.04583239	
325.04621644	
325.04631557	
325.04582571	
325.04612131	
325.04582418	
325.04540728	
325.04535553	
325.04551892	
325.04582344	
325.04606090	
325.04626758	
325.04578702	
325.04522979	
325.04556755	
325.04543563	
325.04555243	
325.04562358	
325.04565043	
325.04592703	
325.04597817	
325.04642922	
325.04600769	
325.04624255	
325.04609407	
325.04586884	
325.04563651	
325.04539032	
325.04591320	
325.04630459	
325.04678969	
325.04666089	
325.04628308	
325.04633374	
325.04596171	
325.04586076	
325.04572009	
325.04507519	
325.04514800	
325.04528963	
325.04532844	
325.04498912	
325.04450350	
325.04429597	
325.04443618	
325.04483791	
325.04475324	
325.04474181	
325.04434898	
325.04377821	
325.04402206	
325.04446105	
325.04487502	
325.04539108	
325.04537593	
325.04536596	
325.04580324	
325.04538796	
325.04561188	
325.04573467	
325.04563937	
325.04566147	
325.04581651	
325.04596089	
325.04562125	
325.04523339	
325.04504647	
325.04481037	
325.04491306	
325.04495180	
325.04474694	
325.04534156	
325.04507051	
325.04480132	
325.04436442	
325.04398478	
325.04386862	
325.04338550	
325.04365980	
325.04384686	
325.04364727	
325.04393708	
325.04355156	
325.04334293	
325.04368021	
325.04366761	
325.04388078	
325.04347147	
325.04361719	
325.04358187	
325.04321937	
325.04333153	
325.04350400	
325.04352265	
325.04370118	
325.04355003	
325.04331617	
325.04344445	
325.04364527	
325.04347113	
325.04312597	
325.04319673	
325.04345071	
325.04405828	
325.04378233	
325.04323183	
325.04305753	
325.04292661	
325.04262716	
325.04240768	
325.04191824	
325.04164572	
325.04122550	
325.04074936	
325.04057972	
325.04034378	
325.03985367	
325.03965824	
325.03954163	
325.03981356	
325.04000597	
325.04030218	
325.04065756	
325.04075865	
325.04059455	
325.04028282	
325.04026410	
325.04023678	
325.03992321	
325.03970528	
325.03973162	
325.03924883	
325.03934303	
325.03988953	
325.03974726	
325.03977904	
325.04010900	
325.03983790	
325.03988944	
325.03986344	
325.04011648	
325.04060069	
325.04038521	
325.03982029	
325.03966675	
325.03993194	
325.03998213	
325.04002621	
325.03993111	
325.04021868	
325.03989565	
325.04000176	
325.04023007	
325.04020436	
325.04078693	
325.04058212	
325.04052685	
325.04095437	
325.04113215	
325.04130713	
325.04152988	
325.04135545	
325.04137571	
325.04098355	
325.04039664	
325.04047522	
325.04074329	
325.04059611	
325.04091316	
325.04142808	
325.04175212	
325.04227253	
325.04197410	
325.04161085	
325.04158242	
325.04143415	
325.04138642	
325.04129569	
325.04135458	
325.04168198	
325.04152478	
325.04181262	
325.04180984	
325.04150146	
325.04183670	
325.04180687	
325.04186695	
325.04208911	
325.04198820	
325.04186779	
325.04160878	
325.04132056	
325.04107879	
325.04126590	
325.04180848	
325.04143643	
325.04092428	
325.04133090	
325.04116040	
325.04100785	
325.04141031	
325.04182592	
325.04219012	
325.04207983	
325.04184980	
325.04139294	
325.04103657	
325.04060466	
325.04037258	
325.04061554	
325.04088779	
325.04120219	
325.04094072	
325.04102684	
325.04103018	
325.04094173	
325.04152871	
325.04177242	
325.04162980	
325.04166549	
325.04155823	
325.04145074	
325.04175928	
325.04208236	
325.04207797	
325.04156800	
325.04120511	
325.04130002	
325.04110059	
325.04110186	
325.04080595	
325.04010806	
325.03999627	
325.03986599	
325.04016073	
325.04060336	
325.04032697	
325.04056530	
325.04109337	
325.04108704	
325.04143240	
325.04172137	
325.04147686	
325.04153161	
325.04148184	
325.04141734	
325.04190069	
325.04192774	
325.04231655	
325.04249100	
325.04265726	
325.04249971	
325.04246004	
325.04289956	
325.04256635	
325.04257657	
325.04307977	
325.04270759	
325.04229818	
325.04239388	
325.04239405	
325.04242874	
325.04235212	
325.04197738	
325.04169947	
325.04177780	
325.04216493	
325.04223196	
325.04227903	
325.04220965	
325.04172314	
325.04213550	
325.04263001	
325.04216991	
325.04201126	
325.04244729	
325.04291134	
325.04318907	
325.04307770	
325.04338735	
325.04396340	
325.04401766	
325.04429573	
325.04460406	
325.04488330	
325.04526771	
325.04513756	
325.04525487	
325.04502864	
325.04529933	
325.04532946	
325.04526828	
325.04533420	
325.04482059	
325.04457706	
325.04485547	
325.04526312	
325.04487143	
325.04436061	
325.04429443	
325.04449131	
325.04481819	
325.04527354	
325.04502311	
325.04446347	
325.04448845	
325.04437089	
325.04461214	
325.04457576	
325.04405934	
325.04371705	
325.04319184	
325.04351247	
325.04377182	
325.04386047	
325.04406532	
325.04365447	
325.04314021	
325.04330943	
325.04374501	
325.04413075	
325.04437738	
325.04426433	
325.04412338	
325.04433382	
325.04433298	
325.04457828	
325.04454962	
325.04480403	
325.04514001	
325.04484794	
325.04528222	
325.04560593	
325.04534713	
325.04492570	
325.04445437	
325.04411704	
325.04376630	
325.04351580	
325.04376623	
325.04359226	
325.04342257	
325.04368338	
325.04385228	
325.04405408	
325.04422521	
325.04407365	
325.04447276	
325.04467867	
325.04453583	
325.04440092	
325.04457601	
325.04430207	
325.04413704	
325.04479395	
325.04455706	
325.04463341	
325.04432766	
325.04399507	
325.04365192	
325.04374532	
325.04423379	
325.04374782	
325.04374118	
325.04388376	
325.04347255	
325.04380453	
325.04358559	
325.04359842	
325.04416642	
325.04419364	
325.04441888	
325.04477794	
325.04518412	
325.04532792	
325.04541888	
325.04583971	
325.04616046	
325.04586780	
325.04619758	
325.04602396	
325.04593334	
325.04634866	
325.04676691	
325.04664141	
325.04662651	
325.04684908	
325.04634638	
325.04587662	
325.04619606	
325.04650402	
325.04647475	
325.04666071	
325.04622718	
325.04629254	
325.04675479	
325.04690383	
325.04664811	
325.04682309	
325.04695084	
325.04674292	
325.04653313	
325.04615131	
325.04569851	
325.04513158	
325.04507338	
325.04468430	
325.04464974	
325.04496820	
325.04480467	
325.04525249	
325.04565012	
325.04517426	
325.04476570	
325.04481129	
325.04482842	
325.04460889	
325.04444050	
325.04468737	
325.04439184	
325.04440235	
325.04501338	
325.04541664	
325.04528128	
325.04546181	
325.04576015	
325.04585403	
325.04583254	
325.04548749	
325.04534779	
325.04560542	
325.04569935	
325.04521167	
325.04538845	
325.04535310	
325.04552391	
325.04562452	
325.04504879	
325.04509217	
325.04531020	
325.04491728	
325.04436776	
325.04393847	
325.04369574	
325.04411094	
325.04382961	
325.04376547	
325.04387906	
325.04380279	
325.04410377	
325.04404454	
325.04423062	
325.04408358	
325.04441684	
325.04449379	
325.04386227	
325.04400318	
325.04428424	
325.04474618	
325.04521744	
325.04564065	
325.04545335	
325.04480960	
325.04503516	
325.04517215	
325.04556101	
325.04575153	
325.04600238	
325.04644459	
325.04664046	
325.04701400	
325.04745585	
325.04714531	
325.04682197	
325.04699092	
325.04701902	
325.04726517	
325.04766475	
325.04814000	
325.04805785	
325.04838416	
325.04807502	
325.04803196	
325.04824326	
325.04808562	
325.04853034	
325.04880887	
325.04910811	
325.04919229	
325.04914521	
325.04899491	
325.04897792	
325.04924084	
325.04936027	
325.04967423	
325.04943019	
325.04927730	
325.04918981	
325.04872455	
325.04892643	
325.04902327	
325.04865836	
325.04860041	
325.04898132	
325.04911607	
325.04938535	
325.04918208	
325.04939713	
325.04999355	
325.05010685	
325.05007308	
325.04956372	
325.04924259	
325.04924463	
325.04936780	
325.04938946	
325.04969691	
325.04993497	
325.04983083	
325.04939415	
325.04903150	
325.04899634	
325.04933850	
325.04981972	
325.05014167	
325.05013670	
325.04997723	
325.05046622	
325.05056781	
325.05041220	
325.05012073	
325.05030562	
325.05031831	
325.05026205	
325.05060855	
325.05027002	
325.05007998	
325.05050801	
325.05041305	
325.05044761	
325.05032513	
325.04969661	
325.04954919	
325.04965086	
325.04952670	
325.04961718	
325.04974211	
325.04914930	
325.04928258	
325.04917766	
325.04897390	
325.04884663	
325.04839125	
325.04854757	
325.04896646	
325.04899000	
325.04870815	
325.04863934	
325.04883847	
325.04884673	
325.04842326	
325.04860676	
325.04857959	
325.04810435	
325.04805789	
325.04827393	
325.04842778	
325.04876429	
325.04875404	
325.04837046	
325.04792657	
325.04817223	
325.04799494	
325.04729625	
325.04720890	
325.04696122	
325.04732731	
325.04770033	
325.04793473	
325.04804107	
325.04801087	
325.04829638	
325.04838827	
325.04845751	
325.04887551	
325.04927241	
325.04943041	
325.04929150	
325.04971585	
325.05009999	
325.04964347	
325.04963390	
325.04979758	
325.04949254	
325.04959288	
325.05008743	
325.04990887	
325.04929623	
325.04894061	
325.04884681	
325.04919208	
325.04940146	
325.04977124	
325.05009852	
325.05040963	
325.05068441	
325.05080381	
325.05040527	
325.05004548	
325.04996330	
325.04935817	
325.04972032	
325.04980257	
325.04940137	
325.04985388	
325.04956030	
325.04926596	
325.04898345	
325.04887907	
325.04941758	
325.04969289	
325.04939733	
325.04939822	
325.04930724	
325.04895928	
325.04876532	
325.04849254	
325.04863137	
325.04892483	
325.04858705	
325.04810640	
325.04795639	
325.04797320	
325.04806405	
325.04800600	
325.04798304	
325.04829435	
325.04864060	
325.04841887	
325.04818699	
325.04813137	
325.04818254	
325.04773912	
325.04746940	
325.04752493	
325.04777781	
325.04810876	
325.04797172	
325.04774815	
325.04732983	
325.04730385	
325.04744503	
325.04731423	
325.04741383	
325.04730107	
325.04756053	
325.04768043	
325.04768073	
325.04810954	
325.04848833	
325.04843883	
325.04821431	
325.04781087	
325.04758380	
325.04810163	
325.04840048	
325.04858008	
325.04886108	
325.04881803	
325.04841801	
325.04782995	
325.04780037	
325.04792468	
325.04741239	
325.04766915	
325.04744146	
325.04671722	
325.04665716	
325.04674109	
325.04721582	
325.04731406	
325.04774894	
325.04789790	
325.04737167	
325.04746822	
325.04715727	
325.04707759	
325.04744226	
325.04725211	
325.04757463	
325.04781197	
325.04796614	
325.04845265	
325.04862948	
325.04880684	
325.04914479	
325.04911413	
325.04934086	
325.04929238	
325.04926358	
325.04943152	
325.04889473	
325.04917238	
325.04903814	
325.04924706	
325.04918211	
325.04889704	
325.04936796	
325.04964028	
325.04960226	
325.04985713	
325.04971475	
325.04919000	
325.04941998	
325.04903285	
325.04916896	
325.04971628	
325.04998516	
325.04998953	
325.04953833	
325.04955619	
325.04925236	
325.04879507	
325.04893130	
325.04868607	
325.04865122	
325.04889414	
325.04856575	
325.04883392	
325.04937736	
325.04923426	
325.04916055	
325.04882501	
325.04870888	
325.04919006	
325.04889133	
325.04891016	
325.04921859	
325.04883563	
325.04877349	
325.04906498	
325.04933845	
325.04941033	
325.04990808	
325.04979364	
325.04934699	
325.04965449	
325.05006821	
325.05037974	
325.05045789	
325.05064389	
325.05098230	
325.05108717	
325.05127051	
325.05146306	
325.05191518	
325.05189442	
325.05197009	
325.05210030	
325.05230636	
325.05294227	
325.05273251	
325.05241537	
325.05247720	
325.05237213	
325.05227103	
325.05261314	
325.05224412	
325.05185397	
325.05211301	
325.05201186	
325.05178229	
325.05197417	
325.05225925	
325.05202988	
325.05186525	
325.05197775	
325.05205871	
325.05233515	
325.05200541	
325.05186282	
325.05207326	
325.05230713	
325.05241805	
325.05255819	
325.05300026	
325.05323996	
325.05356864	
325.05389982	
325.05443403	
325.05491812	
325.05472510	
325.05439700	
325.05413953	
325.05379865	
325.05422532	
325.05471634	
325.05441106	
325.05449687	
325.05479440	
325.05465322	
325.05445265	
325.05441681	
325.05484488	
325.05470108	
325.05470194	
325.05456228	
325.05394854	
325.05420766	
325.05389487	
325.05367853	
325.05373383	
325.05364247	
325.05326027	
325.05333957	
325.05372860	
325.05327634	
325.05277454	
325.05284263	
325.05262737	
325.05226371	
325.05284033	
325.05309699	
325.05289052	
325.05250551	
325.05221025	
325.05259941	
325.05288009	
325.05274780	
325.05294819	
325.05305078	
325.05282911	
325.05251641	
325.05269238	
325.05270947	
325.05305385	
325.05278334	
325.05273490	
325.05293796	
325.05253666	
325.05289433	
325.05295955	
325.05305769	
325.05269814	
325.05293323	
325.05363062	
325.05357933	
325.05362483	
325.05330882	
325.05313635	
325.05348749	
325.05350824	
325.05345290	
325.05356590	
325.05312869	
325.05329826	
325.05321406	
325.05301631	
325.05273006	
325.05289800	
325.05345173	
325.05300964	
325.05341508	
325.05310163	
325.05278280	
325.05329084	
325.05369421	
325.05387986	
325.05378833	
325.05365990	
325.05358188	
325.05348710	
325.05381387	
325.05385752	
325.05410570	
325.05441523	
325.05459004	
325.05491080	
325.05450123	
325.05414569	
325.05415228	
325.05446448	
325.05447457	
325.05446186	
325.05465184	
325.05475516	
325.05515812	
325.05527402	
325.05507055	
325.05532779	
325.05523146	
325.05527143	
325.05517780	
325.05541024	
325.05517866	
325.05518357	
325.05591517	
325.05557374	
325.05500323	
325.05452283	
325.05401104	
325.05411720	
325.05443520	
325.05411676	
325.05442531	
325.05459025	
325.05434022	
325.05455741	
325.05436073	
325.05396759	
325.05440454	
325.05441999	
325.05439942	
325.05417224	
325.05379743	
325.05367056	
325.05329521	
325.05357454	
325.05407800	
325.05422501	
325.05392027	
325.05339295	
325.05369948	
325.05399000	
325.05395333	
325.05453253	
325.05487856	
325.05473877	
325.05442925	
325.05449406	
325.05489749	
325.05471109	
325.05406946	
325.05382059	
325.05416432	
325.05443875	
325.05471594	
325.05477912	
325.05511401	
325.05541374	
325.05486032	
325.05526188	
325.05552456	
325.05555922	
325.05609515	
325.05592123	
325.05546037	
325.05494135	
325.05478811	
325.05450178	
325.05413827	
325.05397477	
325.05386244	
325.05358546	
325.05386006	
325.05366476	
325.05376557	
325.05441262	
325.05440626	
325.05412730	
325.05352717	
325.05366139	
325.05403491	
325.05442253	
325.05451491	
325.05448154	
325.05464057	
325.05441667	
325.05408202	
325.05375320	
325.05316073	
325.05314943	
325.05280161	
325.05236263	
325.05221227	
325.05209962	
325.05211297	
325.05203494	
325.05231394	
325.05219047	
325.05208171	
325.05216249	
325.05251293	
325.05273272	
325.05259968	
325.05251447	
325.05265173	
325.05277165	
325.05281258	
325.05301333	
325.05330353	
325.05323376	
325.05332751	
325.05326998	
325.05304621	
325.05274437	
325.05288660	
325.05327172	
325.05295203	
325.05268712	
325.05231857	
325.05195430	
325.05225769	
325.05225373	
325.05159052	
325.05133298	
325.05099929	
325.05137515	
325.05171626	
325.05165230	
325.05151560	
325.05187738	
325.05200641	
325.05219245	
325.05227211	
325.05169669	
325.05196489	
325.05201664	
325.05216961	
325.05253243	
325.05285188	
325.05317159	
325.05289907	
325.05331557	
325.05385884	
325.05433147	
325.05439501	
325.05417318	
325.05377414	
325.05326293	
325.05350119	
325.05372192	
325.05333622	
325.05309864	
325.05300800	
325.05298077	
325.05319708	
325.05297578	
325.05251740	
325.05279348	
325.05297963	
325.05291388	
325.05263792	
325.05200220	
325.05178237	
325.05132589	
325.05161144	
325.05165331	
325.05156651	
325.05188722	
325.05204868	
325.05240645	
325.05264065	
325.05261215	
325.05242520	
325.05196031	
325.05174484	
325.05230504	
325.05228690	
325.05237351	
325.05282470	
325.05302782	
325.05295820	
325.05299265	
325.05306993	
325.05315312	
325.05356784	
325.05388351	
325.05374783	
325.05397588	
325.05375858	
325.05318559	
325.05279477	
325.05275444	
325.05280697	
325.05223227	
325.05254324	
325.05249270	
325.05215184	
325.05235948	
325.05215130	
325.05252332	
325.05258071	
325.05193426	
325.05157730	
325.05118554	
325.05100030	
325.05141428	
325.05199161	
325.05233453	
325.05231733	
325.05264032	
325.05253968	
325.05246760	
325.05267448	
325.05268123	
325.05299801	
325.05337790	
325.05341848	
325.05309338	
325.05315495	
325.05291725	
325.05264536	
325.05232903	
325.05271701	
325.05253144	
325.05247058	
325.05287068	
325.05322554	
325.05345253	
