330.62954623	
330.63048550	
330.63197749	
330.63385818	
330.63534747	
330.63657473	
330.63825519	
330.64008074	
330.64140662	
330.64303728	
330.64414170	
330.64521490	
330.64625451	
330.64786891	
330.64913756	
330.65050956	
330.65253477	
330.65344466	
330.65477230	
330.65649608	
330.65753942	
330.65921887	
330.66129729	
330.66257179	
330.66364466	
330.66524545	
330.66633289	
330.66718200	
330.66882615	
330.67007201	
330.67098676	
330.67234119	
330.67430541	
330.67591552	
330.67735904	
330.67865093	
330.68018740	
330.68193461	
330.68334038	
330.68436645	
330.68577555	
330.68768134	
330.68943199	
330.69115494	
330.69232877	
330.69318081	
330.69435070	
330.69619771	
330.69804653	
330.69961969	
330.70088439	
330.70189235	
330.70292042	
330.70453484	
330.70622350	
330.70771889	
330.70933232	
330.71099895	
330.71238793	
330.71333265	
330.71496845	
330.71601181	
330.71692369	
330.71874018	
330.72014165	
330.72104209	
330.72263068	
330.72409490	
330.72579378	
330.72755216	
330.72855166	
330.73037168	
330.73168684	
330.73286516	
330.73387083	
330.73526222	
330.73709515	
330.73855628	
330.74032057	
330.74213946	
330.74392416	
330.74561894	
330.74727337	
330.74903336	
330.75063988	
330.75161841	
330.75332144	
330.75466632	
330.75536885	
330.75641582	
330.75770148	
330.75905641	
330.76054192	
330.76170703	
330.76308375	
330.76506773	
330.76650220	
330.76799098	
330.76981823	
330.77162826	
330.77269847	
330.77373740	
330.77466384	
330.77604828	
330.77756916	
330.77838886	
330.77926607	
330.78093953	
330.78248839	
330.78402879	
330.78534944	
330.78621054	
330.78805819	
330.78919994	
330.79067593	
330.79177833	
330.79262680	
330.79402736	
330.79500645	
330.79643940	
330.79762874	
330.79882143	
330.80068825	
330.80207006	
330.80364464	
330.80521684	
330.80609124	
330.80777591	
330.80953734	
330.81080566	
330.81238428	
330.81343292	
330.81425817	
330.81554654	
330.81706892	
330.81878280	
330.81971735	
330.82050367	
330.82212178	
330.82355996	
330.82488016	
330.82669144	
330.82803480	
330.82917044	
330.83016768	
330.83106387	
330.83212767	
330.83307173	
330.83408552	
330.83527587	
330.83697385	
330.83803386	
330.83876914	
330.84042189	
330.84224662	
330.84409705	
330.84507223	
330.84570772	
330.84682287	
330.84829931	
330.84959395	
330.85057661	
330.85200090	
330.85289593	
330.85370403	
330.85537102	
330.85651640	
330.85777495	
330.85923954	
330.86062112	
330.86213344	
330.86292747	
330.86395097	
330.86523165	
330.86605018	
330.86767273	
330.86958835	
330.87044434	
330.87209400	
330.87367737	
330.87497636	
330.87608218	
330.87685607	
330.87789572	
330.87934800	
330.88071749	
330.88210946	
330.88366048	
330.88442599	
330.88599084	
330.88773536	
330.88904142	
330.89000711	
330.89142177	
330.89256121	
330.89322429	
330.89441789	
330.89595320	
330.89702639	
330.89829034	
330.90020032	
330.90175115	
330.90358615	
330.90522499	
330.90618836	
330.90718984	
330.90857237	
330.90996849	
330.91113782	
330.91268450	
330.91403723	
330.91552162	
330.91733501	
330.91905394	
330.92022141	
330.92121625	
330.92236359	
330.92299680	
330.92404084	
330.92500621	
330.92656557	
330.92815472	
330.92895155	
330.93012150	
330.93149727	
330.93261107	
330.93381268	
330.93487344	
330.93581119	
330.93729278	
330.93828869	
330.93938456	
330.94044490	
330.94111437	
330.94200269	
330.94308243	
330.94453236	
330.94602681	
330.94741044	
330.94906838	
330.95035969	
330.95129258	
330.95242378	
330.95343520	
330.95455133	
330.95577299	
330.95667074	
330.95756595	
330.95850716	
330.95935167	
330.96101989	
330.96222898	
330.96357393	
330.96463318	
330.96576537	
330.96741346	
330.96890022	
330.96999465	
330.97063550	
330.97145965	
330.97242341	
330.97363961	
330.97500759	
330.97648154	
330.97778312	
330.97872507	
330.97975199	
330.98089232	
330.98204236	
330.98299022	
330.98387596	
330.98532663	
330.98647574	
330.98725183	
330.98877411	
330.99047356	
330.99194824	
330.99345780	
330.99490604	
330.99612423	
330.99742887	
330.99879430	
330.99967248	
331.00133382	
331.00315664	
331.00430817	
331.00571001	
331.00695615	
331.00828104	
331.00940092	
331.01080220	
331.01228321	
331.01327886	
331.01492898	
331.01598906	
331.01721065	
331.01838760	
331.01921055	
331.02072555	
331.02176381	
331.02300854	
331.02410212	
331.02476078	
331.02596216	
331.02722550	
331.02842538	
331.02987279	
331.03117271	
331.03278481	
331.03428143	
331.03499315	
331.03592479	
331.03742469	
331.03829418	
331.03905605	
331.04061813	
331.04223760	
331.04390913	
331.04526110	
331.04678566	
331.04826199	
331.04927005	
331.05005846	
331.05093049	
331.05192305	
331.05302015	
331.05387345	
331.05459769	
331.05537914	
331.05642179	
331.05767965	
331.05881458	
331.05972448	
331.06035385	
331.06115020	
331.06192880	
331.06320825	
331.06463155	
331.06620862	
331.06735706	
331.06877967	
331.07044504	
331.07192147	
331.07337776	
331.07416312	
331.07548948	
331.07689655	
331.07831117	
331.07941090	
331.08014656	
331.08121413	
331.08210131	
331.08354579	
331.08526035	
331.08654292	
331.08755862	
331.08827873	
331.08956413	
331.09092272	
331.09229311	
331.09344800	
331.09460733	
331.09567201	
331.09709319	
331.09826621	
331.09953378	
331.10101548	
331.10189228	
331.10283387	
331.10383924	
331.10540421	
331.10666892	
331.10802813	
331.10960600	
331.11116753	
331.11285238	
331.11455301	
331.11558472	
331.11630126	
331.11748908	
331.11912540	
331.12012165	
331.12080077	
331.12227091	
331.12309871	
331.12380867	
331.12494522	
331.12586025	
331.12653816	
331.12753935	
331.12901953	
331.12984884	
331.13056071	
331.13153637	
331.13234637	
331.13384051	
331.13495409	
331.13564341	
331.13660828	
331.13811353	
331.13923132	
331.14033931	
331.14149215	
331.14209544	
331.14342876	
331.14501344	
331.14634163	
331.14703543	
331.14766354	
331.14853278	
331.14935127	
331.15022954	
331.15164969	
331.15258571	
331.15393784	
331.15574378	
331.15706770	
331.15828094	
331.15901850	
331.16000174	
331.16110071	
331.16264898	
331.16416466	
331.16570391	
331.16682270	
331.16825723	
331.16996392	
331.17092423	
331.17234144	
331.17401500	
331.17501472	
331.17625804	
331.17765491	
331.17893056	
331.18025367	
331.18131351	
331.18223020	
331.18298402	
331.18418140	
331.18546177	
331.18621559	
331.18671382	
331.18769668	
331.18903650	
331.19062732	
331.19194696	
331.19293529	
331.19448573	
331.19614127	
331.19729421	
331.19855994	
331.19959716	
331.20093906	
331.20232523	
331.20326615	
331.20393427	
331.20541162	
331.20717233	
331.20866655	
331.21033072	
331.21132131	
331.21225625	
331.21308791	
331.21432210	
331.21561643	
331.21714260	
331.21815783	
331.21919794	
331.22089675	
331.22197352	
331.22277407	
331.22373932	
331.22454244	
331.22558722	
331.22720469	
331.22791593	
331.22888340	
331.22993375	
331.23076577	
331.23174292	
331.23255251	
331.23414110	
331.23520594	
331.23601380	
331.23750817	
331.23834804	
331.23941079	
331.24023777	
331.24106593	
331.24271065	
331.24433066	
331.24535794	
331.24672980	
331.24826226	
331.24969889	
331.25111461	
331.25193735	
331.25294649	
331.25382599	
331.25445605	
331.25543963	
331.25653424	
331.25780935	
331.25881260	
331.25937527	
331.26081072	
331.26174411	
331.26314192	
331.26413497	
331.26471973	
331.26599494	
331.26685392	
331.26782307	
331.26874410	
331.27011254	
331.27103371	
331.27177889	
331.27301910	
331.27379846	
331.27516395	
331.27618657	
331.27743365	
331.27891260	
331.27954877	
331.28058744	
331.28188893	
331.28356541	
331.28471377	
331.28574895	
331.28722654	
331.28820643	
331.28940558	
331.29103279	
331.29191022	
331.29291411	
331.29444578	
331.29565691	
331.29670355	
331.29755095	
331.29892158	
331.29987047	
331.30113586	
331.30247686	
331.30337162	
331.30426641	
331.30545605	
331.30663685	
331.30717968	
331.30804351	
331.30875670	
331.31004380	
331.31105351	
331.31220458	
331.31326277	
331.31464821	
331.31605777	
331.31658401	
331.31754893	
331.31910191	
331.31999199	
331.32098928	
331.32261528	
331.32332326	
331.32399378	
331.32480024	
331.32564523	
331.32684206	
331.32760480	
331.32868015	
331.33024653	
331.33122228	
331.33224904	
331.33334048	
331.33468168	
331.33600867	
331.33685346	
331.33778185	
331.33872132	
331.33976713	
331.34040687	
331.34158412	
331.34292475	
331.34427531	
331.34527219	
331.34649310	
331.34787733	
331.34887828	
331.34968969	
331.35013552	
331.35079865	
331.35148030	
331.35278159	
331.35404520	
331.35554949	
331.35716561	
331.35839289	
331.35959325	
331.36065982	
331.36125787	
331.36260719	
331.36359437	
331.36415991	
331.36511890	
331.36580176	
331.36722848	
331.36878509	
331.36979697	
331.37054366	
331.37146697	
331.37283417	
331.37371817	
331.37432721	
331.37511471	
331.37609305	
331.37688320	
331.37772881	
331.37884590	
331.37996022	
331.38106269	
331.38231476	
331.38302145	
331.38347854	
331.38429898	
331.38490117	
331.38572655	
331.38642292	
331.38737646	
331.38851142	
331.38959044	
331.39071211	
331.39204704	
331.39282664	
331.39389826	
331.39519601	
331.39589112	
331.39727868	
331.39846007	
331.39918198	
331.39986294	
331.40106944	
331.40209006	
331.40312028	
331.40470975	
331.40577525	
331.40634549	
331.40690818	
331.40830909	
331.40989086	
331.41123356	
331.41229474	
331.41366647	
331.41468255	
331.41545704	
331.41657817	
331.41714129	
331.41810445	
331.41961303	
331.42077211	
331.42205134	
331.42287765	
331.42367882	
331.42521051	
331.42645986	
331.42768133	
331.42860242	
331.42967534	
331.43098642	
331.43238016	
331.43350524	
331.43437444	
331.43590647	
331.43710559	
331.43827929	
331.43921449	
331.43990516	
331.44085574	
331.44209933	
331.44364545	
331.44462411	
331.44568975	
331.44700961	
331.44826474	
331.44949402	
331.45086728	
331.45157970	
331.45215760	
331.45368275	
331.45521930	
331.45630831	
331.45755350	
331.45856997	
331.45911376	
331.45967414	
331.46015608	
331.46103106	
331.46212756	
331.46348658	
331.46509061	
331.46629988	
331.46700444	
331.46758301	
331.46821115	
331.46871121	
331.46926827	
331.46975172	
331.47092220	
331.47222782	
331.47343460	
331.47438985	
331.47519763	
331.47669228	
331.47774414	
331.47822237	
331.47941374	
331.48100926	
331.48164393	
331.48293674	
331.48443419	
331.48488789	
331.48570042	
331.48702185	
331.48795519	
331.48852712	
331.48960557	
331.49045544	
331.49162567	
331.49306716	
331.49424550	
331.49559769	
331.49705931	
331.49810978	
331.49875234	
331.49931475	
331.50010845	
331.50103282	
331.50158816	
331.50220617	
331.50274025	
331.50361110	
331.50433171	
331.50515440	
331.50648958	
331.50753856	
331.50853589	
331.50991063	
331.51148995	
331.51233169	
331.51297477	
331.51361733	
331.51466509	
331.51544548	
331.51589801	
331.51649240	
331.51741333	
331.51841644	
331.51922103	
331.52075779	
331.52167295	
331.52225270	
331.52298066	
331.52354825	
331.52463449	
331.52602826	
331.52664840	
331.52779311	
331.52908710	
331.53023884	
331.53116481	
331.53226364	
331.53384758	
331.53507115	
331.53622659	
331.53701109	
331.53762191	
331.53822885	
331.53950787	
331.54037984	
331.54099408	
331.54209708	
331.54279438	
331.54394425	
331.54464846	
331.54504397	
331.54598136	
331.54663641	
331.54770017	
331.54893397	
331.55030088	
331.55128716	
331.55261013	
331.55353598	
331.55395721	
331.55521982	
331.55579504	
331.55707767	
331.55806374	
331.55857493	
331.55941776	
331.55992507	
331.56061462	
331.56127139	
331.56238471	
331.56387433	
331.56499674	
331.56558473	
331.56608287	
331.56737462	
331.56852865	
331.56959269	
331.57070355	
331.57138129	
331.57203706	
331.57273824	
331.57328899	
331.57445273	
331.57547012	
331.57669336	
331.57775702	
331.57822812	
331.57952032	
331.58076551	
331.58179436	
331.58235491	
331.58337533	
331.58489064	
331.58619375	
331.58721410	
331.58841899	
331.58939132	
331.59003122	
331.59071790	
331.59179019	
331.59284390	
331.59387554	
331.59529202	
331.59596276	
331.59660117	
331.59752283	
331.59841678	
331.59947846	
331.60052303	
331.60114670	
331.60171222	
331.60311583	
331.60410745	
331.60459069	
331.60505265	
331.60548703	
331.60654994	
331.60726536	
331.60817778	
331.60907566	
331.61003347	
331.61136819	
331.61213343	
331.61323919	
331.61473940	
331.61553812	
331.61629445	
331.61707455	
331.61775497	
331.61897767	
331.62010835	
331.62101157	
331.62156498	
331.62276401	
331.62410110	
331.62542719	
331.62645735	
331.62697978	
331.62809274	
331.62881011	
331.62985991	
331.63102330	
331.63193931	
331.63339674	
331.63455336	
331.63515292	
331.63565938	
331.63612002	
331.63662033	
331.63773476	
331.63893553	
331.63981311	
331.64090736	
331.64237289	
331.64387501	
331.64490426	
331.64578357	
331.64696338	
331.64761926	
331.64867645	
331.64973087	
331.65015488	
331.65148323	
331.65231369	
331.65301351	
331.65368865	
331.65405873	
331.65462096	
331.65502403	
331.65625845	
331.65694640	
331.65771971	
331.65907100	
331.66037337	
331.66183123	
331.66234036	
331.66350918	
331.66436988	
331.66527861	
331.66643645	
331.66680008	
331.66737117	
331.66841600	
331.66957822	
331.67049506	
331.67173531	
331.67234362	
331.67292125	
331.67423063	
331.67502582	
331.67571514	
331.67629999	
331.67658414	
331.67714084	
331.67800769	
331.67939270	
331.68030040	
331.68161363	
331.68237556	
331.68280870	
331.68358280	
331.68484457	
331.68584989	
331.68687889	
331.68840688	
331.68889763	
331.68945919	
331.69046420	
331.69125912	
331.69208365	
331.69285217	
331.69380328	
331.69511079	
331.69591424	
331.69686575	
331.69795915	
331.69869356	
331.69985387	
331.70124578	
331.70188749	
331.70242516	
331.70341775	
331.70434982	
331.70499782	
331.70614285	
331.70745128	
331.70868918	
331.70949859	
331.71033631	
331.71171853	
331.71231622	
331.71320804	
331.71462492	
331.71566518	
331.71686065	
331.71766029	
331.71883944	
331.72029569	
331.72160591	
331.72285779	
331.72413595	
331.72553818	
331.72687550	
331.72748161	
331.72769747	
331.72838732	
331.72899525	
331.72948674	
331.73068066	
331.73164166	
331.73278242	
331.73402839	
331.73444533	
331.73526848	
331.73651128	
331.73721185	
331.73783460	
331.73870904	
331.73902817	
331.73967164	
331.74022351	
331.74145064	
331.74301369	
331.74438292	
331.74507963	
331.74615137	
331.74763767	
331.74817101	
331.74894460	
331.74997183	
331.75126921	
331.75249045	
331.75304647	
331.75342227	
331.75380612	
331.75503899	
331.75616157	
331.75671864	
331.75756689	
331.75880728	
331.76009361	
331.76103611	
331.76182347	
331.76273220	
331.76336292	
331.76360481	
331.76467449	
331.76604798	
331.76738366	
331.76823446	
331.76885696	
331.77007206	
331.77068379	
331.77100526	
331.77231472	
331.77334648	
331.77403258	
331.77481466	
331.77589545	
331.77719151	
331.77822081	
331.77929401	
331.77999817	
331.78102085	
331.78197741	
331.78267131	
331.78371585	
331.78498821	
331.78588114	
331.78697289	
331.78845281	
331.78949801	
331.79004213	
331.79054332	
331.79162051	
331.79269868	
331.79323120	
331.79402128	
331.79491868	
331.79554588	
331.79620313	
331.79717352	
331.79845421	
331.79965020	
331.80106813	
331.80164822	
331.80248923	
331.80308571	
331.80329916	
331.80450026	
331.80567058	
331.80652988	
331.80724044	
331.80762617	
331.80859622	
331.80942836	
331.81006351	
331.81088966	
331.81187552	
331.81269382	
331.81344954	
331.81397098	
331.81426506	
331.81507445	
331.81595596	
331.81671232	
331.81755556	
331.81813857	
331.81905524	
331.81966491	
331.82043924	
331.82188757	
331.82285031	
331.82380328	
331.82446233	
331.82512782	
331.82631323	
331.82731067	
331.82771555	
331.82894273	
331.83029141	
331.83097185	
331.83204353	
331.83309712	
331.83348761	
331.83429959	
331.83503598	
331.83573861	
331.83710024	
331.83820138	
331.83885432	
331.83979035	
331.84078366	
331.84177058	
331.84305580	
331.84414972	
331.84540548	
331.84676699	
331.84778344	
331.84840887	
331.84910621	
331.84955817	
331.85066446	
331.85143402	
331.85209636	
331.85277770	
331.85379792	
331.85468695	
331.85555420	
331.85663513	
331.85767019	
331.85925077	
331.86005778	
331.86062510	
331.86083286	
331.86153144	
331.86194390	
331.86287793	
331.86385745	
331.86485118	
331.86541957	
331.86576382	
331.86646983	
331.86704275	
331.86811741	
331.86891653	
331.86954695	
331.87042231	
331.87084848	
331.87146498	
331.87220720	
331.87287678	
331.87348826	
331.87378421	
331.87487272	
331.87594002	
331.87685600	
331.87741934	
331.87805692	
331.87899033	
331.87965936	
331.88092438	
331.88235464	
331.88320967	
331.88361617	
331.88479626	
331.88558396	
331.88613562	
331.88759812	
331.88808964	
331.88827129	
331.88906139	
331.89009036	
331.89106743	
331.89163500	
331.89203090	
331.89298107	
331.89422544	
331.89556250	
331.89681479	
331.89800293	
331.89926738	
331.90044950	
331.90113638	
331.90188230	
331.90283674	
331.90332334	
331.90385809	
331.90447363	
331.90547284	
331.90630364	
331.90695464	
331.90787608	
331.90826733	
331.90881880	
331.90969396	
331.91056596	
331.91165791	
331.91225371	
331.91264972	
331.91338238	
331.91437167	
331.91498949	
331.91541838	
331.91596639	
331.91646608	
331.91764075	
331.91860438	
331.91894214	
331.91928891	
331.92037512	
331.92141653	
331.92226389	
331.92279301	
331.92342847	
331.92400884	
331.92495668	
331.92591620	
331.92668594	
331.92766771	
331.92843035	
331.92985416	
331.93073008	
331.93192830	
331.93273389	
331.93314187	
331.93438291	
331.93523015	
331.93576962	
331.93665521	
331.93772013	
331.93814251	
331.93874062	
331.93966785	
331.94065683	
331.94129976	
331.94150681	
331.94192180	
331.94292109	
331.94349902	
331.94365268	
331.94420220	
331.94476564	
331.94560789	
331.94658215	
331.94747056	
331.94827118	
331.94907741	
331.94946402	
331.95011948	
331.95057925	
331.95092932	
331.95170749	
331.95252110	
331.95304575	
331.95352305	
331.95391557	
331.95413155	
331.95500358	
331.95566551	
331.95648950	
331.95792988	
331.95866648	
331.95942476	
331.96068647	
331.96134853	
331.96221201	
331.96278595	
331.96366966	
331.96453527	
331.96508733	
331.96600885	
331.96670163	
331.96799527	
331.96869951	
331.96972950	
331.97080371	
331.97166508	
331.97305549	
331.97422097	
331.97546658	
331.97619968	
331.97710614	
331.97846378	
331.97891934	
331.97915106	
331.98034977	
331.98131757	
331.98156804	
331.98228150	
331.98273632	
331.98334197	
331.98399390	
331.98489522	
331.98598383	
331.98646071	
331.98690218	
331.98759120	
331.98843825	
331.98896229	
331.98942636	
331.98997929	
331.99049114	
331.99111781	
331.99220835	
331.99349556	
331.99468584	
331.99551750	
331.99662874	
331.99762525	
331.99857771	
331.99978761	
332.00057186	
332.00134364	
332.00189024	
332.00282309	
332.00403374	
332.00508684	
332.00555757	
332.00649953	
332.00707082	
332.00767879	
332.00840722	
332.00855028	
332.00967602	
332.01087274	
332.01216194	
332.01325185	
332.01391085	
332.01458097	
332.01495074	
332.01551599	
332.01604371	
332.01699440	
332.01786143	
332.01850465	
332.01907471	
332.01963545	
332.02064696	
332.02147997	
332.02229189	
332.02279762	
332.02381397	
332.02514792	
332.02629935	
332.02670609	
332.02753508	
332.02818557	
332.02830750	
332.02953826	
332.03076309	
332.03160213	
332.03236604	
332.03285917	
332.03325666	
332.03423019	
332.03483414	
332.03556910	
332.03666258	
332.03744591	
332.03803325	
332.03839145	
332.03928788	
332.04056607	
332.04162533	
332.04280052	
332.04327319	
332.04397052	
332.04475287	
332.04558528	
332.04667936	
332.04695749	
332.04744749	
332.04799327	
332.04903869	
332.05036102	
332.05113038	
332.05137362	
332.05220093	
332.05292744	
332.05354418	
332.05422840	
332.05466346	
332.05578155	
332.05666653	
332.05762181	
332.05884760	
332.05964642	
332.06039552	
332.06134258	
332.06265082	
332.06346616	
332.06386032	
332.06470594	
332.06596930	
332.06705508	
332.06734920	
332.06830721	
332.06913350	
332.06975212	
332.07084276	
332.07180344	
332.07240651	
332.07287991	
332.07359025	
332.07419997	
332.07502464	
332.07571145	
332.07652529	
332.07696552	
332.07801088	
332.07933688	
332.08040290	
332.08158346	
332.08231925	
332.08266566	
332.08364740	
332.08473494	
332.08513109	
332.08542161	
332.08638173	
332.08773174	
332.08808901	
332.08918011	
332.09002763	
332.09040633	
332.09086590	
332.09103781	
332.09179287	
332.09228298	
332.09271334	
332.09391664	
332.09479744	
332.09500882	
332.09554063	
332.09604126	
332.09638111	
332.09716016	
332.09805129	
332.09835186	
332.09865816	
332.09974704	
332.10100490	
332.10213069	
332.10266185	
332.10328619	
332.10408609	
332.10470532	
332.10509866	
332.10597771	
332.10736764	
332.10805541	
332.10897759	
332.10971343	
332.10991271	
332.11094745	
332.11176763	
332.11256100	
332.11358672	
332.11468425	
332.11585845	
332.11682886	
332.11795701	
332.11893106	
332.11967013	
332.12001405	
332.12041247	
332.12076453	
332.12097581	
332.12122307	
332.12184995	
332.12262742	
332.12363495	
332.12451557	
332.12493842	
332.12517283	
332.12582392	
332.12623776	
332.12722633	
332.12815414	
332.12835550	
332.12888712	
332.12989954	
332.13077319	
332.13138927	
332.13237656	
332.13329799	
332.13453963	
332.13551655	
332.13579510	
332.13622191	
332.13732123	
332.13795512	
332.13886957	
332.13984459	
332.14074923	
332.14200131	
332.14267005	
332.14323893	
332.14360210	
332.14423909	
332.14513141	
332.14582710	
332.14669676	
332.14752357	
332.14804585	
332.14918526	
332.15026987	
332.15054276	
332.15092821	
332.15189318	
332.15256359	
332.15348769	
332.15453170	
332.15504612	
332.15561029	
332.15669911	
332.15752783	
332.15762117	
332.15866459	
332.15927361	
332.15954534	
332.16041193	
332.16133652	
332.16171826	
332.16241216	
332.16321590	
332.16423893	
332.16564957	
332.16665662	
332.16790172	
332.16881412	
332.16945253	
332.17052428	
332.17096011	
332.17110489	
332.17176833	
332.17284211	
332.17400266	
332.17463697	
332.17524682	
332.17639384	
332.17741428	
332.17810015	
332.17897033	
332.17947844	
332.17985713	
332.18074194	
332.18194363	
332.18279658	
332.18373139	
332.18449444	
332.18541827	
332.18581986	
332.18599680	
332.18631902	
332.18643233	
332.18664611	
332.18762723	
332.18827888	
332.18865612	
332.18918854	
332.18955753	
332.19050380	
332.19135344	
332.19177111	
332.19221422	
332.19332816	
332.19441721	
332.19482026	
332.19535438	
332.19632504	
332.19742456	
332.19849436	
332.19872859	
332.19937136	
332.20011353	
332.20075588	
332.20154070	
332.20176963	
332.20213705	
332.20288820	
332.20362897	
332.20438633	
332.20528518	
332.20556851	
332.20578526	
332.20689737	
332.20762947	
332.20854672	
332.20958511	
332.21015069	
332.21099460	
332.21132728	
332.21186601	
332.21292052	
332.21343198	
332.21428500	
332.21521261	
332.21594257	
332.21624397	
332.21652332	
332.21725680	
332.21755657	
332.21812671	
332.21842821	
332.21894507	
332.22008958	
332.22040781	
332.22076646	
332.22183703	
332.22219273	
332.22244874	
332.22349722	
332.22471090	
332.22502359	
332.22589017	
332.22684858	
332.22700205	
332.22807931	
332.22879487	
332.22931385	
332.22958917	
332.23026152	
332.23124828	
332.23231923	
332.23330337	
332.23347096	
332.23409611	
332.23478312	
332.23562745	
332.23618081	
332.23699809	
332.23799198	
332.23855237	
332.23900542	
332.23990594	
332.24112723	
332.24169249	
332.24272107	
332.24392449	
332.24457689	
332.24490817	
332.24515836	
332.24540075	
332.24577894	
332.24648083	
332.24735978	
332.24775161	
332.24832100	
332.24957866	
332.24996497	
332.25046369	
332.25111212	
332.25148236	
332.25264209	
332.25305176	
332.25306054	
332.25354987	
332.25387241	
332.25466562	
332.25519353	
332.25587016	
332.25693947	
332.25771265	
332.25811887	
332.25872340	
332.25978554	
332.26012345	
332.26053730	
332.26171707	
332.26227843	
332.26317026	
332.26404704	
332.26489991	
332.26546616	
332.26568649	
332.26601448	
332.26658618	
332.26748121	
332.26821583	
332.26860565	
332.26864256	
332.26902792	
332.26942713	
332.26998885	
332.27091321	
332.27157565	
332.27198479	
332.27240155	
332.27315141	
332.27376494	
332.27411597	
332.27473971	
332.27510981	
332.27625581	
332.27724995	
332.27801453	
332.27866180	
332.27897878	
332.27963494	
332.28080180	
332.28161825	
332.28215408	
332.28316567	
332.28409951	
332.28499707	
332.28571787	
332.28631415	
332.28695835	
332.28766701	
332.28833953	
332.28899426	
332.28988330	
332.29029353	
332.29061880	
332.29147517	
332.29227945	
332.29313789	
332.29420846	
332.29498634	
332.29525330	
332.29568949	
332.29680440	
332.29736060	
332.29772663	
332.29833879	
332.29935077	
332.30045183	
332.30119152	
332.30228909	
332.30300730	
332.30348176	
332.30413295	
332.30437388	
332.30453172	
332.30560087	
332.30623566	
332.30712069	
332.30768139	
332.30791763	
332.30851481	
332.30905193	
332.30982255	
332.31018912	
332.31122642	
332.31199305	
332.31217995	
332.31275603	
332.31337697	
332.31351764	
332.31417437	
332.31471309	
332.31509859	
332.31544903	
332.31588813	
332.31635747	
332.31642768	
332.31713838	
332.31793909	
332.31842799	
332.31896674	
332.31954678	
332.31969838	
332.31991862	
332.32093798	
332.32188231	
332.32285727	
332.32350258	
332.32366973	
332.32388411	
332.32443887	
332.32557152	
332.32625761	
332.32702462	
332.32786577	
332.32825394	
332.32923742	
332.33004996	
332.33098620	
332.33213027	
332.33277263	
332.33364501	
332.33465150	
332.33565685	
332.33615050	
332.33643184	
332.33710560	
332.33747979	
332.33808815	
332.33881931	
332.33889218	
332.33942766	
332.33984900	
332.34057260	
332.34171702	
332.34248160	
332.34318167	
332.34352141	
332.34397605	
332.34472737	
332.34582291	
332.34623719	
332.34688486	
332.34740878	
332.34758320	
332.34876380	
332.34984481	
332.35041405	
332.35118542	
332.35168061	
332.35211991	
332.35322250	
332.35427635	
332.35511407	
332.35586847	
332.35622624	
332.35711931	
332.35789462	
332.35837153	
332.35898551	
332.35935130	
332.36000690	
332.36031471	
332.36137243	
332.36252079	
332.36361863	
332.36445035	
332.36496223	
332.36514886	
332.36556252	
332.36621393	
332.36720211	
332.36780013	
332.36815852	
332.36873584	
332.36902249	
332.36949790	
332.36982440	
332.37036105	
332.37063404	
332.37087193	
332.37191793	
332.37236821	
332.37232877	
332.37319728	
332.37389414	
332.37430238	
332.37528884	
332.37576670	
332.37638357	
332.37695457	
332.37778044	
332.37831017	
332.37901743	
332.37986651	
332.37997940	
332.38025621	
332.38095757	
332.38145846	
332.38202739	
332.38254670	
332.38264365	
332.38343728	
332.38405167	
332.38438359	
332.38531032	
332.38591950	
332.38660986	
332.38726292	
332.38766513	
332.38823368	
332.38909431	
332.39028027	
332.39093508	
332.39177540	
332.39186079	
332.39235758	
332.39271772	
332.39362431	
332.39448653	
332.39500990	
332.39603199	
332.39699489	
332.39781042	
332.39848477	
332.39892079	
332.39938526	
332.40000961	
332.40022869	
332.40050826	
332.40072104	
332.40134908	
332.40160126	
332.40173669	
332.40249215	
332.40351718	
332.40446669	
332.40542651	
332.40579933	
332.40600112	
332.40641840	
332.40689582	
332.40760546	
332.40837346	
332.40944013	
332.41000970	
332.41036525	
332.41082389	
332.41096008	
332.41102086	
332.41202293	
332.41304393	
332.41374308	
332.41436411	
332.41480587	
332.41570646	
332.41616641	
332.41664388	
332.41762281	
332.41794750	
332.41848919	
332.41922137	
332.42005364	
332.42056975	
332.42076185	
332.42169063	
332.42227705	
332.42261046	
332.42352271	
332.42445904	
332.42473821	
332.42504873	
332.42582584	
332.42668842	
332.42726274	
332.42821734	
332.42908892	
332.42992305	
332.43031690	
332.43023993	
332.43073354	
332.43156413	
332.43233618	
332.43269877	
332.43328784	
332.43348111	
332.43362354	
332.43412432	
332.43467900	
332.43565411	
332.43630190	
332.43722198	
332.43773484	
332.43819287	
332.43917726	
332.43945968	
332.43991821	
332.44055496	
332.44135493	
332.44218983	
332.44235303	
332.44288405	
332.44313377	
332.44374609	
332.44432696	
332.44493061	
332.44548481	
332.44609456	
332.44736261	
332.44829317	
332.44904504	
332.44904446	
332.44997025	
332.45091610	
332.45106156	
332.45152483	
332.45186911	
332.45219428	
332.45250691	
332.45279080	
332.45305610	
332.45333860	
332.45410813	
332.45495851	
332.45598494	
332.45677935	
332.45694500	
332.45700432	
332.45758249	
332.45844682	
332.45897487	
332.45962560	
332.46049449	
332.46149622	
332.46251061	
332.46333649	
332.46426501	
332.46457240	
332.46451759	
332.46482004	
332.46533120	
332.46552925	
332.46583058	
332.46643496	
332.46678868	
332.46689672	
332.46781747	
332.46822158	
332.46849047	
332.46921386	
332.46997825	
332.47088519	
332.47116772	
332.47197286	
332.47283085	
332.47322201	
332.47348463	
332.47374749	
332.47437974	
332.47510598	
332.47606389	
332.47695999	
332.47733566	
332.47779258	
332.47788395	
332.47834126	
332.47888070	
332.47916762	
332.47989168	
332.48019470	
332.48028312	
332.48115332	
332.48208546	
332.48233521	
332.48251592	
332.48332819	
332.48391617	
332.48403097	
332.48460410	
332.48546987	
332.48645289	
332.48751487	
332.48782539	
332.48833855	
332.48884325	
332.48970716	
332.49086252	
332.49181754	
332.49267599	
332.49303752	
332.49373110	
332.49441518	
332.49464821	
332.49506041	
332.49568887	
332.49653259	
332.49764866	
332.49837854	
332.49934587	
332.50035364	
332.50073670	
332.50082502	
332.50171376	
332.50263208	
332.50267794	
332.50299054	
332.50316121	
332.50345530	
332.50404402	
332.50408380	
332.50431962	
332.50508769	
332.50594786	
332.50671484	
332.50745816	
332.50818052	
332.50904388	
332.50989408	
332.51036546	
332.51113466	
332.51144949	
332.51187138	
332.51286573	
332.51318986	
332.51412121	
332.51464915	
332.51521040	
332.51606415	
332.51611623	
332.51703631	
332.51748479	
332.51813302	
332.51889142	
332.51891373	
332.51959048	
332.52035542	
332.52076691	
332.52106409	
332.52157008	
332.52257211	
332.52367784	
332.52450836	
332.52521276	
332.52608642	
332.52643574	
332.52642333	
332.52686775	
332.52719254	
332.52790440	
332.52866920	
332.52936140	
332.52988020	
332.53055354	
332.53133463	
332.53182866	
332.53267957	
332.53335158	
332.53339112	
332.53335885	
332.53416422	
332.53441065	
332.53471794	
332.53549969	
332.53635273	
332.53683066	
332.53702230	
332.53779061	
332.53815111	
332.53860395	
332.53875232	
332.53912696	
332.53961438	
332.54008380	
332.54050897	
332.54138449	
332.54237379	
332.54332802	
332.54360138	
332.54424340	
332.54496058	
332.54497273	
332.54535577	
332.54531641	
332.54550861	
332.54557677	
332.54628944	
332.54700467	
332.54752511	
332.54793004	
332.54844098	
332.54902369	
332.54941457	
332.54954755	
332.55019154	
332.55130629	
332.55219996	
332.55331993	
332.55414964	
332.55455969	
332.55528833	
332.55646768	
332.55666541	
332.55723088	
332.55792028	
332.55819053	
332.55871625	
332.55963541	
332.56036395	
332.56124951	
332.56198527	
332.56226624	
332.56293915	
332.56381727	
332.56492405	
332.56594935	
332.56620536	
332.56676374	
332.56765779	
332.56792303	
332.56808736	
332.56882914	
332.56985411	
332.57077789	
332.57190071	
332.57212576	
332.57268788	
332.57336313	
332.57400182	
332.57445009	
332.57452809	
332.57469576	
332.57545478	
332.57609366	
332.57613422	
332.57651285	
332.57691523	
332.57768462	
332.57870836	
332.57894097	
332.57886353	
332.57941341	
332.57958902	
332.57996016	
332.58013661	
332.58039254	
332.58067168	
332.58132079	
332.58233878	
332.58324917	
332.58379409	
332.58438165	
332.58475176	
332.58476883	
332.58521999	
332.58578437	
332.58644460	
332.58663611	
332.58704491	
332.58743345	
332.58790125	
332.58805607	
332.58843343	
332.58902144	
332.58904415	
332.58973235	
332.59050346	
332.59048803	
332.59091227	
332.59128105	
332.59163335	
332.59267256	
332.59369954	
332.59465461	
332.59566257	
332.59609233	
332.59694981	
332.59807463	
332.59812127	
332.59813199	
332.59864430	
332.59948833	
332.59982586	
332.60000355	
332.60049539	
332.60115824	
332.60202064	
332.60273599	
332.60374518	
332.60480197	
332.60555340	
332.60650687	
332.60709714	
332.60762456	
332.60809374	
332.60885063	
332.60950768	
332.60948135	
332.60950630	
332.61031670	
332.61072615	
332.61127391	
332.61209366	
332.61214341	
332.61239686	
332.61238342	
332.61260795	
332.61323246	
332.61397339	
332.61462144	
332.61546082	
332.61587260	
332.61610092	
332.61623283	
332.61636698	
332.61724977	
332.61749175	
332.61799761	
332.61885451	
332.61889844	
332.61967769	
332.62045336	
332.62100290	
332.62125946	
332.62117919	
332.62145390	
332.62179147	
332.62260349	
332.62355294	
332.62367924	
332.62404452	
332.62502463	
332.62598086	
332.62666253	
332.62724001	
332.62775464	
332.62845207	
332.62943605	
332.63040906	
332.63123464	
332.63185852	
332.63217886	
332.63257880	
332.63361803	
332.63445743	
332.63492083	
332.63554467	
332.63661444	
332.63699311	
332.63696706	
332.63733128	
332.63743642	
332.63763356	
332.63811081	
332.63877674	
332.63937890	
332.64021884	
332.64122119	
332.64134940	
332.64205588	
332.64296333	
332.64308779	
332.64361363	
332.64373137	
332.64413040	
332.64522067	
332.64541105	
332.64559344	
332.64575608	
332.64641931	
332.64684279	
332.64685181	
332.64749195	
332.64807356	
332.64829775	
332.64875249	
332.64901410	
332.64904186	
332.64924942	
332.64981568	
332.65021739	
332.65097077	
332.65155405	
332.65215729	
332.65257847	
332.65272107	
332.65371502	
332.65381078	
332.65437281	
332.65488199	
332.65566803	
332.65644826	
332.65644898	
332.65714529	
332.65734000	
332.65738488	
332.65750678	
332.65801448	
332.65852086	
332.65891825	
332.65940721	
332.65960767	
332.66024841	
332.66080592	
332.66109004	
332.66188580	
332.66266791	
332.66337809	
332.66388181	
332.66434794	
332.66526766	
332.66582357	
332.66634071	
332.66697925	
332.66764622	
332.66825716	
332.66906127	
332.66946167	
332.66967473	
332.67012617	
332.67043168	
332.67052751	
332.67067506	
332.67115771	
332.67200667	
332.67289834	
332.67323377	
332.67394165	
332.67446285	
332.67510560	
332.67567741	
332.67642680	
332.67696184	
332.67724132	
332.67759649	
332.67788545	
332.67869371	
332.67923016	
332.67989493	
332.68014364	
332.68101646	
332.68185497	
332.68183637	
332.68240065	
332.68317960	
332.68400423	
332.68458246	
332.68510863	
332.68559391	
332.68612286	
332.68707616	
332.68779033	
332.68863510	
332.68945851	
332.68968105	
332.68995765	
332.69027363	
332.69043362	
332.69130847	
332.69207828	
332.69271280	
332.69341235	
332.69373330	
332.69392389	
332.69417302	
332.69450713	
332.69477785	
332.69523068	
332.69613357	
332.69667398	
332.69742743	
332.69815994	
332.69832638	
332.69833262	
332.69900566	
332.69984317	
332.70030684	
332.70087257	
332.70165791	
332.70201059	
332.70249127	
332.70338979	
332.70390212	
332.70442574	
332.70477385	
332.70492695	
332.70572566	
332.70680999	
332.70722539	
332.70793925	
332.70803311	
332.70795772	
332.70839340	
332.70903414	
332.70935843	
332.70942407	
332.70999374	
332.71051137	
332.71130347	
332.71182216	
332.71195664	
332.71238105	
332.71235660	
332.71262477	
332.71281879	
332.71286566	
332.71336217	
332.71395920	
332.71414601	
332.71471314	
332.71569120	
332.71624216	
332.71649117	
332.71694903	
332.71713267	
332.71778164	
332.71850717	
332.71869828	
332.71937919	
332.71996126	
332.72017787	
332.72060529	
332.72088639	
332.72083032	
332.72096876	
332.72165562	
332.72185671	
332.72222768	
332.72333860	
332.72370115	
332.72374302	
332.72419272	
332.72451111	
332.72516379	
332.72587121	
332.72623567	
332.72644658	
332.72680043	
332.72762146	
332.72789478	
332.72831234	
332.72844162	
332.72847652	
332.72861558	
332.72947381	
332.72985341	
332.72981783	
332.73055451	
332.73105052	
332.73100849	
332.73094569	
332.73128471	
332.73198582	
332.73214149	
332.73215385	
332.73235647	
332.73263893	
332.73294122	
332.73318975	
332.73378277	
332.73434880	
332.73477715	
332.73520639	
332.73538934	
332.73549977	
332.73586416	
332.73649827	
332.73728435	
332.73761387	
332.73778949	
332.73821082	
332.73825261	
332.73879429	
332.73944539	
332.73986402	
332.74035884	
332.74091790	
332.74120724	
332.74130683	
332.74151928	
332.74146268	
332.74206342	
332.74234546	
332.74312041	
332.74355839	
332.74345450	
332.74398165	
332.74415159	
332.74423979	
332.74448321	
332.74457252	
332.74517746	
332.74608113	
332.74656447	
332.74684112	
332.74722492	
332.74748414	
332.74809016	
332.74827749	
332.74865279	
332.74962220	
332.74955261	
332.74989902	
332.75032229	
332.75069069	
332.75148158	
332.75231469	
332.75294629	
332.75372749	
332.75472751	
332.75495266	
332.75570952	
332.75613900	
332.75623343	
332.75714893	
332.75722948	
332.75735826	
332.75792763	
332.75864491	
332.75945229	
332.75981419	
332.76044905	
332.76134782	
332.76149560	
332.76154295	
332.76205929	
332.76287204	
332.76356374	
332.76353951	
332.76356846	
332.76417420	
332.76442886	
332.76517127	
332.76586453	
332.76629751	
332.76706354	
332.76724819	
332.76751721	
332.76793504	
332.76810767	
332.76844418	
332.76913237	
332.77007817	
332.77055868	
332.77115362	
332.77170854	
332.77210797	
332.77275191	
332.77302740	
332.77380389	
332.77403782	
332.77464043	
332.77501892	
332.77518513	
332.77538550	
332.77575542	
332.77620089	
332.77606545	
332.77611806	
332.77606486	
332.77668956	
332.77680720	
332.77728967	
332.77766029	
332.77832252	
332.77878438	
332.77865247	
332.77944985	
332.78014418	
332.78101738	
332.78197998	
332.78274467	
332.78297844	
332.78330765	
332.78354549	
332.78367675	
332.78454452	
332.78500581	
332.78488666	
332.78509771	
332.78542024	
332.78566035	
332.78574452	
332.78570612	
332.78642452	
332.78733689	
332.78749547	
332.78773777	
332.78863157	
332.78932817	
332.78938796	
332.78937862	
332.78969830	
332.78982774	
332.78988443	
332.79035656	
332.79096603	
332.79127694	
332.79204033	
332.79219612	
332.79263116	
332.79311900	
332.79342746	
332.79428455	
332.79470791	
332.79481028	
332.79542486	
332.79569281	
332.79623469	
332.79665203	
332.79688819	
332.79736239	
332.79703523	
332.79711631	
332.79763976	
332.79831839	
332.79905607	
332.79948098	
332.79984051	
332.80022020	
332.80093518	
332.80139633	
332.80184970	
332.80224328	
332.80253956	
332.80309115	
332.80298417	
332.80301833	
332.80336622	
332.80422136	
332.80419199	
332.80417991	
332.80466286	
332.80519140	
332.80603562	
332.80665235	
332.80702582	
332.80794588	
332.80839480	
332.80868937	
332.80902120	
332.80952572	
332.81047541	
332.81063060	
332.81098364	
332.81108775	
332.81107245	
332.81197953	
332.81292687	
332.81362928	
332.81413125	
332.81443642	
332.81504926	
332.81594986	
332.81605501	
332.81625484	
332.81713367	
332.81715208	
332.81719729	
332.81792219	
332.81868538	
332.81915444	
332.81994369	
332.82088623	
332.82091006	
332.82115562	
332.82197813	
332.82294955	
332.82361530	
332.82411991	
332.82452433	
332.82448081	
332.82490835	
332.82552136	
332.82637633	
332.82663901	
332.82634462	
332.82710462	
332.82759064	
332.82779106	
332.82842332	
332.82860816	
332.82855485	
332.82922064	
332.82947130	
332.82955034	
332.83005423	
332.83055179	
332.83129500	
332.83188632	
332.83228286	
332.83271874	
332.83287323	
332.83349241	
332.83431945	
332.83499561	
332.83588550	
332.83632453	
332.83685454	
332.83734627	
332.83762149	
332.83760408	
332.83764070	
332.83827628	
332.83887658	
332.83925314	
332.83935092	
332.83927577	
332.84008636	
332.84112840	
332.84153203	
332.84199749	
332.84209624	
332.84202773	
332.84236117	
332.84290244	
332.84293167	
332.84275373	
332.84358170	
332.84455008	
332.84470316	
332.84457244	
332.84470433	
332.84504006	
332.84514057	
332.84520338	
332.84582298	
332.84641537	
332.84663147	
332.84727516	
332.84758632	
332.84810820	
332.84893671	
332.84903558	
332.84932122	
332.85013868	
332.85045679	
332.85050158	
332.85100888	
332.85097344	
332.85150764	
332.85214607	
332.85285029	
332.85372500	
332.85392661	
332.85402438	
332.85427135	
332.85428527	
332.85462955	
332.85509148	
332.85555728	
332.85569565	
332.85553414	
332.85588492	
332.85604651	
332.85643504	
332.85719398	
332.85802274	
332.85865264	
332.85881631	
332.85875875	
332.85926148	
332.85987292	
332.86023053	
332.86044498	
332.86110090	
332.86207845	
332.86269972	
332.86324019	
332.86349489	
332.86349754	
332.86339675	
332.86353405	
332.86411255	
332.86479860	
332.86548240	
332.86596389	
332.86617395	
332.86695528	
332.86727234	
332.86779995	
332.86837747	
332.86852024	
332.86889509	
332.86945272	
332.86959385	
332.86928364	
332.86995150	
332.86995106	
332.87012610	
332.87095457	
332.87104478	
332.87098869	
332.87147974	
332.87203291	
332.87214817	
332.87242111	
332.87264360	
332.87270734	
332.87309988	
332.87392463	
332.87404650	
332.87461391	
332.87494674	
332.87481240	
332.87492456	
332.87497493	
332.87571643	
332.87580355	
332.87627982	
332.87712729	
332.87736895	
332.87764414	
332.87849128	
332.87882925	
332.87915186	
332.87960213	
332.88006487	
332.88089931	
332.88112304	
332.88102862	
332.88168471	
332.88241981	
332.88277147	
332.88304357	
332.88347106	
332.88430032	
332.88502695	
332.88511521	
332.88568090	
332.88594221	
332.88607501	
332.88672551	
332.88690944	
332.88745446	
332.88783633	
332.88848254	
332.88885209	
332.88915480	
332.88979246	
332.89040267	
332.89126121	
332.89191007	
332.89243925	
332.89299689	
332.89355425	
332.89425988	
332.89432070	
332.89454981	
332.89483651	
332.89550491	
332.89592267	
332.89568992	
332.89607292	
332.89618440	
332.89688967	
332.89771358	
332.89836334	
332.89841451	
332.89902276	
332.90008948	
332.90050978	
332.90123718	
332.90146346	
332.90137000	
332.90154287	
332.90149561	
332.90140978	
332.90210688	
332.90297154	
332.90334341	
332.90399912	
332.90401797	
332.90433099	
332.90461752	
332.90464181	
332.90508132	
332.90576860	
332.90669888	
332.90725716	
332.90794556	
332.90786352	
332.90822390	
332.90903272	
332.90976628	
332.91026055	
332.91099309	
332.91147158	
332.91199893	
332.91264322	
332.91309379	
332.91360753	
332.91350566	
332.91365282	
332.91433709	
332.91529408	
332.91546059	
332.91554540	
332.91627461	
332.91661489	
332.91640369	
332.91690536	
332.91763033	
332.91762940	
332.91815328	
332.91834535	
332.91870994	
332.91971162	
332.91995006	
332.91983012	
332.92032583	
332.92125820	
332.92192473	
332.92233419	
332.92309137	
332.92323575	
332.92359000	
332.92468327	
332.92512989	
332.92570731	
332.92650403	
332.92708914	
332.92723967	
332.92726228	
332.92771523	
332.92827714	
332.92846261	
332.92854155	
332.92908515	
332.92912966	
332.92924751	
332.92961842	
332.92975693	
332.93057518	
332.93084267	
332.93160253	
332.93181333	
332.93202185	
332.93286059	
332.93322386	
332.93388368	
332.93466267	
332.93491796	
332.93521401	
332.93583818	
332.93608577	
332.93684142	
332.93716322	
332.93766675	
332.93846757	
332.93864546	
332.93941672	
332.94004250	
332.94079426	
332.94105211	
332.94156326	
332.94188763	
332.94223623	
332.94311357	
332.94309479	
332.94371173	
332.94399830	
332.94425397	
332.94445895	
332.94426077	
332.94503482	
332.94578021	
332.94599697	
332.94604572	
332.94654691	
332.94715001	
332.94758963	
332.94802054	
332.94811071	
332.94849084	
332.94856060	
332.94871478	
332.94954154	
332.94992200	
332.95043711	
332.95116286	
332.95136073	
332.95205195	
332.95292609	
332.95352003	
332.95431273	
332.95487255	
332.95521043	
332.95592917	
332.95598035	
332.95646186	
332.95726291	
332.95746315	
332.95781752	
332.95790646	
332.95808755	
332.95836573	
332.95871194	
332.95925277	
332.95994246	
332.96019067	
332.96040627	
332.96075390	
332.96115370	
332.96122654	
332.96168365	
332.96184916	
332.96212530	
332.96255626	
332.96259594	
332.96283196	
332.96324469	
332.96412777	
332.96420133	
332.96412127	
332.96471992	
332.96481225	
332.96541796	
332.96627860	
332.96694366	
332.96763322	
332.96777556	
332.96855384	
332.96944265	
332.96943200	
332.97001589	
332.97110679	
332.97096863	
332.97137425	
332.97210655	
332.97238641	
332.97246570	
332.97227751	
332.97295077	
332.97341089	
332.97392069	
332.97491679	
332.97543892	
332.97621394	
332.97681382	
332.97745168	
332.97784027	
332.97781228	
332.97808534	
332.97824525	
332.97841299	
332.97891343	
332.97922791	
332.97987452	
332.97992228	
332.98012966	
332.98034713	
332.97998845	
332.98030854	
332.98071442	
332.98132560	
332.98132844	
332.98158910	
332.98240888	
332.98279133	
332.98334783	
332.98396648	
332.98448088	
332.98458787	
332.98524881	
332.98597253	
332.98624023	
332.98695879	
332.98764951	
332.98767501	
332.98762952	
332.98768611	
332.98779183	
332.98866302	
332.98944700	
332.98968305	
332.99008134	
332.99088243	
332.99096259	
332.99076926	
332.99081655	
332.99077609	
332.99083470	
332.99073855	
332.99076805	
332.99137155	
332.99221784	
332.99252949	
332.99250649	
332.99274168	
332.99350880	
332.99372432	
332.99341548	
332.99346023	
332.99358375	
332.99425231	
332.99509150	
332.99538081	
332.99586814	
332.99586779	
332.99573674	
332.99656474	
332.99653779	
332.99689163	
332.99776060	
332.99782739	
332.99831359	
332.99901115	
332.99910557	
332.99924089	
333.00002658	
333.00064964	
333.00100970	
333.00169050	
333.00215099	
333.00269327	
333.00292619	
333.00321758	
333.00362120	
333.00407995	
333.00430260	
333.00474052	
333.00507933	
333.00519030	
333.00589982	
333.00659065	
333.00749678	
333.00811657	
333.00880354	
333.00890306	
333.00941846	
333.01042298	
333.01075475	
333.01140251	
333.01166659	
333.01188634	
333.01276939	
333.01339639	
333.01351805	
333.01337058	
333.01322354	
333.01336195	
333.01384426	
333.01420417	
333.01441977	
333.01487268	
333.01502701	
333.01495253	
333.01528835	
333.01518074	
333.01577480	
333.01606975	
333.01571735	
333.01594985	
333.01640457	
333.01712120	
333.01765677	
333.01765112	
333.01764513	
333.01758454	
333.01805676	
333.01846159	
333.01871805	
333.01897314	
333.01896238	
333.01917595	
333.01955837	
333.01973284	
333.02019814	
333.02044252	
333.02082108	
333.02169731	
333.02222852	
333.02239996	
333.02231146	
333.02272237	
333.02295549	
333.02341649	
333.02336860	
333.02353684	
333.02367743	
333.02420010	
333.02499858	
333.02541651	
333.02617110	
333.02702586	
333.02704312	
333.02716685	
333.02752550	
333.02817647	
333.02896886	
333.02910275	
333.02920251	
333.02939095	
333.03001328	
333.03025287	
333.03040548	
333.03072685	
333.03072656	
333.03130928	
333.03198514	
333.03233591	
333.03292447	
333.03302435	
333.03351782	
333.03420938	
333.03442256	
333.03433960	
333.03463367	
333.03550305	
333.03605410	
333.03657115	
333.03665088	
333.03706923	
333.03762791	
333.03792200	
333.03866504	
333.03942494	
333.03937101	
333.03918678	
333.03992346	
333.04036644	
333.04092462	
333.04094052	
333.04094519	
333.04136798	
333.04180391	
333.04178923	
333.04208942	
333.04262461	
333.04241715	
333.04255480	
333.04307445	
333.04341301	
333.04408117	
333.04420626	
333.04457795	
333.04566118	
333.04621266	
333.04644558	
333.04688606	
333.04713427	
333.04719524	
333.04811820	
333.04890728	
333.04893307	
333.04899185	
333.04982052	
333.05017739	
333.05049097	
333.05057147	
333.05059087	
333.05048216	
333.05056260	
333.05110468	
333.05159183	
333.05244864	
333.05287730	
333.05266988	
333.05316119	
333.05338244	
333.05305554	
333.05320699	
333.05374020	
333.05428535	
333.05423687	
333.05471322	
333.05536766	
333.05586520	
333.05625382	
333.05674837	
333.05721727	
333.05720042	
333.05718540	
333.05783718	
333.05834000	
333.05861941	
333.05864733	
333.05910803	
333.05941009	
333.05926952	
333.05988640	
333.05983782	
333.05998408	
333.06009732	
333.06001068	
333.06050420	
333.06101081	
333.06149044	
333.06140385	
333.06107370	
333.06127200	
333.06141347	
333.06192887	
333.06191207	
333.06246621	
333.06347820	
333.06398138	
333.06395388	
333.06426149	
333.06492505	
333.06526751	
333.06615018	
333.06689891	
333.06703361	
333.06765942	
333.06809848	
333.06813565	
333.06808528	
333.06832643	
333.06913017	
333.06938241	
333.06931292	
333.06935107	
333.06946779	
333.06929219	
333.06966786	
333.06969907	
333.07021292	
333.07086890	
333.07098010	
333.07155236	
333.07145763	
333.07160914	
333.07178321	
333.07236721	
333.07325774	
333.07326883	
333.07350837	
333.07372560	
333.07410475	
333.07474190	
333.07507658	
333.07551460	
333.07589925	
333.07655494	
333.07680509	
333.07733949	
333.07746011	
333.07695762	
333.07743540	
333.07785676	
333.07820513	
333.07830279	
333.07874277	
333.07951938	
333.08021660	
333.08008621	
333.08056878	
333.08096161	
333.08097426	
333.08097372	
333.08075344	
333.08128722	
333.08129355	
333.08189585	
333.08255962	
333.08310458	
333.08376983	
333.08399283	
333.08403634	
333.08425123	
333.08447681	
333.08460766	
333.08531488	
333.08571857	
333.08628782	
333.08695749	
333.08766532	
333.08835428	
333.08911234	
333.08957969	
333.08979497	
333.09015922	
333.09058035	
333.09128009	
333.09127962	
333.09181237	
333.09199132	
333.09219557	
333.09272639	
333.09295227	
333.09297376	
333.09327352	
333.09357486	
333.09331225	
333.09368645	
333.09387592	
333.09372237	
333.09372583	
333.09362049	
333.09421869	
333.09454839	
333.09497495	
333.09589895	
333.09599631	
333.09584893	
333.09638558	
333.09727780	
333.09797065	
333.09802506	
333.09789447	
333.09815619	
333.09801314	
333.09832686	
333.09868276	
333.09897868	
333.09937428	
333.09989049	
333.09993397	
333.09994788	
333.10059654	
333.10098563	
333.10127488	
333.10201688	
333.10199851	
333.10161623	
333.10206613	
333.10212356	
333.10243218	
333.10297645	
333.10275996	
333.10321557	
333.10380531	
333.10447994	
333.10494160	
333.10538993	
333.10562108	
333.10606562	
333.10649177	
333.10699223	
333.10776519	
333.10803765	
333.10878479	
333.10867466	
333.10863160	
333.10860408	
333.10907142	
333.10958818	
333.11003102	
333.11072806	
333.11138299	
333.11184565	
333.11167202	
333.11208148	
333.11255603	
333.11280353	
333.11352874	
333.11439911	
333.11439016	
333.11497768	
333.11562032	
333.11531979	
333.11554163	
333.11547532	
333.11598634	
333.11672838	
333.11701666	
333.11755903	
333.11810054	
333.11891350	
333.11899013	
333.11934819	
333.11999805	
333.12037026	
333.12108535	
333.12182715	
333.12205995	
333.12202376	
333.12217563	
333.12247964	
333.12252591	
333.12283916	
333.12340058	
333.12362720	
333.12384059	
333.12385947	
333.12365507	
333.12390652	
333.12469799	
333.12524920	
333.12575710	
333.12624997	
333.12618838	
333.12651938	
333.12649844	
333.12658166	
333.12731904	
333.12717947	
333.12769989	
333.12849200	
333.12898779	
333.12929932	
333.12949780	
333.12968768	
333.12955931	
333.12971485	
333.12965546	
333.13000652	
333.13054554	
333.13105558	
333.13166531	
333.13148861	
333.13209198	
333.13235483	
333.13286101	
333.13319325	
333.13300801	
333.13335345	
333.13374483	
333.13432377	
333.13491094	
333.13504629	
333.13535508	
333.13541388	
333.13496114	
333.13551893	
333.13593308	
333.13602508	
333.13643084	
333.13717978	
333.13712503	
333.13737793	
333.13818542	
333.13822542	
333.13802975	
333.13809170	
333.13866185	
333.13894582	
333.13929622	
333.13934402	
333.13940905	
333.13945787	
333.13930136	
333.13987145	
333.14052172	
333.14068041	
333.14126225	
333.14175910	
333.14207023	
333.14281028	
333.14305565	
333.14320645	
333.14330584	
333.14342456	
333.14410890	
333.14475881	
333.14480395	
