0.78500000	
0.78500000	
0.78500000	
0.78500000	
0.78498613	
0.78498613	
0.78498613	
0.78495641	
0.78495641	
0.78495641	
0.78491056	
0.78491056	
0.78491056	
0.78484853	
0.78484853	
0.78477033	
0.78477033	
0.78477033	
0.78467594	
0.78467594	
0.78467594	
0.78456537	
0.78456537	
0.78456537	
0.78443862	
0.78443862	
0.78443862	
0.78429570	
0.78429570	
0.78413659	
0.78413659	
0.78396130	
0.78396130	
0.78396130	
0.78376984	
0.78376984	
0.78376984	
0.78356220	
0.78356220	
0.78356220	
0.78333838	
0.78333838	
0.78333838	
0.78309839	
0.78309839	
0.78284222	
0.78284222	
0.78284222	
0.78256988	
0.78256988	
0.78256988	
0.78228136	
0.78228136	
0.78228136	
0.78197667	
0.78197667	
0.78165581	
0.78165581	
0.78131878	
0.78131878	
0.78131878	
0.78096558	
0.78096558	
0.78096558	
0.78059621	
0.78059621	
0.78059621	
0.78021067	
0.78021067	
0.78021067	
0.77980897	
0.77980897	
0.77939110	
0.77939110	
0.77939110	
0.77895707	
0.77895707	
0.77895707	
0.77850688	
0.77850688	
0.77850688	
0.77804053	
0.77804053	
0.77755802	
0.77755802	
0.77755802	
0.77705935	
0.77705935	
0.77654453	
0.77654453	
0.77654453	
0.77601355	
0.77601355	
0.77601355	
0.77546642	
0.77546642	
0.77546642	
0.77490315	
0.77490315	
0.77490315	
0.77432372	
0.77432372	
0.77372815	
0.77372815	
0.77372815	
0.77311644	
0.77311644	
0.77311644	
0.77248858	
0.77248858	
0.77184458	
0.77184458	
0.77184458	
0.77118445	
0.77118445	
0.77050818	
0.77050818	
0.77050818	
0.76981578	
0.76981578	
0.76981578	
0.76910725	
0.76910725	
0.76910725	
0.76838259	
0.76838259	
0.76838259	
0.76764181	
0.76764181	
0.76688490	
0.76688490	
0.76688490	
0.76611188	
0.76611188	
0.76611188	
0.76532274	
0.76532274	
0.76451748	
0.76451748	
0.76451748	
0.76369611	
0.76369611	
0.76369611	
0.76285864	
0.76285864	
0.76200506	
0.76200506	
0.76200506	
0.76113538	
0.76113538	
0.76113538	
0.76024960	
0.76024960	
0.76024960	
0.75934773	
0.75934773	
0.75934773	
0.75842976	
0.75842976	
0.75749571	
0.75749571	
0.75749571	
0.75654557	
0.75654557	
0.75557936	
0.75557936	
0.75557936	
0.75459706	
0.75459706	
0.75459706	
0.75359870	
0.75359870	
0.75258426	
0.75258426	
0.75258426	
0.75155376	
0.75155376	
0.75155376	
0.75050720	
0.75050720	
0.75050720	
0.74944458	
0.74944458	
0.74944458	
0.74836591	
0.74836591	
0.74727119	
0.74727119	
0.74727119	
0.74616043	
0.74616043	
0.74503364	
0.74503364	
0.74503364	
0.74389080	
0.74389080	
0.74389080	
0.74273194	
0.74273194	
0.74273194	
0.74155706	
0.74155706	
0.74036616	
0.74036616	
0.74036616	
0.73915924	
0.73915924	
0.73915924	
0.73793632	
0.73793632	
0.73793632	
0.73669739	
0.73669739	
0.73669739	
0.73544247	
0.73544247	
0.73417156	
0.73417156	
0.73288466	
0.73288466	
0.73288466	
0.73158178	
0.73158178	
0.73158178	
0.73026293	
0.73026293	
0.73026293	
0.72892811	
0.72892811	
0.72757733	
0.72757733	
0.72757733	
0.72621060	
0.72621060	
0.72621060	
0.72482792	
0.72482792	
0.72482792	
0.72342930	
0.72342930	
0.72342930	
0.72201474	
0.72201474	
0.72058426	
0.72058426	
0.71913786	
0.71913786	
0.71913786	
0.71767555	
0.71767555	
0.71767555	
0.71619733	
0.71619733	
0.71619733	
0.71470322	
0.71470322	
0.71470322	
0.71319322	
0.71319322	
0.71166734	
0.71166734	
0.71166734	
0.71012558	
0.71012558	
0.71012558	
0.70856797	
0.70856797	
0.70856797	
0.70699449	
0.70699449	
0.70699449	
0.70540518	
0.70380002	
0.70380002	
0.70380002	
0.70217904	
0.70217904	
0.70217904	
0.70054224	
0.70054224	
0.70054224	
0.69888963	
0.69888963	
0.69888963	
0.69722122	
0.69722122	
0.69553702	
0.69553702	
0.69553702	
0.69383705	
0.69383705	
0.69383705	
0.69212130	
0.69212130	
0.69212130	
0.69038980	
0.69038980	
0.69038980	
0.68864256	
0.68864256	
0.68687958	
0.68687958	
0.68510087	
0.68510087	
0.68510087	
0.68330646	
0.68330646	
0.68330646	
0.68149634	
0.68149634	
0.68149634	
0.67967054	
0.67967054	
0.67967054	
0.67782906	
0.67782906	
0.67597192	
0.67597192	
0.67597192	
0.67409913	
0.67409913	
0.67409913	
0.67221071	
0.67221071	
0.67221071	
0.67030666	
0.67030666	
0.66838701	
0.66838701	
0.66645176	
0.66645176	
0.66645176	
0.66450094	
0.66450094	
0.66450094	
0.66253455	
0.66253455	
0.66253455	
0.66055261	
0.66055261	
0.66055261	
0.65855514	
0.65855514	
0.65654215	
0.65654215	
0.65654215	
0.65451366	
0.65451366	
0.65451366	
0.65246968	
0.65246968	
0.65246968	
0.65041024	
0.65041024	
0.64833535	
0.64833535	
0.64833535	
0.64624503	
0.64624503	
0.64413929	
0.64413929	
0.64413929	
0.64201815	
0.64201815	
0.64201815	
0.63988164	
0.63988164	
0.63988164	
0.63772978	
0.63772978	
0.63772978	
0.63556257	
0.63556257	
0.63338005	
0.63338005	
0.63338005	
0.63118223	
0.63118223	
0.63118223	
0.62896914	
0.62896914	
0.62674079	
0.62674079	
0.62674079	
0.62449721	
0.62449721	
0.62223842	
0.62223842	
0.62223842	
0.61996444	
0.61996444	
0.61996444	
0.61767530	
0.61767530	
0.61767530	
0.61537102	
0.61537102	
0.61537102	
0.61305163	
0.61305163	
0.61071715	
0.61071715	
0.61071715	
0.60836760	
0.60836760	
0.60836760	
0.60600301	
0.60600301	
0.60362342	
0.60362342	
0.60362342	
0.60122884	
0.60122884	
0.60122884	
0.59881930	
0.59881930	
0.59639483	
0.59639483	
0.59639483	
0.59395547	
0.59395547	
0.59395547	
0.59150124	
0.59150124	
0.59150124	
0.58903216	
0.58903216	
0.58903216	
0.58654828	
0.58654828	
0.58404963	
0.58404963	
0.58404963	
0.58153623	
0.58153623	
0.57900811	
0.57900811	
0.57900811	
0.57646532	
0.57646532	
0.57646532	
0.57390788	
0.57390788	
0.57133584	
0.57133584	
0.57133584	
0.56874922	
0.56874922	
0.56874922	
0.56614806	
0.56614806	
0.56614806	
0.56353241	
0.56353241	
0.56353241	
0.56090229	
0.56090229	
0.55825775	
0.55825775	
0.55825775	
0.55559882	
0.55559882	
0.55292556	
0.55292556	
0.55292556	
0.55023798	
0.55023798	
0.55023798	
0.54753615	
0.54753615	
0.54753615	
0.54482010	
0.54482010	
0.54208987	
0.54208987	
0.54208987	
0.53934552	
0.53934552	
0.53934552	
0.53658708	
0.53658708	
0.53658708	
0.53381460	
0.53381460	
0.53381460	
0.53102812	
0.53102812	
0.52822771	
0.52822771	
0.52541340	
0.52541340	
0.52541340	
0.52258524	
0.52258524	
0.52258524	
0.51974329	
0.51974329	
0.51974329	
0.51688759	
0.51688759	
0.51401821	
0.51401821	
0.51401821	
0.51113519	
0.51113519	
0.51113519	
0.50823859	
0.50823859	
0.50823859	
0.50532846	
0.50532846	
0.50532846	
0.50240486	
0.50240486	
0.49946786	
0.49946786	
0.49651750	
0.49651750	
0.49651750	
0.49355384	
0.49355384	
0.49355384	
0.49057696	
0.49057696	
0.49057696	
0.48758691	
0.48758691	
0.48758691	
0.48458375	
0.48458375	
0.48156755	
0.48156755	
0.48156755	
0.47853837	
0.47853837	
0.47853837	
0.47549629	
0.47549629	
0.47549629	
0.47244136	
0.47244136	
0.47244136	
0.46937366	
0.46629326	
0.46629326	
0.46629326	
0.46320022	
0.46320022	
0.46320022	
0.46009463	
0.46009463	
0.46009463	
0.45697655	
0.45697655	
0.45697655	
0.45384606	
0.45384606	
0.45070324	
0.45070324	
0.45070324	
0.44754817	
0.44754817	
0.44754817	
0.44438091	
0.44438091	
0.44438091	
0.44120156	
0.44120156	
0.44120156	
0.43801019	
0.43801019	
0.43480688	
0.43480688	
0.43159173	
0.43159173	
0.43159173	
0.42836481	
0.42836481	
0.42836481	
0.42512621	
0.42512621	
0.42512621	
0.42187602	
0.42187602	
0.42187602	
0.41861433	
0.41861433	
0.41534122	
0.41534122	
0.41534122	
0.41205680	
0.41205680	
0.41205680	
0.40876114	
0.40876114	
0.40876114	
0.40545436	
0.40545436	
0.40213653	
0.40213653	
0.39880777	
0.39880777	
0.39880777	
0.39546816	
0.39546816	
0.39546816	
0.39211780	
0.39211780	
0.39211780	
0.38875681	
0.38875681	
0.38875681	
0.38538527	
0.38538527	
0.38200330	
0.38200330	
0.38200330	
0.37861100	
0.37861100	
0.37861100	
0.37520846	
0.37520846	
0.37520846	
0.37179582	
0.37179582	
0.36837316	
0.36837316	
0.36837316	
0.36494060	
0.36494060	
0.36149825	
0.36149825	
0.36149825	
0.35804623	
0.35804623	
0.35804623	
0.35458465	
0.35458465	
0.35458465	
0.35111362	
0.35111362	
0.35111362	
0.34763326	
0.34763326	
0.34414369	
0.34414369	
0.34414369	
0.34064503	
0.34064503	
0.34064503	
0.33713739	
0.33713739	
0.33362091	
0.33362091	
0.33362091	
0.33009570	
0.33009570	
0.32656189	
0.32656189	
0.32656189	
0.32301959	
0.32301959	
0.32301959	
0.31946895	
0.31946895	
0.31946895	
0.31591009	
0.31591009	
0.31591009	
0.31234312	
0.31234312	
0.30876820	
0.30876820	
0.30876820	
0.30518544	
0.30518544	
0.30518544	
0.30159498	
0.30159498	
0.29799695	
0.29799695	
0.29799695	
0.29439149	
0.29439149	
0.29439149	
0.29077873	
0.29077873	
0.28715881	
0.28715881	
0.28715881	
0.28353187	
0.28353187	
0.28353187	
0.27989803	
0.27989803	
0.27989803	
0.27625746	
0.27625746	
0.27625746	
0.27261028	
0.27261028	
0.26895663	
0.26895663	
0.26895663	
0.26529666	
0.26529666	
0.26163051	
0.26163051	
0.26163051	
0.25795832	
0.25795832	
0.25795832	
0.25428025	
0.25428025	
0.25059643	
0.25059643	
0.25059643	
0.24690700	
0.24690700	
0.24690700	
0.24321213	
0.24321213	
0.24321213	
0.23951195	
0.23951195	
0.23951195	
0.23580661	
0.23580661	
0.23209627	
0.23209627	
0.23209627	
0.22838107	
0.22838107	
0.22466115	
0.22466115	
0.22466115	
0.22093668	
0.22093668	
0.22093668	
0.21720780	
0.21720780	
0.21720780	
0.21347466	
0.21347466	
0.20973742	
0.20973742	
0.20973742	
0.20599623	
0.20599623	
0.20599623	
0.20225123	
0.20225123	
0.20225123	
0.19850259	
0.19850259	
0.19850259	
0.19475046	
0.19475046	
0.19099498	
0.19099498	
0.18723631	
0.18723631	
0.18723631	
0.18347461	
0.18347461	
0.18347461	
0.17971004	
0.17971004	
0.17971004	
0.17594273	
0.17594273	
0.17217285	
0.17217285	
0.17217285	
0.16840056	
0.16840056	
0.16840056	
0.16462599	
0.16462599	
0.16462599	
0.16084932	
0.16084932	
0.16084932	
0.15707069	
0.15707069	
0.15329026	
0.15329026	
0.14950818	
0.14950818	
0.14950818	
0.14572460	
0.14572460	
0.14572460	
0.14193968	
0.14193968	
0.14193968	
0.13815357	
0.13815357	
0.13815357	
0.13436642	
0.13436642	
0.13057838	
0.13057838	
0.13057838	
0.12678961	
0.12678961	
0.12678961	
0.12300026	
0.12300026	
0.12300026	
0.11921047	
0.11921047	
0.11921047	
0.11542041	
0.11163021	
0.11163021	
0.11163021	
0.10784003	
0.10784003	
0.10784003	
0.10405002	
0.10405002	
0.10405002	
0.10026032	
0.10026032	
0.10026032	
0.09647108	
0.09647108	
0.09268246	
0.09268246	
0.09268246	
0.08889459	
0.08889459	
0.08889459	
0.08510762	
0.08510762	
0.08510762	
0.08132170	
0.08132170	
0.08132170	
0.07753697	
0.07753697	
0.07375358	
0.07375358	
0.06997166	
0.06997166	
0.06997166	
0.06619136	
0.06619136	
0.06619136	
0.06241282	
0.06241282	
0.06241282	
0.05863617	
0.05863617	
0.05863617	
0.05486157	
0.05486157	
0.05108914	
0.05108914	
0.05108914	
0.04731902	
0.04731902	
0.04731902	
0.04355135	
0.04355135	
0.04355135	
0.03978626	
0.03978626	
0.03602390	
0.03602390	
0.03226438	
0.03226438	
0.03226438	
0.02850785	
0.02850785	
0.02850785	
0.02475442	
0.02475442	
0.02475442	
0.02100425	
0.02100425	
0.02100425	
0.01725744	
0.01725744	
0.01351414	
0.01351414	
0.01351414	
0.00977446	
0.00977446	
0.00977446	
0.00603853	
0.00603853	
0.00603853	
0.00230648	
0.00230648	
-0.00142158	
-0.00142158	
-0.00142158	
-0.00514551	
-0.00514551	
-0.00886521	
-0.00886521	
-0.00886521	
-0.01258054	
-0.01258054	
-0.01258054	
-0.01629139	
-0.01629139	
-0.01629139	
-0.01999765	
-0.01999765	
-0.01999765	
-0.02369920	
-0.02369920	
-0.02739592	
-0.02739592	
-0.02739592	
-0.03108770	
-0.03108770	
-0.03108770	
-0.03477443	
-0.03477443	
-0.03845599	
-0.03845599	
-0.03845599	
-0.04213228	
-0.04213228	
-0.04580320	
-0.04580320	
-0.04580320	
-0.04946862	
-0.04946862	
-0.04946862	
-0.05312845	
-0.05312845	
-0.05312845	
-0.05678258	
-0.05678258	
-0.05678258	
-0.06043090	
-0.06043090	
-0.06407332	
-0.06407332	
-0.06407332	
-0.06770974	
-0.06770974	
-0.06770974	
-0.07134004	
-0.07134004	
-0.07496415	
-0.07496415	
-0.07496415	
-0.07858194	
-0.07858194	
-0.07858194	
-0.08219334	
-0.08219334	
-0.08579825	
-0.08579825	
-0.08579825	
-0.08939657	
-0.08939657	
-0.08939657	
-0.09298820	
-0.09298820	
-0.09298820	
-0.09657307	
-0.09657307	
-0.09657307	
-0.10015107	
-0.10015107	
-0.10372212	
-0.10372212	
-0.10372212	
-0.10728613	
-0.10728613	
-0.11084301	
-0.11084301	
-0.11084301	
-0.11439268	
-0.11439268	
-0.11439268	
-0.11793505	
-0.11793505	
-0.12147004	
-0.12147004	
-0.12147004	
-0.12499757	
-0.12499757	
-0.12499757	
-0.12851755	
-0.12851755	
-0.12851755	
-0.13202991	
-0.13202991	
-0.13202991	
-0.13553456	
-0.13553456	
-0.13903144	
-0.13903144	
-0.13903144	
-0.14252045	
-0.14252045	
-0.14600153	
-0.14600153	
-0.14600153	
-0.14947460	
-0.14947460	
-0.14947460	
-0.15293959	
-0.15293959	
-0.15293959	
-0.15639642	
-0.15639642	
-0.15984503	
-0.15984503	
-0.15984503	
-0.16328534	
-0.16328534	
-0.16328534	
-0.16671728	
-0.16671728	
-0.16671728	
-0.17014078	
-0.17014078	
-0.17014078	
-0.17355578	
-0.17355578	
-0.17696220	
-0.17696220	
-0.18035999	
-0.18035999	
-0.18035999	
-0.18374908	
-0.18374908	
-0.18374908	
-0.18712940	
-0.18712940	
-0.18712940	
-0.19050089	
-0.19050089	
-0.19386349	
-0.19386349	
-0.19386349	
-0.19721714	
-0.19721714	
-0.19721714	
-0.20056177	
-0.20056177	
-0.20056177	
-0.20389732	
-0.20389732	
-0.20389732	
-0.20722375	
-0.20722375	
-0.21054098	
-0.21054098	
-0.21384897	
-0.21384897	
-0.21384897	
-0.21714765	
-0.21714765	
-0.21714765	
-0.22043697	
-0.22043697	
-0.22043697	
-0.22371687	
-0.22371687	
-0.22371687	
-0.22698731	
-0.22698731	
-0.23024822	
-0.23024822	
-0.23024822	
-0.23349955	
-0.23349955	
-0.23349955	
-0.23674126	
-0.23674126	
-0.23674126	
-0.23997329	
-0.23997329	
-0.23997329	
-0.24319559	
-0.24640811	
-0.24640811	
-0.24640811	
-0.24961080	
-0.24961080	
-0.24961080	
-0.25280361	
-0.25280361	
-0.25280361	
-0.25598650	
-0.25598650	
-0.25598650	
-0.25915941	
-0.25915941	
-0.26232230	
-0.26232230	
-0.26232230	
-0.26547513	
-0.26547513	
-0.26547513	
-0.26861785	
-0.26861785	
-0.26861785	
-0.27175041	
-0.27175041	
-0.27175041	
-0.27487276	
-0.27487276	
-0.27798488	
-0.27798488	
-0.28108670	
-0.28108670	
-0.28108670	
-0.28417820	
-0.28417820	
-0.28417820	
-0.28725932	
-0.28725932	
-0.28725932	
-0.29033003	
-0.29033003	
-0.29033003	
-0.29339028	
-0.29339028	
-0.29644004	
-0.29644004	
-0.29644004	
-0.29947925	
-0.29947925	
-0.29947925	
-0.30250790	
-0.30250790	
-0.30250790	
-0.30552592	
-0.30552592	
-0.30853329	
-0.30853329	
-0.31152997	
-0.31152997	
-0.31152997	
-0.31451592	
-0.31451592	
-0.31451592	
-0.31749110	
-0.31749110	
-0.31749110	
-0.32045547	
-0.32045547	
-0.32045547	
-0.32340900	
-0.32340900	
-0.32635166	
-0.32635166	
-0.32635166	
-0.32928339	
-0.32928339	
-0.32928339	
-0.33220418	
-0.33220418	
-0.33220418	
-0.33511399	
-0.33511399	
-0.33801277	
-0.33801277	
-0.33801277	
-0.34090050	
-0.34090050	
-0.34377713	
-0.34377713	
-0.34377713	
-0.34664265	
-0.34664265	
-0.34664265	
-0.34949701	
-0.34949701	
-0.34949701	
-0.35234018	
-0.35234018	
-0.35234018	
-0.35517213	
-0.35517213	
-0.35799283	
-0.35799283	
-0.35799283	
-0.36080224	
-0.36080224	
-0.36080224	
-0.36360033	
-0.36360033	
-0.36638707	
-0.36638707	
-0.36638707	
-0.36916243	
-0.36916243	
-0.37192637	
-0.37192637	
-0.37192637	
-0.37467888	
-0.37467888	
-0.37467888	
-0.37741991	
-0.37741991	
-0.37741991	
-0.38014943	
-0.38014943	
-0.38014943	
-0.38286742	
-0.38286742	
-0.38557385	
-0.38557385	
-0.38557385	
-0.38826868	
-0.38826868	
-0.38826868	
-0.39095189	
-0.39095189	
-0.39362345	
-0.39362345	
-0.39362345	
-0.39628332	
-0.39628332	
-0.39628332	
-0.39893149	
-0.39893149	
-0.40156792	
-0.40156792	
-0.40156792	
-0.40419258	
-0.40419258	
-0.40419258	
-0.40680545	
-0.40680545	
-0.40680545	
-0.40940649	
-0.40940649	
-0.40940649	
-0.41199568	
-0.41199568	
-0.41457300	
-0.41457300	
-0.41457300	
-0.41713841	
-0.41713841	
-0.41969188	
-0.41969188	
-0.41969188	
-0.42223340	
-0.42223340	
-0.42223340	
-0.42476293	
-0.42476293	
-0.42728045	
-0.42728045	
-0.42728045	
-0.42978593	
-0.42978593	
-0.42978593	
-0.43227934	
-0.43227934	
-0.43227934	
-0.43476066	
-0.43476066	
-0.43476066	
-0.43722986	
-0.43722986	
-0.43968692	
-0.43968692	
-0.43968692	
-0.44213180	
-0.44213180	
-0.44456449	
-0.44456449	
-0.44456449	
-0.44698496	
-0.44698496	
-0.44698496	
-0.44939318	
-0.44939318	
-0.44939318	
-0.45178913	
-0.45178913	
-0.45417278	
-0.45417278	
-0.45417278	
-0.45654411	
-0.45654411	
-0.45654411	
-0.45890309	
-0.45890309	
-0.45890309	
-0.46124970	
-0.46124970	
-0.46124970	
-0.46358391	
-0.46358391	
-0.46590570	
-0.46590570	
-0.46821505	
-0.46821505	
-0.46821505	
-0.47051192	
-0.47051192	
-0.47051192	
-0.47279630	
-0.47279630	
-0.47279630	
-0.47506815	
-0.47506815	
-0.47732747	
-0.47732747	
-0.47732747	
-0.47957421	
-0.47957421	
-0.47957421	
-0.48180837	
-0.48180837	
-0.48180837	
-0.48402991	
-0.48402991	
-0.48402991	
-0.48623881	
-0.48623881	
-0.48843505	
-0.48843505	
-0.49061860	
-0.49061860	
-0.49061860	
-0.49278944	
-0.49278944	
-0.49278944	
-0.49494755	
-0.49494755	
-0.49494755	
-0.49709290	
-0.49709290	
-0.49709290	
-0.49922547	
-0.49922547	
-0.50134524	
-0.50134524	
-0.50134524	
-0.50345219	
-0.50345219	
-0.50345219	
-0.50554628	
-0.50554628	
-0.50554628	
-0.50762750	
-0.50762750	
-0.50762750	
-0.50969583	
-0.51175123	
-0.51175123	
-0.51175123	
-0.51379370	
-0.51379370	
-0.51379370	
-0.51582320	
-0.51582320	
-0.51582320	
-0.51783972	
-0.51783972	
-0.51783972	
-0.51984323	
-0.51984323	
-0.52183371	
-0.52183371	
-0.52183371	
-0.52381113	
-0.52381113	
-0.52381113	
-0.52577548	
-0.52577548	
-0.52577548	
-0.52772673	
-0.52772673	
-0.52772673	
-0.52966486	
-0.52966486	
-0.53158984	
-0.53158984	
-0.53350166	
-0.53350166	
-0.53350166	
-0.53540030	
-0.53540030	
-0.53540030	
-0.53728572	
-0.53728572	
-0.53728572	
-0.53915792	
-0.53915792	
-0.53915792	
-0.54101686	
-0.54101686	
-0.54286253	
-0.54286253	
-0.54286253	
-0.54469490	
-0.54469490	
-0.54469490	
-0.54651395	
-0.54651395	
-0.54651395	
-0.54831966	
-0.54831966	
-0.55011201	
-0.55011201	
-0.55189098	
-0.55189098	
-0.55189098	
-0.55365654	
-0.55365654	
-0.55365654	
-0.55540868	
-0.55540868	
-0.55540868	
-0.55714737	
-0.55714737	
-0.55714737	
-0.55887259	
-0.55887259	
-0.56058432	
-0.56058432	
-0.56058432	
-0.56228254	
-0.56228254	
-0.56228254	
-0.56396723	
-0.56396723	
-0.56396723	
-0.56563837	
-0.56563837	
-0.56729593	
-0.56729593	
-0.56729593	
-0.56893989	
-0.56893989	
-0.57057024	
-0.57057024	
-0.57057024	
-0.57218695	
-0.57218695	
-0.57218695	
-0.57379000	
-0.57379000	
-0.57379000	
-0.57537937	
-0.57537937	
-0.57537937	
-0.57695505	
-0.57695505	
-0.57851700	
-0.57851700	
-0.57851700	
-0.58006521	
-0.58006521	
-0.58006521	
-0.58159966	
-0.58159966	
-0.58312033	
-0.58312033	
-0.58312033	
-0.58462720	
-0.58462720	
-0.58612024	
-0.58612024	
-0.58612024	
-0.58759943	
-0.58759943	
-0.58759943	
-0.58906477	
-0.58906477	
-0.58906477	
-0.59051622	
-0.59051622	
-0.59051622	
-0.59195377	
-0.59195377	
-0.59337739	
-0.59337739	
-0.59337739	
-0.59478706	
-0.59478706	
-0.59478706	
-0.59618278	
-0.59618278	
-0.59756450	
-0.59756450	
-0.59756450	
-0.59893223	
-0.59893223	
-0.59893223	
-0.60028592	
-0.60028592	
-0.60162558	
-0.60162558	
-0.60162558	
-0.60295117	
-0.60295117	
-0.60295117	
-0.60426267	
-0.60426267	
-0.60426267	
-0.60556008	
-0.60556008	
-0.60556008	
-0.60684336	
-0.60684336	
-0.60811249	
-0.60811249	
-0.60811249	
-0.60936747	
-0.60936747	
-0.61060826	
-0.61060826	
-0.61060826	
-0.61183485	
-0.61183485	
-0.61183485	
-0.61304722	
-0.61304722	
-0.61424536	
-0.61424536	
-0.61424536	
-0.61542923	
-0.61542923	
-0.61542923	
-0.61659883	
-0.61659883	
-0.61659883	
-0.61775412	
-0.61775412	
-0.61775412	
-0.61889511	
-0.61889511	
-0.62002175	
-0.62002175	
-0.62002175	
-0.62113405	
-0.62113405	
-0.62223197	
-0.62223197	
-0.62223197	
-0.62331550	
-0.62331550	
-0.62331550	
-0.62438462	
-0.62438462	
-0.62438462	
-0.62543931	
-0.62543931	
-0.62647955	
-0.62647955	
-0.62647955	
-0.62750533	
-0.62750533	
-0.62750533	
-0.62851662	
-0.62851662	
-0.62851662	
-0.62951341	
-0.62951341	
-0.62951341	
-0.63049567	
-0.63049567	
-0.63146340	
-0.63146340	
-0.63241657	
-0.63241657	
-0.63241657	
-0.63335516	
-0.63335516	
-0.63335516	
-0.63427916	
-0.63427916	
-0.63427916	
-0.63518855	
-0.63518855	
-0.63608330	
-0.63608330	
-0.63608330	
-0.63696341	
-0.63696341	
-0.63696341	
-0.63782885	
-0.63782885	
-0.63782885	
-0.63867961	
-0.63867961	
-0.63867961	
-0.63951566	
-0.63951566	
-0.64033700	
-0.64033700	
-0.64114360	
-0.64114360	
-0.64114360	
-0.64193544	
-0.64193544	
-0.64193544	
-0.64271251	
-0.64271251	
-0.64271251	
-0.64347479	
-0.64347479	
-0.64347479	
-0.64422227	
-0.64422227	
-0.64495492	
-0.64495492	
-0.64495492	
-0.64567273	
-0.64567273	
-0.64567273	
-0.64637568	
-0.64637568	
-0.64637568	
-0.64706375	
-0.64706375	
-0.64706375	
-0.64773693	
-0.64839520	
-0.64839520	
-0.64839520	
-0.64903855	
-0.64903855	
-0.64903855	
-0.64966695	
-0.64966695	
-0.64966695	
-0.65028039	
-0.65028039	
-0.65028039	
-0.65087886	
-0.65087886	
-0.65146233	
-0.65146233	
-0.65146233	
-0.65203079	
-0.65203079	
-0.65203079	
-0.65258422	
-0.65258422	
-0.65258422	
-0.65312261	
-0.65312261	
-0.65312261	
-0.65364595	
-0.65364595	
-0.65415420	
-0.65415420	
-0.65464737	
-0.65464737	
-0.65464737	
-0.65512542	
-0.65512542	
-0.65512542	
-0.65558835	
-0.65558835	
-0.65558835	
-0.65603615	
-0.65603615	
-0.65603615	
-0.65646878	
-0.65646878	
-0.65688625	
-0.65688625	
-0.65688625	
-0.65728852	
-0.65728852	
-0.65728852	
-0.65767560	
-0.65767560	
-0.65767560	
-0.65804745	
-0.65804745	
-0.65840407	
-0.65840407	
-0.65874544	
-0.65874544	
-0.65874544	
-0.65907154	
-0.65907154	
-0.65907154	
-0.65938236	
-0.65938236	
-0.65938236	
-0.65967789	
-0.65967789	
-0.65967789	
-0.65995811	
-0.65995811	
-0.66022299	
-0.66022299	
-0.66022299	
-0.66047254	
-0.66047254	
-0.66047254	
-0.66070673	
-0.66070673	
-0.66070673	
-0.66092555	
-0.66092555	
-0.66112898	
-0.66112898	
-0.66112898	
-0.66131702	
-0.66131702	
-0.66148963	
-0.66148963	
-0.66148963	
-0.66164682	
-0.66164682	
-0.66164682	
-0.66178856	
-0.66178856	
-0.66178856	
-0.66191484	
-0.66191484	
-0.66191484	
-0.66202565	
-0.66202565	
-0.66212097	
-0.66212097	
-0.66212097	
-0.66220079	
-0.66220079	
-0.66220079	
-0.66226509	
-0.66226509	
-0.66231386	
-0.66231386	
-0.66231386	
-0.66234709	
-0.66234709	
-0.66236476	
-0.66236476	
-0.66236476	
-0.66236686	
-0.66236686	
-0.66236686	
-0.66235337	
-0.66235337	
-0.66235337	
-0.66232428	
-0.66232428	
-0.66232428	
-0.66227958	
-0.66227958	
-0.66221926	
-0.66221926	
-0.66221926	
-0.66214329	
-0.66214329	
-0.66214329	
-0.66205167	
-0.66205167	
-0.66194439	
-0.66194439	
-0.66194439	
-0.66182142	
-0.66182142	
-0.66182142	
-0.66168277	
-0.66168277	
-0.66152841	
-0.66152841	
-0.66152841	
-0.66135833	
-0.66135833	
-0.66135833	
-0.66117252	
-0.66117252	
-0.66117252	
-0.66097096	
-0.66097096	
-0.66097096	
-0.66075365	
-0.66075365	
-0.66052058	
-0.66052058	
-0.66052058	
-0.66027172	
-0.66027172	
-0.66000707	
-0.66000707	
-0.66000707	
-0.65972661	
-0.65972661	
-0.65972661	
-0.65943033	
-0.65943033	
-0.65911823	
-0.65911823	
-0.65911823	
-0.65879029	
-0.65879029	
-0.65879029	
-0.65844649	
-0.65844649	
-0.65844649	
-0.65808683	
-0.65808683	
-0.65808683	
-0.65771129	
-0.65771129	
-0.65731986	
-0.65731986	
-0.65731986	
-0.65691254	
-0.65691254	
-0.65648930	
-0.65648930	
-0.65648930	
-0.65605014	
-0.65605014	
-0.65605014	
-0.65559506	
-0.65559506	
-0.65559506	
-0.65512402	
-0.65512402	
-0.65463704	
-0.65463704	
-0.65463704	
-0.65413409	
-0.65413409	
-0.65413409	
-0.65361516	
-0.65361516	
-0.65361516	
-0.65308025	
-0.65308025	
-0.65308025	
-0.65252934	
-0.65252934	
-0.65196243	
-0.65196243	
-0.65137950	
-0.65137950	
-0.65137950	
-0.65078055	
-0.65078055	
-0.65078055	
-0.65016556	
-0.65016556	
-0.65016556	
-0.64953452	
-0.64953452	
-0.64888743	
-0.64888743	
-0.64888743	
-0.64822428	
-0.64822428	
-0.64822428	
-0.64754505	
-0.64754505	
-0.64754505	
-0.64684974	
-0.64684974	
-0.64684974	
-0.64613834	
-0.64613834	
-0.64541084	
-0.64541084	
-0.64466723	
-0.64466723	
-0.64466723	
-0.64390751	
-0.64390751	
-0.64390751	
-0.64313166	
-0.64313166	
-0.64313166	
-0.64233968	
-0.64233968	
-0.64233968	
-0.64153155	
-0.64153155	
-0.64070728	
-0.64070728	
-0.64070728	
-0.63986685	
-0.63986685	
-0.63986685	
-0.63901026	
-0.63901026	
-0.63901026	
-0.63813749	
-0.63813749	
-0.63813749	
-0.63724855	
-0.63634343	
-0.63634343	
-0.63634343	
-0.63542211	
-0.63542211	
-0.63542211	
-0.63448460	
-0.63448460	
-0.63448460	
-0.63353088	
-0.63353088	
-0.63353088	
-0.63256095	
-0.63256095	
-0.63157481	
-0.63157481	
-0.63157481	
-0.63057245	
-0.63057245	
-0.63057245	
-0.62955386	
-0.62955386	
-0.62955386	
-0.62851904	
-0.62851904	
-0.62851904	
-0.62746798	
-0.62746798	
-0.62640068	
-0.62640068	
-0.62531714	
-0.62531714	
-0.62531714	
-0.62421735	
-0.62421735	
-0.62421735	
-0.62310131	
-0.62310131	
-0.62310131	
-0.62196900	
-0.62196900	
-0.62196900	
-0.62082044	
-0.62082044	
-0.61965562	
-0.61965562	
-0.61965562	
-0.61847453	
-0.61847453	
-0.61847453	
-0.61727718	
-0.61727718	
-0.61727718	
-0.61606355	
-0.61606355	
-0.61483365	
-0.61483365	
-0.61358748	
-0.61358748	
-0.61358748	
-0.61232504	
-0.61232504	
-0.61232504	
-0.61104632	
-0.61104632	
-0.61104632	
-0.60975132	
-0.60975132	
-0.60975132	
-0.60844005	
-0.60844005	
-0.60711250	
-0.60711250	
-0.60711250	
-0.60576868	
-0.60576868	
-0.60576868	
-0.60440859	
-0.60440859	
-0.60440859	
-0.60303222	
-0.60303222	
-0.60163958	
-0.60163958	
-0.60163958	
-0.60023067	
-0.60023067	
-0.59880550	
-0.59880550	
-0.59880550	
-0.59736406	
-0.59736406	
-0.59736406	
-0.59590636	
-0.59590636	
-0.59590636	
-0.59443241	
-0.59443241	
-0.59443241	
-0.59294221	
-0.59294221	
-0.59143576	
-0.59143576	
-0.59143576	
-0.58991306	
-0.58991306	
-0.58991306	
-0.58837414	
-0.58837414	
-0.58681898	
-0.58681898	
-0.58681898	
-0.58524760	
-0.58524760	
-0.58366000	
-0.58366000	
-0.58366000	
-0.58205620	
-0.58205620	
-0.58205620	
-0.58043619	
-0.58043619	
-0.58043619	
-0.57880000	
-0.57880000	
-0.57880000	
-0.57714762	
-0.57714762	
-0.57547908	
-0.57547908	
-0.57547908	
-0.57379437	
-0.57379437	
-0.57379437	
-0.57209351	
-0.57209351	
-0.57037652	
-0.57037652	
-0.57037652	
-0.56864340	
-0.56864340	
-0.56864340	
-0.56689417	
-0.56689417	
-0.56512884	
-0.56512884	
-0.56512884	
-0.56334743	
-0.56334743	
-0.56334743	
-0.56154995	
-0.56154995	
-0.56154995	
-0.55973642	
-0.55973642	
-0.55973642	
-0.55790685	
-0.55790685	
-0.55606127	
-0.55606127	
-0.55606127	
-0.55419968	
-0.55419968	
-0.55232211	
-0.55232211	
-0.55232211	
-0.55042859	
-0.55042859	
-0.55042859	
-0.54851912	
-0.54851912	
-0.54659373	
-0.54659373	
-0.54659373	
-0.54465245	
-0.54465245	
-0.54465245	
-0.54269529	
-0.54269529	
-0.54269529	
-0.54072228	
-0.54072228	
-0.54072228	
-0.53873345	
-0.53873345	
-0.53672882	
-0.53672882	
-0.53672882	
-0.53470842	
-0.53470842	
-0.53267227	
-0.53267227	
-0.53267227	
-0.53062041	
-0.53062041	
-0.53062041	
-0.52855286	
-0.52855286	
-0.52855286	
-0.52646965	
-0.52646965	
-0.52437082	
-0.52437082	
-0.52437082	
-0.52225640	
-0.52225640	
-0.52225640	
-0.52012643	
-0.52012643	
-0.52012643	
-0.51798093	
-0.51798093	
-0.51798093	
-0.51581994	
-0.51581994	
-0.51364351	
-0.51364351	
-0.51145167	
-0.51145167	
-0.51145167	
-0.50924445	
-0.50924445	
-0.50924445	
-0.50702191	
-0.50702191	
-0.50702191	
-0.50478407	
-0.50478407	
-0.50253100	
-0.50253100	
-0.50253100	
-0.50026272	
-0.50026272	
-0.50026272	
-0.49797929	
-0.49797929	
-0.49797929	
-0.49568075	
-0.49568075	
-0.49568075	
-0.49336715	
-0.49336715	
-0.49103854	
-0.49103854	
-0.48869498	
-0.48869498	
-0.48869498	
-0.48633651	
-0.48633651	
-0.48633651	
-0.48396318	
-0.48396318	
-0.48396318	
-0.48157506	
-0.48157506	
-0.48157506	
-0.47917220	
-0.47917220	
-0.47675466	
-0.47675466	
-0.47675466	
-0.47432250	
-0.47432250	
-0.47432250	
-0.47187578	
-0.47187578	
-0.47187578	
-0.46941456	
-0.46941456	
-0.46941456	
-0.46693890	
-0.46444888	
-0.46444888	
-0.46444888	
-0.46194456	
-0.46194456	
-0.46194456	
-0.45942601	
-0.45942601	
-0.45942601	
-0.45689330	
-0.45689330	
-0.45689330	
-0.45434650	
-0.45434650	
-0.45178568	
-0.45178568	
-0.45178568	
-0.44921093	
-0.44921093	
-0.44921093	
-0.44662232	
-0.44662232	
-0.44662232	
-0.44401993	
-0.44401993	
-0.44401993	
-0.44140383	
-0.44140383	
-0.43877412	
-0.43877412	
-0.43613088	
-0.43613088	
-0.43613088	
-0.43347419	
-0.43347419	
-0.43347419	
-0.43080414	
-0.43080414	
-0.43080414	
-0.42812082	
-0.42812082	
-0.42812082	
-0.42542432	
-0.42542432	
-0.42271473	
-0.42271473	
-0.42271473	
-0.41999216	
-0.41999216	
-0.41999216	
-0.41725670	
-0.41725670	
-0.41725670	
-0.41450844	
-0.41450844	
-0.41174749	
-0.41174749	
-0.40897395	
-0.40897395	
-0.40897395	
-0.40618793	
-0.40618793	
-0.40618793	
-0.40338953	
-0.40338953	
-0.40338953	
-0.40057885	
-0.40057885	
-0.40057885	
-0.39775602	
-0.39775602	
-0.39492114	
-0.39492114	
-0.39492114	
-0.39207433	
-0.39207433	
-0.39207433	
-0.38921569	
-0.38921569	
-0.38921569	
-0.38634536	
-0.38634536	
-0.38346345	
-0.38346345	
-0.38346345	
-0.38057008	
-0.38057008	
-0.37766537	
-0.37766537	
-0.37766537	
-0.37474946	
-0.37474946	
-0.37474946	
-0.37182246	
-0.37182246	
-0.37182246	
-0.36888451	
-0.36888451	
-0.36888451	
-0.36593574	
-0.36593574	
-0.36297628	
-0.36297628	
-0.36297628	
-0.36000626	
-0.36000626	
-0.36000626	
-0.35702583	
-0.35702583	
-0.35403512	
-0.35403512	
-0.35403512	
-0.35103426	
-0.35103426	
-0.34802341	
-0.34802341	
-0.34802341	
-0.34500271	
-0.34500271	
-0.34500271	
-0.34197230	
-0.34197230	
-0.34197230	
-0.33893233	
-0.33893233	
-0.33893233	
-0.33588294	
-0.33588294	
-0.33282429	
-0.33282429	
-0.33282429	
-0.32975653	
-0.32975653	
-0.32975653	
-0.32667982	
-0.32667982	
-0.32359430	
-0.32359430	
-0.32359430	
-0.32050014	
-0.32050014	
-0.32050014	
-0.31739750	
-0.31739750	
-0.31428652	
-0.31428652	
-0.31428652	
-0.31116738	
-0.31116738	
-0.31116738	
-0.30804024	
-0.30804024	
-0.30804024	
-0.30490526	
-0.30490526	
-0.30490526	
-0.30176261	
-0.30176261	
-0.29861245	
-0.29861245	
-0.29861245	
-0.29545495	
-0.29545495	
-0.29229028	
-0.29229028	
-0.29229028	
-0.28911861	
-0.28911861	
-0.28911861	
-0.28594011	
-0.28594011	
-0.28275496	
-0.28275496	
-0.28275496	
-0.27956332	
-0.27956332	
-0.27956332	
-0.27636538	
-0.27636538	
-0.27636538	
-0.27316130	
-0.27316130	
-0.27316130	
-0.26995126	
-0.26995126	
-0.26673544	
-0.26673544	
-0.26673544	
-0.26351402	
-0.26351402	
-0.26028717	
-0.26028717	
-0.26028717	
-0.25705507	
-0.25705507	
-0.25705507	
-0.25381791	
-0.25381791	
-0.25381791	
-0.25057587	
-0.25057587	
-0.24732911	
-0.24732911	
-0.24732911	
-0.24407783	
-0.24407783	
-0.24407783	
-0.24082221	
-0.24082221	
-0.24082221	
-0.23756242	
-0.23756242	
-0.23756242	
-0.23429865	
-0.23429865	
-0.23103109	
-0.23103109	
-0.22775990	
-0.22775990	
-0.22775990	
-0.22448529	
-0.22448529	
-0.22448529	
-0.22120741	
-0.22120741	
-0.22120741	
-0.21792647	
-0.21792647	
-0.21464264	
-0.21464264	
-0.21464264	
-0.21135610	
-0.21135610	
-0.21135610	
-0.20806704	
-0.20806704	
-0.20806704	
-0.20477563	
-0.20477563	
-0.20477563	
-0.20148205	
-0.20148205	
-0.19818650	
-0.19818650	
-0.19488914	
-0.19488914	
-0.19488914	
-0.19159016	
-0.19159016	
-0.19159016	
-0.18828973	
-0.18828973	
-0.18828973	
-0.18498803	
-0.18498803	
-0.18498803	
-0.18168525	
-0.18168525	
-0.17838155	
-0.17838155	
-0.17838155	
-0.17507712	
-0.17507712	
-0.17507712	
-0.17177212	
-0.17177212	
-0.17177212	
-0.16846674	
-0.16846674	
-0.16846674	
-0.16516114	
-0.16185550	
-0.16185550	
-0.16185550	
-0.15854999	
-0.15854999	
-0.15854999	
-0.15524477	
-0.15524477	
-0.15524477	
-0.15194003	
-0.15194003	
-0.15194003	
-0.14863592	
-0.14863592	
-0.14533261	
-0.14533261	
-0.14533261	
-0.14203028	
-0.14203028	
-0.14203028	
-0.13872907	
-0.13872907	
-0.13872907	
-0.13542915	
-0.13542915	
-0.13542915	
-0.13213069	
-0.13213069	
-0.12883385	
-0.12883385	
-0.12553877	
-0.12553877	
-0.12553877	
-0.12224563	
-0.12224563	
-0.12224563	
-0.11895457	
-0.11895457	
-0.11895457	
-0.11566575	
-0.11566575	
-0.11566575	
-0.11237931	
-0.11237931	
-0.10909542	
-0.10909542	
-0.10909542	
-0.10581422	
-0.10581422	
-0.10581422	
-0.10253585	
-0.10253585	
-0.10253585	
-0.09926047	
-0.09926047	
-0.09598821	
-0.09598821	
-0.09271921	
-0.09271921	
-0.09271921	
-0.08945362	
-0.08945362	
-0.08945362	
-0.08619158	
-0.08619158	
-0.08619158	
-0.08293322	
-0.08293322	
-0.08293322	
-0.07967868	
-0.07967868	
-0.07642808	
-0.07642808	
-0.07642808	
-0.07318157	
-0.07318157	
-0.07318157	
-0.06993927	
-0.06993927	
-0.06993927	
-0.06670130	
-0.06670130	
-0.06346779	
-0.06346779	
-0.06346779	
-0.06023888	
-0.06023888	
-0.05701466	
-0.05701466	
-0.05701466	
-0.05379528	
-0.05379528	
-0.05379528	
-0.05058085	
-0.05058085	
-0.05058085	
-0.04737147	
-0.04737147	
-0.04737147	
-0.04416727	
-0.04416727	
-0.04096836	
-0.04096836	
-0.04096836	
-0.03777486	
-0.03777486	
-0.03777486	
-0.03458685	
-0.03458685	
-0.03140447	
-0.03140447	
-0.03140447	
-0.02822780	
-0.02822780	
-0.02505696	
-0.02505696	
-0.02505696	
-0.02189204	
-0.02189204	
-0.02189204	
-0.01873314	
-0.01873314	
-0.01873314	
-0.01558036	
-0.01558036	
-0.01558036	
-0.01243381	
-0.01243381	
-0.00929356	
-0.00929356	
-0.00929356	
-0.00615971	
-0.00615971	
-0.00615971	
-0.00303236	
-0.00303236	
0.00008841	
0.00008841	
0.00008841	
0.00320250	
0.00320250	
0.00320250	
0.00630985	
0.00630985	
0.00941036	
0.00941036	
0.00941036	
0.01250395	
0.01250395	
0.01250395	
0.01559054	
0.01559054	
0.01559054	
0.01867005	
0.01867005	
0.01867005	
0.02174240	
0.02174240	
0.02480753	
0.02480753	
0.02480753	
0.02786535	
0.02786535	
0.03091580	
0.03091580	
0.03091580	
0.03395881	
0.03395881	
0.03395881	
0.03699430	
0.03699430	
0.04002220	
0.04002220	
0.04002220	
0.04304246	
0.04304246	
0.04304246	
0.04605501	
0.04605501	
0.04605501	
0.04905979	
0.04905979	
0.04905979	
0.05205673	
0.05205673	
0.05504578	
0.05504578	
0.05504578	
0.05802687	
0.05802687	
0.06099995	
0.06099995	
0.06099995	
0.06396497	
0.06396497	
0.06396497	
0.06692186	
0.06692186	
0.06692186	
0.06987058	
0.06987058	
0.07281108	
0.07281108	
0.07281108	
0.07574330	
0.07574330	
0.07574330	
0.07866720	
0.07866720	
0.07866720	
0.08158272	
0.08158272	
0.08158272	
0.08448982	
0.08448982	
0.08738846	
0.08738846	
0.09027859	
0.09027859	
0.09027859	
0.09316017	
0.09316017	
0.09316017	
0.09603315	
0.09603315	
0.09603315	
0.09889749	
0.09889749	
0.10175316	
0.10175316	
0.10175316	
0.10460012	
0.10460012	
0.10460012	
0.10743832	
0.10743832	
0.10743832	
0.11026773	
0.11026773	
0.11026773	
0.11308832	
0.11308832	
0.11590005	
0.11590005	
0.11870288	
0.11870288	
0.11870288	
0.12149679	
0.12149679	
0.12149679	
0.12428173	
0.12428173	
0.12428173	
0.12705769	
0.12705769	
0.12705769	
0.12982463	
0.12982463	
0.13258252	
0.13258252	
0.13258252	
0.13533133	
0.13533133	
0.13533133	
0.13807103	
0.13807103	
0.13807103	
0.14080160	
0.14080160	
0.14080160	
0.14352302	
0.14623524	
0.14623524	
0.14623524	
0.14893826	
0.14893826	
0.14893826	
0.15163205	
0.15163205	
0.15163205	
0.15431657	
0.15431657	
0.15431657	
0.15699182	
0.15699182	
0.15965777	
0.15965777	
0.15965777	
0.16231440	
0.16231440	
0.16231440	
0.16496168	
0.16496168	
0.16496168	
0.16759960	
0.16759960	
0.16759960	
0.17022814	
0.17022814	
0.17284728	
0.17284728	
0.17545699	
0.17545699	
0.17545699	
0.17805727	
0.17805727	
0.17805727	
0.18064810	
0.18064810	
0.18064810	
0.18322945	
0.18322945	
0.18322945	
0.18580132	
0.18580132	
0.18836369	
0.18836369	
0.18836369	
0.19091654	
0.19091654	
0.19091654	
0.19345985	
0.19345985	
0.19345985	
0.19599362	
0.19599362	
0.19851783	
0.19851783	
0.20103247	
0.20103247	
0.20103247	
0.20353752	
0.20353752	
0.20353752	
0.20603297	
0.20603297	
0.20603297	
0.20851881	
0.20851881	
0.20851881	
0.21099503	
0.21099503	
0.21346161	
0.21346161	
0.21346161	
0.21591855	
0.21591855	
0.21591855	
0.21836583	
0.21836583	
0.21836583	
0.22080344	
0.22080344	
0.22323138	
0.22323138	
0.22323138	
0.22564963	
0.22564963	
0.22805819	
0.22805819	
0.22805819	
0.23045704	
0.23045704	
0.23045704	
0.23284618	
0.23284618	
0.23284618	
0.23522560	
0.23522560	
0.23522560	
0.23759529	
0.23759529	
0.23995523	
0.23995523	
0.23995523	
0.24230544	
0.24230544	
0.24230544	
0.24464589	
0.24464589	
0.24697657	
0.24697657	
0.24697657	
0.24929749	
0.24929749	
0.25160864	
0.25160864	
0.25160864	
0.25391000	
0.25391000	
0.25391000	
0.25620157	
0.25620157	
0.25620157	
0.25848335	
0.25848335	
0.25848335	
0.26075533	
0.26075533	
0.26301750	
0.26301750	
0.26301750	
0.26526985	
0.26526985	
0.26526985	
0.26751239	
0.26751239	
0.26974511	
0.26974511	
0.26974511	
0.27196799	
0.27196799	
0.27196799	
0.27418104	
0.27418104	
0.27638425	
0.27638425	
0.27638425	
0.27857761	
0.27857761	
0.27857761	
0.28076112	
0.28076112	
0.28076112	
0.28293478	
0.28293478	
0.28293478	
0.28509858	
0.28509858	
0.28725251	
0.28725251	
0.28725251	
0.28939658	
0.28939658	
0.29153077	
0.29153077	
0.29153077	
0.29365508	
0.29365508	
0.29365508	
0.29576952	
0.29576952	
0.29787406	
0.29787406	
0.29787406	
0.29996872	
0.29996872	
0.29996872	
0.30205348	
0.30205348	
0.30205348	
0.30412834	
0.30412834	
0.30412834	
0.30619330	
0.30619330	
0.30824835	
0.30824835	
0.30824835	
0.31029350	
0.31029350	
0.31232873	
0.31232873	
0.31232873	
0.31435404	
0.31435404	
0.31435404	
0.31636943	
0.31636943	
0.31636943	
0.31837489	
0.31837489	
0.32037043	
0.32037043	
0.32037043	
0.32235603	
0.32235603	
0.32235603	
0.32433170	
0.32433170	
0.32433170	
0.32629743	
0.32629743	
0.32629743	
0.32825321	
0.32825321	
0.33019905	
0.33019905	
0.33213493	
0.33213493	
0.33213493	
0.33406086	
0.33406086	
0.33406086	
0.33597684	
0.33597684	
0.33597684	
0.33788285	
0.33788285	
0.33977889	
0.33977889	
0.33977889	
0.34166497	
0.34166497	
0.34166497	
0.34354108	
0.34354108	
0.34354108	
0.34540721	
0.34540721	
0.34540721	
0.34726336	
0.34726336	
0.34910952	
0.34910952	
0.35094570	
0.35094570	
0.35094570	
0.35277190	
0.35277190	
0.35277190	
0.35458809	
0.35458809	
0.35458809	
0.35639429	
0.35639429	
0.35639429	
0.35819049	
0.35819049	
0.35997668	
0.35997668	
0.35997668	
0.36175286	
0.36175286	
0.36175286	
0.36351903	
0.36351903	
0.36351903	
0.36527519	
0.36527519	
0.36527519	
0.36702132	
0.36875743	
0.36875743	
0.36875743	
0.37048351	
0.37048351	
0.37048351	
0.37219956	
0.37219956	
0.37219956	
0.37390557	
0.37390557	
0.37390557	
0.37560155	
0.37560155	
0.37728748	
0.37728748	
0.37728748	
0.37896336	
0.37896336	
0.37896336	
0.38062919	
0.38062919	
0.38062919	
0.38228496	
0.38228496	
0.38228496	
0.38393067	
0.38393067	
0.38556632	
0.38556632	
0.38719190	
0.38719190	
0.38719190	
0.38880740	
0.38880740	
0.38880740	
0.39041283	
0.39041283	
0.39041283	
0.39200818	
0.39200818	
0.39200818	
0.39359343	
0.39359343	
0.39516860	
0.39516860	
0.39516860	
0.39673368	
0.39673368	
0.39673368	
0.39828865	
0.39828865	
0.39828865	
0.39983352	
0.39983352	
0.40136828	
0.40136828	
0.40289292	
0.40289292	
0.40289292	
0.40440745	
0.40440745	
0.40440745	
0.40591185	
0.40591185	
0.40591185	
0.40740612	
0.40740612	
0.40740612	
0.40889026	
0.40889026	
0.41036427	
0.41036427	
0.41036427	
0.41182813	
0.41182813	
0.41182813	
0.41328184	
0.41328184	
0.41328184	
0.41472540	
0.41472540	
0.41615880	
0.41615880	
0.41615880	
0.41758204	
0.41758204	
0.41899510	
0.41899510	
0.41899510	
0.42039800	
0.42039800	
0.42039800	
0.42179071	
0.42179071	
0.42179071	
0.42317324	
0.42317324	
0.42317324	
0.42454558	
0.42454558	
0.42590773	
0.42590773	
0.42590773	
0.42725967	
0.42725967	
0.42725967	
0.42860141	
0.42860141	
0.42993294	
0.42993294	
0.42993294	
0.43125425	
0.43125425	
0.43256533	
0.43256533	
0.43256533	
0.43386619	
0.43386619	
0.43386619	
0.43515681	
0.43515681	
0.43515681	
0.43643719	
0.43643719	
0.43643719	
0.43770733	
0.43770733	
0.43896721	
0.43896721	
0.43896721	
0.44021684	
0.44021684	
0.44021684	
0.44145620	
0.44145620	
0.44268529	
0.44268529	
0.44268529	
0.44390411	
0.44390411	
0.44390411	
0.44511264	
0.44511264	
0.44631088	
0.44631088	
0.44631088	
0.44749883	
0.44749883	
0.44749883	
0.44867648	
0.44867648	
0.44867648	
0.44984383	
0.44984383	
0.44984383	
0.45100085	
0.45100085	
0.45214756	
0.45214756	
0.45214756	
0.45328395	
0.45328395	
0.45441000	
0.45441000	
0.45441000	
0.45552571	
0.45552571	
0.45552571	
0.45663108	
0.45663108	
0.45772609	
0.45772609	
0.45772609	
0.45881075	
0.45881075	
0.45881075	
0.45988504	
0.45988504	
0.45988504	
0.46094896	
0.46094896	
0.46094896	
0.46200251	
0.46200251	
0.46304566	
0.46304566	
0.46304566	
0.46407843	
0.46407843	
0.46510079	
0.46510079	
0.46510079	
0.46611276	
0.46611276	
0.46611276	
0.46711431	
0.46711431	
0.46711431	
0.46810544	
0.46810544	
0.46908614	
0.46908614	
0.46908614	
0.47005641	
0.47005641	
0.47005641	
0.47101625	
0.47101625	
0.47101625	
0.47196563	
0.47196563	
0.47196563	
0.47290456	
0.47290456	
0.47383303	
0.47383303	
0.47475104	
0.47475104	
0.47475104	
0.47565856	
0.47565856	
0.47565856	
0.47655561	
0.47655561	
0.47655561	
0.47744217	
0.47744217	
0.47831823	
0.47831823	
0.47831823	
0.47918378	
0.47918378	
0.47918378	
0.48003883	
0.48003883	
0.48003883	
0.48088336	
0.48088336	
0.48088336	
0.48171736	
0.48171736	
0.48254083	
0.48254083	
0.48335376	
0.48335376	
0.48335376	
0.48415614	
0.48415614	
0.48415614	
0.48494797	
0.48494797	
0.48494797	
0.48572923	
0.48572923	
0.48572923	
0.48649993	
0.48649993	
0.48726004	
0.48726004	
0.48726004	
0.48800958	
0.48800958	
0.48800958	
0.48874852	
0.48874852	
0.48874852	
0.48947686	
0.48947686	
0.48947686	
0.49019460	
0.49090172	
0.49090172	
0.49090172	
0.49159822	
0.49159822	
0.49159822	
0.49228409	
0.49228409	
0.49228409	
0.49295932	
0.49295932	
0.49295932	
0.49362391	
0.49362391	
0.49427784	
0.49427784	
0.49427784	
0.49492112	
0.49492112	
0.49492112	
0.49555373	
0.49555373	
0.49555373	
0.49617566	
0.49617566	
0.49617566	
0.49678691	
0.49678691	
0.49738747	
0.49738747	
0.49797733	
0.49797733	
0.49797733	
0.49855648	
0.49855648	
0.49855648	
0.49912492	
0.49912492	
0.49912492	
0.49968264	
0.49968264	
0.49968264	
0.50022963	
0.50022963	
0.50076589	
0.50076589	
0.50076589	
0.50129140	
0.50129140	
0.50129140	
0.50180615	
0.50180615	
0.50180615	
0.50231015	
0.50231015	
0.50280338	
0.50280338	
0.50328583	
0.50328583	
0.50328583	
0.50375750	
0.50375750	
0.50375750	
0.50421837	
0.50421837	
0.50421837	
0.50466845	
0.50466845	
0.50466845	
0.50510772	
0.50510772	
0.50553618	
0.50553618	
0.50553618	
0.50595381	
0.50595381	
0.50595381	
0.50636061	
0.50636061	
0.50636061	
0.50675657	
0.50675657	
0.50714169	
0.50714169	
0.50714169	
0.50751596	
0.50751596	
0.50787936	
0.50787936	
0.50787936	
0.50823189	
0.50823189	
0.50823189	
0.50857354	
0.50857354	
0.50857354	
0.50890431	
0.50890431	
0.50890431	
0.50922418	
0.50922418	
0.50953315	
0.50953315	
0.50953315	
0.50983122	
0.50983122	
0.50983122	
0.51011836	
0.51011836	
0.51039458	
0.51039458	
0.51039458	
0.51065987	
0.51065987	
0.51091421	
0.51091421	
0.51091421	
0.51115761	
0.51115761	
0.51115761	
0.51139005	
0.51139005	
0.51139005	
0.51161152	
0.51161152	
0.51161152	
0.51182203	
0.51182203	
0.51202155	
0.51202155	
0.51202155	
0.51221008	
0.51221008	
0.51221008	
0.51238762	
0.51238762	
0.51255415	
0.51255415	
0.51255415	
0.51270967	
0.51270967	
0.51270967	
0.51285417	
0.51285417	
0.51298764	
0.51298764	
0.51298764	
0.51311007	
0.51311007	
0.51311007	
0.51322146	
0.51322146	
0.51322146	
0.51332180	
0.51332180	
0.51332180	
0.51341108	
0.51341108	
0.51348928	
0.51348928	
0.51348928	
0.51355642	
0.51355642	
0.51361247	
0.51361247	
0.51361247	
0.51365743	
0.51365743	
0.51365743	
0.51369128	
0.51369128	
0.51371403	
0.51371403	
0.51371403	
0.51372567	
0.51372567	
0.51372567	
0.51372618	
0.51372618	
0.51372618	
0.51371556	
0.51371556	
0.51371556	
0.51369380	
0.51369380	
0.51366089	
0.51366089	
0.51366089	
0.51361682	
0.51361682	
0.51356159	
0.51356159	
0.51356159	
0.51349520	
0.51349520	
0.51349520	
0.51341762	
0.51341762	
0.51341762	
0.51332885	
0.51332885	
0.51322889	
0.51322889	
0.51322889	
0.51311772	
0.51311772	
0.51311772	
0.51299535	
0.51299535	
0.51299535	
0.51286175	
0.51286175	
0.51286175	
0.51271693	
0.51271693	
0.51256087	
0.51256087	
0.51239357	
0.51239357	
0.51239357	
0.51221502	
0.51221502	
0.51221502	
0.51202521	
0.51202521	
0.51202521	
0.51182413	
0.51182413	
0.51161177	
0.51161177	
0.51161177	
0.51138814	
0.51138814	
0.51138814	
0.51115321	
0.51115321	
0.51115321	
0.51090698	
0.51090698	
0.51090698	
0.51064944	
0.51064944	
0.51038059	
0.51038059	
0.51010042	
0.51010042	
0.51010042	
0.50980891	
0.50980891	
0.50980891	
0.50950607	
0.50950607	
0.50950607	
0.50919188	
0.50919188	
0.50919188	
0.50886633	
0.50886633	
0.50852942	
0.50852942	
0.50852942	
0.50818114	
0.50818114	
0.50818114	
0.50782148	
0.50782148	
0.50782148	
0.50745043	
0.50745043	
0.50745043	
0.50706799	
0.50667414	
0.50667414	
0.50667414	
0.50626888	
0.50626888	
0.50626888	
0.50585220	
0.50585220	
0.50585220	
0.50542409	
0.50542409	
0.50542409	
0.50498455	
0.50498455	
0.50453356	
0.50453356	
0.50453356	
0.50407112	
0.50407112	
0.50407112	
0.50359722	
0.50359722	
0.50359722	
0.50311185	
0.50311185	
0.50311185	
0.50261501	
0.50261501	
0.50210668	
0.50210668	
0.50158686	
0.50158686	
0.50158686	
0.50105553	
0.50105553	
0.50105553	
0.50051270	
0.50051270	
0.50051270	
0.49995835	
0.49995835	
0.49995835	
0.49939248	
0.49939248	
0.49881507	
0.49881507	
0.49881507	
0.49822612	
0.49822612	
0.49822612	
0.49762562	
0.49762562	
0.49762562	
0.49701356	
0.49701356	
0.49638993	
0.49638993	
0.49575473	
0.49575473	
0.49575473	
0.49510794	
0.49510794	
0.49510794	
0.49444957	
0.49444957	
0.49444957	
0.49377959	
0.49377959	
0.49377959	
0.49309801	
0.49309801	
0.49240481	
0.49240481	
0.49240481	
0.49169998	
0.49169998	
