325.03214316	
325.03262148	
325.03221821	
325.03210287	
325.03249212	
325.03289327	
325.03305354	
325.03312993	
325.03350175	
325.03320197	
325.03323850	
325.03330906	
325.03294454	
325.03264529	
325.03298844	
325.03306822	
325.03275121	
325.03251494	
325.03213885	
325.03168220	
325.03152218	
325.03174007	
325.03173527	
325.03167203	
325.03171959	
325.03168653	
325.03123755	
325.03159459	
325.03154741	
325.03121164	
325.03149867	
325.03184422	
325.03146331	
325.03149434	
325.03167197	
325.03106556	
325.03088044	
325.03121824	
325.03089489	
325.03015801	
325.03042514	
325.03026387	
325.03004088	
325.02968657	
325.02950828	
325.02984788	
325.02945246	
325.02887759	
325.02842951	
325.02787730	
325.02743558	
325.02730031	
325.02759544	
325.02766810	
325.02751062	
325.02795744	
325.02828649	
325.02794647	
325.02741252	
325.02706340	
325.02704188	
325.02750216	
325.02753991	
325.02753257	
325.02728033	
325.02698318	
325.02743017	
325.02746376	
325.02761867	
325.02770269	
325.02752542	
325.02797486	
325.02820241	
325.02843825	
325.02850333	
325.02808076	
325.02806413	
325.02786415	
325.02734065	
325.02700455	
325.02709548	
325.02752874	
325.02796294	
325.02827579	
325.02870226	
325.02917915	
325.02929023	
325.02924380	
325.02887943	
325.02879960	
325.02902876	
325.02902934	
325.02876418	
325.02909912	
325.02915481	
325.02844482	
325.02806814	
325.02783188	
325.02834743	
325.02828268	
325.02777358	
325.02815652	
325.02815879	
325.02757465	
325.02737031	
325.02767607	
325.02762931	
325.02703614	
325.02711007	
325.02744077	
325.02729323	
325.02736477	
325.02701971	
325.02717304	
325.02768048	
325.02790664	
325.02767829	
325.02719301	
325.02686288	
325.02670240	
325.02706945	
325.02699331	
325.02718106	
325.02761290	
325.02746446	
325.02781203	
325.02845038	
325.02806682	
325.02796249	
325.02765608	
325.02790607	
325.02812128	
325.02750709	
325.02760887	
325.02769831	
325.02789633	
325.02831546	
325.02789503	
325.02744875	
325.02727750	
325.02721804	
325.02709807	
325.02691793	
325.02731695	
325.02713448	
325.02721129	
325.02754071	
325.02777368	
325.02831409	
325.02797376	
325.02741521	
325.02747163	
325.02728389	
325.02704798	
325.02717428	
325.02737785	
325.02787169	
325.02822948	
325.02840320	
325.02811818	
325.02789726	
325.02823242	
325.02797928	
325.02783599	
325.02747240	
325.02716342	
325.02720758	
325.02721496	
325.02731316	
325.02760299	
325.02784917	
325.02753209	
325.02789134	
325.02792373	
325.02799404	
325.02822526	
325.02826983	
325.02792324	
325.02797429	
325.02818366	
325.02757980	
325.02739551	
325.02741862	
325.02718041	
325.02746292	
325.02793073	
325.02832661	
325.02809021	
325.02787805	
325.02796031	
325.02816194	
325.02818012	
325.02812612	
325.02819772	
325.02815087	
325.02824622	
325.02841251	
325.02834846	
325.02813262	
325.02798603	
325.02775102	
325.02802250	
325.02781460	
325.02795651	
325.02821991	
325.02839916	
325.02845302	
325.02836996	
325.02832757	
325.02793612	
325.02805429	
325.02783185	
325.02740671	
325.02715115	
325.02685635	
325.02738978	
325.02766003	
325.02791862	
325.02842676	
325.02848274	
325.02850369	
325.02827950	
325.02844740	
325.02881416	
325.02901659	
325.02920927	
325.02928076	
325.02966726	
325.02952925	
325.02938437	
325.02900415	
325.02847490	
325.02841566	
325.02838428	
325.02853866	
325.02903533	
325.02952383	
325.02935339	
325.02963166	
325.02963245	
325.02933688	
325.02911490	
325.02894158	
325.02915778	
325.02920069	
325.02877766	
325.02836367	
325.02847934	
325.02802554	
325.02783188	
325.02828210	
325.02801530	
325.02792326	
325.02848439	
325.02856749	
325.02873690	
325.02907924	
325.02958072	
325.03005019	
325.03036480	
325.03046452	
325.03057678	
325.03048587	
325.02994452	
325.03021835	
325.03008065	
325.02969991	
325.03019503	
325.03050684	
325.03044995	
325.02996495	
325.03016755	
325.03080663	
325.03042751	
325.03028831	
325.03020054	
325.02966780	
325.02973252	
325.03026897	
325.03044589	
325.03022171	
325.03012547	
325.03043171	
325.03062669	
325.03050168	
325.03047280	
325.03010877	
325.03005215	
325.03013457	
325.03044554	
325.03054653	
325.03088451	
325.03130394	
325.03143499	
325.03153015	
325.03153529	
325.03192188	
325.03183554	
325.03170641	
325.03215739	
325.03240889	
325.03252785	
325.03301433	
325.03345334	
325.03330543	
325.03322348	
325.03343226	
325.03299903	
325.03246951	
325.03193079	
325.03144038	
325.03156805	
325.03155716	
325.03123511	
325.03076584	
325.03013830	
325.02961543	
325.02902990	
325.02899804	
325.02914569	
325.02898642	
325.02883722	
325.02920640	
325.02940089	
325.02898334	
325.02925463	
325.02939553	
325.02933407	
325.02983765	
325.02994429	
325.02983133	
325.02936984	
325.02873933	
325.02912541	
325.02919596	
325.02884891	
325.02842583	
325.02785937	
325.02832430	
325.02841445	
325.02870301	
325.02894110	
325.02841501	
325.02854619	
325.02888160	
325.02873192	
325.02830732	
325.02786673	
325.02773477	
325.02738981	
325.02733782	
325.02714450	
325.02686756	
325.02684003	
325.02640921	
325.02610963	
325.02593718	
325.02590314	
325.02574353	
325.02579411	
325.02599873	
325.02630706	
325.02616272	
325.02605998	
325.02626594	
325.02610624	
325.02586867	
325.02623369	
325.02655830	
325.02694815	
325.02696290	
325.02654430	
325.02641625	
325.02649694	
325.02652624	
325.02616484	
325.02633687	
325.02650103	
325.02634160	
325.02589652	
325.02532076	
325.02520365	
325.02487024	
325.02482152	
325.02494665	
325.02478657	
325.02495190	
325.02463613	
325.02418609	
325.02387946	
325.02427036	
325.02441437	
325.02383789	
325.02345001	
325.02314756	
325.02310052	
325.02289968	
325.02262511	
325.02244709	
325.02256034	
325.02242574	
325.02201767	
325.02212364	
325.02177470	
325.02203989	
325.02218092	
325.02180817	
325.02157321	
325.02095096	
325.02139332	
325.02125238	
325.02118350	
325.02102600	
325.02045454	
325.02071501	
325.02061915	
325.02097845	
325.02073309	
325.01999648	
325.01967176	
325.01929820	
325.01897075	
325.01848627	
325.01883747	
325.01929442	
325.01909859	
325.01875035	
325.01852995	
325.01807594	
325.01785504	
325.01762420	
325.01736247	
325.01755031	
325.01763799	
325.01758171	
325.01790083	
325.01832865	
325.01852327	
325.01824339	
325.01781922	
325.01765967	
325.01725219	
325.01719499	
325.01691651	
325.01661904	
325.01671878	
325.01716510	
325.01769062	
325.01802426	
325.01806349	
325.01793944	
325.01795655	
325.01804358	
325.01817874	
325.01806646	
325.01839865	
325.01825600	
325.01843267	
325.01829743	
325.01774440	
325.01828561	
325.01863773	
325.01848751	
325.01802209	
325.01752829	
325.01770389	
325.01784183	
325.01750071	
325.01780861	
325.01759103	
325.01777120	
325.01785133	
325.01779988	
325.01801485	
325.01807196	
325.01811636	
325.01785175	
325.01767684	
325.01744635	
325.01759843	
325.01796748	
325.01817314	
325.01816043	
325.01769570	
325.01745313	
325.01711585	
325.01683066	
325.01660994	
325.01622397	
325.01595094	
325.01585908	
325.01617022	
325.01603516	
325.01612651	
325.01583909	
325.01598304	
325.01628874	
325.01587735	
325.01545736	
325.01515910	
325.01497553	
325.01482808	
325.01496192	
325.01481527	
325.01518058	
325.01518121	
325.01495306	
325.01526738	
325.01486267	
325.01445394	
325.01422717	
325.01380535	
325.01363153	
325.01350055	
325.01311555	
325.01260238	
325.01295033	
325.01308809	
325.01307593	
325.01338738	
325.01352585	
325.01339419	
325.01323967	
325.01370429	
325.01398675	
325.01402836	
325.01353444	
325.01342734	
325.01397688	
325.01448277	
325.01498762	
325.01518725	
325.01525190	
325.01526463	
325.01503076	
325.01460650	
325.01465995	
325.01475008	
325.01512486	
325.01577785	
325.01584966	
325.01588892	
325.01636890	
325.01690022	
325.01690927	
325.01658835	
325.01676025	
325.01689031	
325.01697426	
325.01738147	
325.01742477	
325.01720907	
325.01740307	
325.01709007	
325.01662962	
325.01661410	
325.01668437	
325.01652934	
325.01605710	
325.01587890	
325.01581415	
325.01540145	
325.01480195	
325.01466287	
325.01435016	
325.01436919	
325.01467738	
325.01481752	
325.01523245	
325.01566749	
325.01596202	
325.01610925	
325.01654200	
325.01691411	
325.01709459	
325.01718523	
325.01740849	
325.01753613	
325.01707788	
325.01726407	
325.01710803	
325.01702509	
325.01700239	
325.01729969	
325.01754143	
325.01703578	
325.01718622	
325.01714311	
325.01752253	
325.01806589	
325.01836012	
325.01817603	
325.01776637	
325.01744257	
325.01682462	
325.01647766	
325.01678746	
325.01676520	
325.01682481	
325.01730748	
325.01732010	
325.01772908	
325.01816492	
325.01817985	
325.01832861	
325.01840185	
325.01842955	
325.01850889	
325.01866765	
325.01861322	
325.01842855	
325.01873909	
325.01861123	
325.01850693	
325.01833679	
325.01841878	
325.01853477	
325.01800079	
325.01822425	
325.01847918	
325.01846186	
325.01883725	
325.01935749	
325.01928894	
325.01951595	
325.01999230	
325.02006633	
325.01998721	
325.01982959	
325.01983278	
325.02020517	
325.02054257	
325.02000040	
325.01940931	
325.01936278	
325.01906338	
325.01863071	
325.01901414	
325.01920822	
325.01924703	
325.01900833	
325.01904094	
325.01895734	
325.01832420	
325.01867053	
325.01879576	
325.01862204	
325.01868949	
325.01913584	
325.01976881	
325.01960587	
325.01928672	
325.01926682	
325.01955894	
325.01973806	
325.02002682	
325.02032610	
325.02009965	
325.01977728	
325.01975545	
325.02016702	
325.01992361	
325.02012936	
325.02013500	
325.01978243	
325.01971890	
325.01967786	
325.01984392	
325.01948961	
325.01917281	
325.01922125	
325.01920230	
325.01948267	
325.01936869	
325.01924310	
325.01945704	
325.01891380	
325.01911617	
325.01960701	
325.01957115	
325.01906459	
325.01932962	
325.01915226	
325.01850574	
325.01814650	
325.01814897	
325.01839620	
325.01868298	
325.01903892	
325.01917210	
325.01928527	
325.01877176	
325.01854983	
325.01883608	
325.01852847	
325.01843392	
325.01857299	
325.01862121	
325.01851481	
325.01810263	
325.01811577	
325.01768441	
325.01757177	
325.01777486	
325.01738034	
325.01711123	
325.01748822	
325.01791798	
325.01842448	
325.01901917	
325.01905694	
325.01905232	
325.01872241	
325.01873069	
325.01893994	
325.01884148	
325.01901231	
325.01927668	
325.01950075	
325.01973759	
325.01977619	
325.02012381	
325.02035234	
325.02043240	
325.02027663	
325.01963689	
325.01999143	
325.02042340	
325.02062784	
325.02094985	
325.02057260	
325.02020097	
325.01980464	
325.01944028	
325.01998725	
325.02056743	
325.02095604	
325.02088317	
325.02116182	
325.02085643	
325.02021189	
325.02061540	
325.02029262	
325.02054760	
325.02084637	
325.02098529	
325.02118062	
325.02075073	
325.02097516	
325.02109053	
325.02106407	
325.02121821	
325.02106602	
325.02108800	
325.02152050	
325.02190914	
325.02228318	
325.02269920	
325.02284731	
325.02234255	
325.02185045	
325.02143668	
325.02179227	
325.02184337	
325.02207410	
325.02199049	
325.02187803	
325.02190854	
325.02178729	
325.02183780	
325.02194055	
325.02230874	
325.02264494	
325.02289923	
325.02269287	
325.02306099	
325.02281923	
325.02288401	
325.02262163	
325.02249920	
325.02232364	
325.02234638	
325.02285489	
325.02304568	
325.02293873	
325.02237663	
325.02228369	
325.02207618	
325.02241081	
325.02258622	
325.02232375	
325.02218384	
325.02213297	
325.02252818	
325.02258238	
325.02241249	
325.02250978	
325.02288606	
325.02270926	
325.02222610	
325.02259803	
325.02222114	
325.02184276	
325.02229372	
325.02211984	
325.02186898	
325.02158372	
325.02122803	
325.02139834	
325.02140966	
325.02175650	
325.02205274	
325.02210020	
325.02227578	
325.02260811	
325.02279266	
325.02298683	
325.02330135	
325.02323803	
325.02328940	
325.02298035	
325.02288438	
325.02271292	
325.02212234	
325.02177228	
325.02137373	
325.02104990	
325.02078122	
325.02053435	
325.02038094	
325.02070513	
325.02097594	
325.02083388	
325.02035583	
325.02016530	
325.02012913	
325.02035791	
325.02006685	
325.02011904	
325.02042769	
325.01993442	
325.02042325	
325.02011279	
325.02001781	
325.02003149	
325.01963345	
325.01948666	
325.01909701	
325.01885022	
325.01856759	
325.01884530	
325.01889531	
325.01891157	
325.01914034	
325.01896024	
325.01867046	
325.01841738	
325.01856314	
325.01872439	
325.01823680	
325.01835033	
325.01855695	
325.01807768	
325.01796730	
325.01831210	
325.01861024	
325.01872761	
325.01860046	
325.01874871	
325.01880411	
325.01908151	
325.01957575	
325.01964105	
325.02016676	
325.02059116	
325.02075800	
325.02059578	
325.02055637	
325.02038583	
325.01994700	
325.01997334	
325.02017570	
325.02027147	
325.02021998	
325.02003249	
325.02041682	
325.02061668	
325.02023972	
325.02022469	
325.01982169	
325.01929493	
325.01917432	
325.01938192	
325.01959464	
325.01929853	
325.01915974	
325.01916660	
325.01887571	
325.01898378	
325.01903692	
325.01860621	
325.01882262	
325.01919091	
325.01904553	
325.01901119	
325.01942973	
325.01919435	
325.01858159	
325.01809681	
325.01768230	
325.01725914	
325.01737918	
325.01735699	
325.01706009	
325.01695448	
325.01689139	
325.01704336	
325.01729803	
325.01756156	
325.01727164	
325.01692781	
325.01701451	
325.01742475	
325.01762928	
325.01728422	
325.01689914	
325.01672047	
325.01672347	
325.01647279	
325.01635238	
325.01682427	
325.01640301	
325.01607249	
325.01628418	
325.01637868	
325.01641867	
325.01595914	
325.01537931	
325.01500376	
325.01536599	
325.01592151	
325.01597331	
325.01624211	
325.01631335	
325.01639221	
325.01674467	
325.01718353	
325.01714130	
325.01718318	
325.01772108	
325.01761273	
325.01768534	
325.01764495	
325.01766193	
325.01744735	
325.01736662	
325.01796857	
325.01774344	
325.01758261	
325.01792792	
325.01795369	
325.01776414	
325.01806912	
325.01849447	
325.01885102	
325.01920413	
325.01936480	
325.01946248	
325.01904122	
325.01880640	
325.01892231	
325.01922964	
325.01942263	
325.01889835	
325.01869917	
325.01900899	
325.01907464	
325.01947776	
325.01993490	
325.02022533	
325.02011494	
325.01963097	
325.01942290	
325.01963544	
325.01991940	
325.02029169	
325.02084323	
325.02092693	
325.02091676	
325.02109078	
325.02128589	
325.02088137	
325.02083861	
325.02064909	
325.02058949	
325.02045635	
325.02002565	
325.01983720	
325.02013932	
325.02076562	
325.02032179	
325.02052204	
325.02054363	
325.02068975	
325.02127496	
325.02112503	
325.02151972	
325.02129167	
325.02100922	
325.02142726	
325.02163229	
325.02177843	
325.02133301	
325.02141852	
325.02209169	
325.02166244	
325.02142097	
325.02127561	
325.02096679	
325.02087285	
325.02039560	
325.01987859	
325.02001035	
325.02007954	
325.01989236	
325.01974255	
325.01985914	
325.02045572	
325.02043586	
325.02026514	
325.02027959	
325.02068028	
325.02052926	
325.02077574	
325.02143285	
325.02144908	
325.02172046	
325.02194809	
325.02163712	
325.02104333	
325.02109860	
325.02069705	
325.02075632	
325.02126635	
325.02156042	
325.02140648	
325.02162927	
325.02211498	
325.02220081	
325.02191305	
325.02129521	
325.02117528	
325.02092223	
325.02134390	
325.02155752	
325.02182120	
325.02198394	
325.02209471	
325.02273994	
325.02284646	
325.02258223	
325.02285263	
325.02273618	
325.02206526	
325.02184836	
325.02142811	
325.02101190	
325.02061818	
325.02032354	
325.02009593	
325.02031261	
325.02004782	
325.02021176	
325.02001193	
325.01978687	
325.01962931	
325.01957561	
325.01961120	
325.01925755	
325.01929104	
325.01873628	
325.01885018	
325.01867652	
325.01851230	
325.01890855	
325.01887781	
325.01908058	
325.01919623	
325.01953265	
325.01964124	
325.01969477	
325.02021554	
325.02054863	
325.02071578	
325.02099023	
325.02127600	
325.02153531	
325.02166521	
325.02142251	
325.02118708	
325.02137431	
325.02175120	
325.02175897	
325.02212484	
325.02251554	
325.02210395	
325.02165120	
325.02173418	
325.02218416	
325.02273561	
325.02298826	
325.02293297	
325.02322444	
325.02299086	
325.02247901	
325.02220411	
325.02206164	
325.02229768	
325.02180645	
325.02152925	
325.02173206	
325.02209902	
325.02229817	
325.02206885	
325.02205243	
325.02222714	
325.02191669	
325.02156267	
325.02198798	
325.02260121	
325.02233431	
325.02173701	
325.02190848	
325.02240260	
325.02291427	
325.02341984	
325.02351580	
325.02307964	
325.02340494	
325.02410717	
325.02440266	
325.02457124	
325.02406539	
325.02372991	
325.02333247	
325.02285239	
325.02325187	
325.02322041	
325.02297318	
325.02268196	
325.02281242	
325.02310842	
325.02267307	
325.02264143	
325.02289580	
325.02328611	
325.02355653	
325.02366083	
325.02391140	
325.02386810	
325.02370693	
325.02360212	
325.02366603	
325.02354798	
325.02356975	
325.02417252	
325.02427027	
325.02464794	
325.02518631	
325.02563007	
325.02591313	
325.02598326	
325.02629796	
325.02665709	
325.02657373	
325.02656278	
325.02641904	
325.02628412	
325.02649096	
325.02647530	
325.02661694	
325.02684878	
325.02694825	
325.02680314	
325.02683187	
325.02691806	
325.02701214	
325.02660371	
325.02684858	
325.02678932	
325.02614153	
325.02626835	
325.02643410	
325.02613136	
325.02572361	
325.02552756	
325.02524144	
325.02518554	
325.02523692	
325.02537087	
325.02522380	
325.02491114	
325.02484472	
325.02458669	
325.02448008	
325.02462274	
325.02474880	
325.02518526	
325.02543947	
325.02549765	
325.02593452	
325.02633941	
325.02632928	
325.02634195	
325.02638493	
325.02678314	
325.02706168	
325.02748584	
325.02728279	
325.02742976	
325.02816344	
325.02803922	
325.02822026	
325.02818386	
325.02844650	
325.02863456	
325.02891889	
325.02935192	
325.02938643	
325.02989855	
325.02991121	
325.02990404	
325.02956192	
325.02912850	
325.02877909	
325.02815962	
325.02847809	
325.02904166	
325.02947222	
325.02975692	
325.02960202	
325.02946516	
325.02904000	
325.02901277	
325.02917471	
325.02941695	
325.02915704	
325.02878276	
325.02935686	
325.02940935	
325.02943961	
325.02902181	
325.02900359	
325.02931151	
325.02952876	
325.02964337	
325.02968934	
325.02998495	
325.03030281	
325.03003840	
325.02986466	
325.03013078	
325.02973630	
325.02986953	
325.03022002	
325.02997986	
325.02977921	
325.03030114	
325.03069383	
325.03064663	
325.03090076	
325.03121039	
325.03144339	
325.03114467	
325.03083795	
325.03063436	
325.03030099	
325.03023707	
325.02987789	
325.02940969	
325.02936876	
325.02959880	
325.02979918	
325.02983348	
325.02942632	
325.02926136	
325.02948974	
325.02944150	
325.02941872	
325.02938325	
325.02963370	
325.02942170	
325.02911960	
325.02936008	
325.02978205	
325.03010238	
325.03047955	
325.03021019	
325.03031095	
325.03058371	
325.03021214	
325.03062839	
325.03019778	
325.03009648	
325.02989958	
325.02956291	
325.02994849	
325.02963639	
325.02962026	
325.02938428	
325.02961801	
325.02972338	
325.02918122	
325.02954386	
325.02970089	
325.03011155	
325.03024390	
325.03031892	
325.03043868	
325.03075115	
325.03095518	
325.03071803	
325.03112156	
325.03100845	
325.03088877	
325.03111095	
325.03138123	
325.03127229	
325.03135876	
325.03137939	
325.03112284	
325.03098597	
325.03124197	
325.03104723	
325.03047263	
325.03101163	
325.03104957	
325.03117046	
325.03144618	
325.03148169	
325.03147463	
325.03113264	
325.03093192	
325.03079350	
325.03060576	
325.03106769	
325.03155393	
325.03158273	
325.03126189	
325.03118332	
325.03104827	
325.03106512	
325.03106277	
325.03136709	
325.03166233	
325.03146794	
325.03146315	
325.03133115	
325.03143390	
325.03131142	
325.03163560	
325.03194135	
325.03156914	
325.03185953	
325.03239113	
325.03237040	
325.03268778	
325.03288314	
325.03254906	
325.03241058	
325.03259025	
325.03231469	
325.03254702	
325.03238256	
325.03186954	
325.03201978	
325.03161210	
325.03113685	
325.03089257	
325.03133625	
325.03161895	
325.03151158	
325.03196892	
325.03199109	
325.03177789	
325.03171522	
325.03187634	
325.03161462	
325.03165593	
325.03161448	
325.03096105	
325.03130311	
325.03166354	
325.03146992	
325.03164638	
325.03158094	
325.03172486	
325.03207981	
325.03182929	
325.03154158	
325.03154419	
325.03175609	
325.03212637	
325.03197945	
325.03145464	
325.03163806	
325.03152378	
325.03128212	
325.03100379	
325.03120166	
325.03124315	
325.03111041	
325.03126464	
325.03089712	
325.03071500	
325.03110180	
325.03140002	
325.03150762	
325.03179178	
325.03157990	
325.03135854	
325.03129524	
325.03074720	
325.03069708	
325.03078827	
325.03045219	
325.03021567	
325.03060193	
325.03079048	
325.03062559	
325.03019856	
325.03006619	
325.03025399	
325.02981839	
325.03018397	
325.03022684	
325.03027155	
325.03084446	
325.03070087	
325.03021268	
325.02968676	
325.02962010	
325.02995290	
325.03036502	
325.03073917	
325.03091836	
325.03082975	
325.03117597	
325.03176040	
325.03171422	
325.03149262	
325.03130627	
325.03109381	
325.03117291	
325.03075425	
325.03053124	
325.03092186	
325.03075428	
325.03039567	
325.03070813	
325.03122911	
325.03170544	
325.03143680	
325.03120369	
325.03137148	
325.03139850	
325.03167468	
325.03209221	
325.03189063	
325.03134875	
325.03168328	
325.03144478	
325.03149702	
325.03160938	
325.03167781	
325.03167593	
325.03138124	
325.03111483	
325.03108671	
325.03101434	
325.03085015	
325.03075299	
325.03071355	
325.03078644	
325.03087133	
325.03136786	
325.03151221	
325.03152681	
325.03107318	
325.03059768	
325.03041774	
325.03052074	
325.03103920	
325.03132459	
325.03148279	
325.03186616	
325.03214072	
325.03218643	
325.03213391	
325.03239966	
325.03212683	
325.03151820	
325.03124613	
325.03084723	
325.03117069	
325.03142645	
325.03153131	
325.03187439	
325.03172469	
325.03148671	
325.03161306	
325.03203512	
325.03197139	
325.03194468	
325.03166500	
325.03115886	
325.03146809	
325.03152135	
325.03120329	
325.03131942	
325.03118646	
325.03072927	
325.03112274	
325.03115312	
325.03144529	
325.03151817	
325.03158405	
325.03181455	
325.03206421	
325.03189559	
325.03108768	
325.03088047	
325.03079343	
325.03090489	
325.03130309	
325.03153748	
325.03186535	
325.03234446	
325.03246501	
325.03251247	
325.03199422	
325.03231544	
325.03297096	
325.03305701	
325.03274781	
325.03251772	
325.03283789	
325.03300455	
325.03262948	
325.03289129	
325.03284170	
325.03306012	
325.03309347	
325.03276923	
325.03315902	
325.03321343	
325.03307465	
325.03324686	
325.03336705	
325.03304042	
325.03326510	
325.03301917	
325.03282916	
325.03257065	
325.03234961	
325.03264262	
325.03248472	
325.03276192	
325.03332458	
325.03338433	
325.03295764	
325.03267403	
325.03311172	
325.03290545	
325.03315990	
325.03324156	
325.03275582	
325.03292151	
325.03241029	
325.03216553	
325.03199237	
325.03235102	
325.03291447	
325.03281936	
325.03257497	
325.03202960	
325.03217877	
325.03234791	
325.03223210	
325.03219068	
325.03207962	
325.03182775	
325.03142054	
325.03155894	
325.03154442	
325.03186472	
325.03163286	
325.03095316	
325.03101438	
325.03111275	
325.03118157	
325.03084136	
325.03090117	
325.03129775	
325.03143243	
325.03134001	
325.03171489	
325.03235996	
325.03249378	
325.03282394	
325.03291513	
325.03304015	
325.03362421	
325.03406633	
325.03384764	
325.03343697	
325.03324293	
325.03327972	
325.03334622	
325.03361137	
325.03343541	
325.03344578	
325.03367758	
325.03328868	
325.03293015	
325.03243984	
325.03266238	
325.03279807	
325.03291650	
325.03291402	
325.03292240	
325.03302231	
325.03249623	
325.03275646	
325.03302015	
325.03322641	
325.03372071	
325.03354420	
325.03309564	
325.03314271	
325.03354469	
325.03367762	
325.03359767	
325.03333226	
325.03302578	
325.03338432	
325.03343174	
325.03316810	
325.03283761	
325.03286121	
325.03335863	
325.03356440	
325.03339101	
325.03331283	
325.03328568	
325.03299855	
325.03255148	
325.03267954	
325.03333644	
325.03323560	
325.03357468	
325.03386419	
325.03397346	
325.03363161	
325.03342450	
325.03356502	
325.03345215	
325.03382249	
325.03395725	
325.03431436	
325.03451494	
325.03419820	
325.03388008	
325.03340765	
325.03317509	
325.03296314	
325.03250231	
325.03271052	
325.03269172	
325.03213780	
325.03252825	
325.03280304	
325.03232525	
325.03266374	
325.03303671	
325.03251797	
325.03241697	
325.03251613	
325.03290457	
325.03345617	
325.03367397	
325.03377413	
325.03355900	
325.03319675	
325.03318639	
325.03275983	
325.03259875	
325.03300915	
325.03281843	
325.03313160	
325.03360847	
325.03353547	
325.03333167	
325.03365815	
325.03398030	
325.03376402	
325.03349600	
325.03346642	
325.03380237	
325.03383189	
325.03416998	
325.03434569	
325.03454052	
325.03464149	
325.03489684	
325.03538888	
325.03545864	
325.03559213	
325.03547085	
325.03587425	
325.03618239	
325.03594294	
325.03559294	
325.03555956	
325.03581951	
325.03593072	
325.03555936	
325.03494984	
325.03485983	
325.03455677	
325.03441136	
325.03450589	
325.03481043	
325.03488145	
325.03455353	
325.03468583	
325.03503922	
325.03473783	
325.03455044	
325.03452485	
325.03460578	
325.03443992	
325.03459880	
325.03522931	
325.03502232	
325.03453148	
325.03432078	
325.03395815	
325.03367403	
325.03405952	
325.03405661	
325.03412220	
325.03430540	
325.03446281	
325.03495611	
325.03501695	
325.03453508	
325.03471447	
325.03437336	
325.03445961	
325.03448299	
325.03459554	
325.03519654	
325.03537515	
325.03512984	
325.03506957	
325.03512187	
325.03497300	
325.03555639	
325.03604117	
325.03654743	
325.03660822	
325.03653408	
325.03641316	
325.03586900	
325.03563602	
325.03601931	
325.03653249	
325.03634106	
325.03572662	
325.03569576	
325.03589830	
325.03544034	
325.03537886	
325.03597506	
325.03592888	
325.03549643	
325.03566582	
325.03597495	
325.03618135	
325.03581074	
325.03526491	
325.03534421	
325.03577261	
325.03599487	
325.03567839	
325.03523139	
325.03490008	
325.03462884	
325.03478975	
325.03539889	
325.03518419	
325.03524744	
325.03525170	
325.03534261	
325.03584583	
325.03613228	
325.03605294	
325.03572669	
325.03592257	
325.03562118	
325.03556485	
325.03577568	
325.03564146	
325.03533907	
325.03490954	
325.03473952	
325.03500928	
325.03558610	
325.03584574	
325.03602578	
325.03566071	
325.03554712	
325.03600119	
325.03609863	
325.03585819	
325.03557903	
325.03520830	
325.03503451	
325.03524336	
325.03524970	
325.03526601	
325.03517534	
325.03474536	
325.03453970	
325.03490237	
325.03487487	
325.03500483	
325.03540865	
325.03491700	
325.03449743	
325.03447561	
325.03445724	
325.03420110	
325.03393543	
325.03406440	
325.03365946	
325.03346321	
325.03325951	
325.03349770	
325.03359251	
325.03375782	
325.03405526	
325.03381653	
325.03354284	
325.03351674	
325.03350029	
325.03313222	
325.03277425	
325.03213737	
325.03173116	
325.03156516	
325.03187855	
325.03239455	
325.03247486	
325.03234740	
325.03194849	
325.03164649	
325.03164009	
325.03144148	
325.03128474	
325.03145254	
325.03200027	
325.03180106	
325.03126800	
325.03147698	
325.03182201	
325.03136726	
325.03136773	
325.03170695	
325.03169660	
325.03174995	
325.03166962	
325.03170324	
325.03206400	
325.03246002	
325.03206626	
325.03188415	
325.03180289	
325.03169035	
325.03159467	
325.03113511	
325.03071410	
325.03064858	
325.03075235	
325.03055280	
325.03013340	
325.02951893	
325.02900940	
325.02927912	
325.02902186	
325.02863158	
325.02903225	
325.02942445	
325.02943298	
325.02953101	
325.03017688	
325.03044038	
325.03085101	
325.03116821	
325.03156996	
325.03131613	
325.03071128	
325.03041859	
325.03066597	
325.03072066	
325.03046340	
325.03053400	
325.03058726	
325.03035855	
325.03052426	
325.03030340	
325.03034505	
325.03040283	
325.03015757	
325.03010591	
325.02945699	
325.02985821	
325.03023083	
325.02992334	
325.02957476	
325.02989997	
325.03010537	
325.03020572	
325.03012717	
325.03039901	
325.03018667	
325.02996215	
325.03045858	
325.03000650	
325.02945087	
325.02897421	
325.02900402	
325.02954452	
325.02938262	
325.02903224	
325.02922653	
325.02934314	
325.02897677	
325.02838388	
325.02877465	
325.02912970	
325.02933046	
325.02978672	
325.03021421	
325.03040882	
325.03060982	
325.03026992	
325.03016228	
325.03084403	
325.03101606	
325.03087714	
325.03108248	
325.03109925	
325.03095362	
325.03102751	
325.03053343	
325.03013807	
325.02983125	
325.02932808	
325.02913439	
325.02904822	
325.02903469	
325.02935301	
325.02936967	
325.02945264	
325.02995567	
325.03053280	
325.03038058	
325.02978285	
325.02925554	
325.02890072	
325.02861214	
325.02887805	
325.02928477	
325.02929877	
325.02910369	
325.02935469	
325.02938021	
325.02929852	
325.02946833	
325.02970515	
325.03007735	
325.02989696	
325.02982342	
325.03015156	
325.03029548	
325.02994502	
325.02950417	
325.02904746	
325.02929742	
325.02916429	
325.02874195	
325.02887624	
325.02848446	
325.02847145	
325.02828688	
325.02795150	
325.02850569	
325.02829923	
325.02810949	
325.02864095	
325.02860322	
325.02829959	
325.02808882	
325.02829034	
325.02879373	
325.02907314	
325.02944703	
325.02954041	
325.02977589	
325.02954866	
325.02953987	
325.03010680	
325.02995093	
325.02961500	
325.02918396	
325.02909544	
325.02903223	
325.02915163	
325.02903938	
325.02869851	
325.02855393	
325.02804007	
325.02748684	
325.02731566	
325.02712833	
325.02746468	
325.02736025	
325.02720056	
325.02749745	
325.02750494	
325.02765887	
325.02736195	
325.02736344	
325.02744468	
325.02704008	
325.02681844	
325.02648633	
325.02651333	
325.02634454	
325.02598285	
325.02653651	
325.02704178	
325.02682986	
325.02666195	
325.02699452	
325.02692384	
325.02670467	
325.02701098	
325.02673095	
325.02693762	
325.02720173	
325.02669104	
325.02715473	
325.02696568	
325.02717798	
325.02783646	
325.02732841	
325.02689926	
325.02731485	
325.02766849	
325.02794324	
325.02830319	
325.02796610	
325.02762405	
325.02723438	
325.02727376	
325.02735865	
325.02747148	
325.02804316	
325.02800788	
325.02756384	
325.02769260	
325.02816621	
325.02829358	
325.02870400	
325.02838163	
325.02839174	
325.02848391	
325.02865031	
325.02849574	
325.02837765	
325.02844958	
325.02813421	
325.02811125	
325.02803292	
325.02771686	
325.02750891	
325.02789433	
325.02771555	
325.02731065	
325.02753546	
325.02737527	
325.02692704	
325.02736147	
325.02724503	
325.02753889	
325.02793073	
325.02803035	
325.02861340	
325.02908129	
325.02919384	
325.02945030	
325.02996721	
325.03012192	
325.03011820	
325.02973495	
325.02971195	
325.02938634	
325.02943468	
325.02942474	
325.02874721	
325.02909734	
325.02922496	
325.02902145	
325.02927926	
325.02923256	
325.02928543	
325.02981456	
325.03013834	
325.02980427	
325.02956370	
325.02992929	
325.02956882	
325.02930173	
325.02912796	
325.02857156	
325.02848035	
325.02867480	
325.02840307	
325.02857340	
325.02862175	
325.02891227	
325.02942613	
325.02930256	
325.02916173	
325.02897932	
325.02871848	
325.02868029	
325.02833127	
325.02852137	
325.02835266	
325.02845379	
325.02884058	
325.02845661	
325.02810509	
325.02832250	
325.02826107	
325.02823868	
325.02851843	
325.02855033	
325.02844714	
325.02831116	
325.02868784	
325.02859650	
325.02903387	
325.02947960	
325.02978475	
325.02941552	
325.02930048	
325.02936429	
325.02937036	
325.02951217	
325.02905660	
325.02854488	
325.02810677	
325.02830054	
325.02832568	
325.02780695	
325.02764796	
325.02765603	
325.02792874	
325.02775624	
325.02736475	
325.02715457	
325.02690498	
325.02674716	
325.02691753	
325.02687273	
325.02711387	
325.02722201	
325.02727604	
325.02738050	
325.02710528	
325.02731511	
325.02733261	
325.02771427	
325.02763537	
325.02717475	
325.02703858	
325.02708372	
325.02741860	
325.02771588	
325.02740247	
325.02745133	
325.02767356	
325.02744290	
325.02770052	
325.02820459	
325.02842372	
325.02810092	
325.02813298	
325.02838243	
325.02824025	
325.02819730	
325.02857095	
325.02883359	
325.02925873	
325.02900064	
325.02867603	
325.02919955	
325.02918566	
325.02939373	
325.02996509	
325.02997273	
325.03005346	
325.03054942	
325.03073501	
325.03108994	
325.03095004	
325.03112750	
325.03119779	
325.03052060	
325.03083034	
325.03111054	
325.03061814	
325.03040693	
325.03007094	
325.02946082	
325.02938200	
325.02983047	
325.03038532	
325.03066101	
325.03084199	
325.03043461	
325.03000211	
325.02981124	
325.03021801	
325.03037229	
325.03001925	
325.02990052	
325.03027525	
325.03038135	
325.02980594	
325.02990450	
325.02979391	
325.02938322	
325.02946305	
325.02973516	
325.03007527	
325.03025537	
325.03033285	
325.03039110	
325.03046719	
325.03051561	
325.03078971	
325.03112147	
325.03138145	
325.03103634	
325.03120572	
325.03134435	
325.03129085	
325.03155959	
325.03153222	
325.03148283	
325.03117709	
325.03076496	
325.03071936	
325.03063595	
325.03033759	
325.03059576	
325.03070162	
325.03072960	
325.03064493	
325.03096653	
325.03150901	
325.03181265	
325.03189631	
325.03217732	
325.03205185	
325.03229824	
325.03211898	
325.03185636	
325.03177478	
325.03177250	
325.03226162	
325.03172191	
325.03133001	
325.03083315	
325.03026781	
325.02992981	
325.02953748	
325.02950527	
325.02963976	
325.02940483	
325.02920615	
325.02877326	
325.02883224	
325.02870027	
325.02884405	
325.02862430	
325.02821709	
325.02815890	
325.02802758	
325.02810471	
325.02749923	
325.02746910	
325.02718046	
325.02739932	
325.02725383	
325.02672648	
325.02729415	
325.02774607	
325.02778889	
325.02766960	
325.02785999	
325.02765541	
325.02708375	
325.02683045	
325.02718392	
325.02700498	
325.02692632	
325.02743203	
325.02779774	
325.02828051	
325.02871895	
325.02872620	
325.02847141	
325.02851249	
325.02806347	
325.02779532	
325.02745353	
325.02698597	
325.02672233	
325.02682080	
325.02682031	
325.02661178	
325.02630351	
325.02566890	
325.02580338	
325.02619978	
325.02589756	
325.02541423	
325.02555661	
325.02559239	
325.02541286	
325.02517213	
325.02529492	
325.02551855	
325.02532272	
325.02565469	
325.02549747	
325.02515076	
325.02517072	
325.02479946	
325.02429873	
325.02435276	
325.02413684	
325.02347658	
325.02306015	
325.02333268	
325.02369496	
325.02384021	
325.02381635	
325.02368853	
325.02376478	
325.02370358	
325.02369034	
325.02361223	
325.02339413	
325.02294418	
325.02287640	
325.02278783	
325.02262839	
325.02217198	
325.02203504	
325.02179281	
325.02127807	
325.02114031	
325.02130222	
325.02154214	
325.02123302	
325.02071418	
325.02091214	
325.02080842	
325.02070578	
325.02107341	
325.02099778	
325.02081587	
325.02056809	
325.02011958	
325.01998059	
325.02048120	
325.02014023	
325.02020330	
325.02045236	
325.02055266	
325.02077359	
325.02104257	
325.02139731	
325.02090956	
325.02037540	
325.01989495	
325.01960744	
325.01956813	
325.01932771	
325.01892130	
325.01853003	
325.01880119	
325.01889382	
325.01854994	
325.01823985	
325.01768145	
325.01794777	
325.01847028	
325.01883284	
325.01848241	
325.01812699	
325.01794525	
325.01818760	
325.01806266	
325.01750166	
325.01721081	
325.01744566	
325.01798603	
325.01832695	
325.01818612	
325.01801522	
325.01829933	
325.01823059	
325.01852957	
325.01852149	
325.01811037	
325.01791921	
325.01768754	
325.01791645	
325.01854303	
325.01886996	
325.01902995	
325.01912462	
325.01882419	
325.01906523	
325.01971786	
325.01950733	
325.01957869	
325.01927854	
325.01889465	
325.01926793	
325.01937477	
325.01896151	
325.01909235	
325.01881368	
325.01863605	
325.01852314	
325.01844667	
325.01829444	
325.01782061	
325.01753063	
325.01772855	
325.01770051	
325.01783027	
325.01769541	
325.01771687	
325.01803686	
325.01747690	
325.01732825	
325.01700367	
325.01728360	
325.01763704	
325.01796593	
325.01767451	
325.01740674	
325.01791742	
325.01806782	
325.01795166	
325.01785515	
325.01751402	
325.01746079	
325.01788330	
325.01816199	
325.01864407	
325.01874950	
325.01876103	
325.01885415	
325.01930102	
325.01940144	
325.01956435	
325.01960163	
325.01947530	
325.01973754	
325.01942194	
325.01906554	
325.01890658	
325.01895967	
325.01922376	
325.01969768	
325.01950622	
325.01975316	
325.01964053	
325.01956018	
325.02008426	
325.02022021	
325.02012178	
325.01990093	
325.02024888	
325.02030071	
325.01987563	
325.01991692	
325.01999360	
325.01977155	
325.02026829	
325.02077448	
325.02044640	
325.02001737	
325.01992709	
325.02012178	
325.02067649	
325.02076681	
325.02091171	
325.02147941	
325.02166810	
325.02167870	
325.02198902	
325.02252879	
325.02220043	
325.02239313	
325.02297109	
325.02262609	
325.02300240	
325.02313989	
325.02273882	
325.02308397	
325.02287734	
325.02258989	
325.02281094	
325.02305911	
325.02355763	
325.02390344	
325.02425091	
325.02475114	
325.02483135	
325.02456552	
325.02408790	
325.02434867	
325.02454872	
325.02395388	
325.02358887	
325.02305606	
325.02250727	
325.02270420	
325.02249324	
325.02182760	
325.02208199	
325.02180369	
325.02159568	
325.02129952	
325.02132349	
325.02187039	
325.02147721	
325.02124193	
325.02118338	
325.02109517	
325.02157056	
325.02191416	
325.02218205	
325.02245479	
325.02219637	
325.02188214	
325.02216953	
325.02268798	
325.02270787	
325.02249365	
325.02205015	
325.02232235	
325.02285844	
325.02244477	
325.02259307	
325.02243624	
325.02264367	
325.02321105	
325.02321634	
325.02323786	
325.02316172	
325.02367682	
325.02410143	
325.02454007	
325.02444749	
325.02473122	
325.02479637	
325.02476597	
325.02497319	
325.02505875	
325.02497854	
325.02480898	
325.02469354	
325.02449115	
325.02487777	
325.02523781	
325.02495376	
325.02511173	
325.02558442	
325.02533940	
325.02522893	
325.02524312	
325.02500209	
325.02467296	
325.02447200	
325.02477397	
325.02495689	
325.02501236	
325.02493852	
325.02443948	
325.02428045	
325.02469643	
325.02470559	
325.02449988	
325.02440968	
325.02424593	
325.02454624	
325.02487064	
325.02524479	
325.02516923	
325.02527842	
325.02493084	
325.02486084	
325.02496168	
325.02445587	
325.02422503	
325.02390058	
325.02428416	
325.02487606	
325.02454064	
325.02420668	
325.02449690	
325.02416571	
325.02392047	
325.02433262	
325.02414324	
325.02438629	
325.02439213	
325.02427547	
325.02487852	
325.02531132	
325.02514030	
325.02529008	
325.02582357	
325.02591546	
325.02622599	
325.02585797	
325.02575706	
325.02584825	
325.02615205	
325.02600431	
325.02580847	
325.02559032	
325.02528092	
325.02526858	
325.02466916	
325.02418927	
325.02376786	
325.02347050	
325.02352245	
325.02338314	
325.02363189	
325.02407199	
325.02358602	
325.02339741	
325.02352769	
325.02396709	
325.02388660	
325.02414783	
325.02457686	
325.02443610	
325.02453641	
325.02481619	
325.02448532	
325.02440152	
325.02413223	
325.02367900	
325.02376130	
325.02377465	
325.02355073	
325.02329527	
325.02329291	
325.02302048	
325.02306263	
325.02345013	
325.02364341	
325.02355417	
325.02362857	
325.02371910	
325.02346302	
325.02369157	
325.02366430	
325.02329289	
325.02341649	
325.02359771	
325.02346443	
325.02323231	
325.02346842	
325.02351724	
325.02351261	
325.02358727	
325.02394730	
325.02368394	
325.02311612	
325.02292888	
325.02289336	
325.02291948	
325.02255528	
325.02208962	
325.02204149	
325.02254088	
325.02245405	
325.02268997	
325.02266266	
325.02234166	
325.02221577	
325.02172052	
325.02158868	
325.02189277	
325.02170633	
325.02174745	
325.02165052	
325.02127279	
325.02169199	
325.02146397	
325.02158210	
325.02181646	
325.02173065	
325.02178732	
325.02138788	
325.02144923	
325.02173930	
325.02189529	
325.02241134	
325.02213227	
325.02188975	
325.02246079	
325.02254921	
325.02201856	
325.02197713	
325.02200830	
325.02181945	
325.02196915	
325.02172742	
325.02152119	
325.02144626	
325.02135445	
325.02116698	
325.02120496	
325.02103349	
325.02115565	
325.02113055	
325.02116200	
325.02174151	
325.02213294	
325.02267036	
325.02303791	
325.02318234	
325.02279489	
325.02225587	
325.02208970	
325.02187555	
325.02176365	
325.02153260	
325.02090400	
325.02088520	
325.02096399	
325.02094328	
325.02120315	
325.02142057	
325.02094142	
325.02049942	
325.02058163	
325.02093186	
325.02124308	
325.02106394	
325.02125727	
325.02151248	
325.02160023	
325.02201743	
325.02250561	
325.02295386	
325.02266043	
325.02240146	
325.02210772	
325.02238435	
325.02296194	
325.02318065	
325.02364791	
325.02366938	
325.02387991	
325.02382248	
325.02333760	
325.02312645	
325.02275019	
325.02227350	
325.02266467	
325.02295659	
325.02330803	
325.02344522	
325.02352510	
325.02383184	
325.02345380	
325.02357137	
325.02372256	
325.02330162	
325.02350959	
325.02330618	
325.02268303	
325.02293048	
325.02254256	
325.02276177	
325.02292388	
325.02275925	
325.02264313	
325.02223688	
325.02242497	
325.02199977	
325.02166202	
325.02167948	
325.02173921	
325.02182297	
325.02151247	
325.02106192	
325.02123060	
325.02150303	
325.02162113	
325.02146782	
325.02159815	
325.02187003	
325.02177641	
325.02187076	
325.02173098	
325.02122280	
325.02092885	
325.02076205	
325.02037031	
325.02062354	
325.02032991	
325.01995351	
325.02029493	
325.02015376	
325.02040176	
325.02011634	
325.01951884	
325.01989946	
325.02040085	
325.02076149	
325.02067622	
325.02072702	
325.02096421	
325.02100807	
325.02085081	
325.02122355	
325.02185236	
325.02146919	
325.02170423	
325.02168226	
325.02127710	
325.02182729	
325.02189538	
325.02162501	
325.02188968	
325.02178591	
325.02150447	
325.02126402	
325.02092822	
325.02137549	
325.02108859	
325.02130060	
325.02123595	
325.02124350	
325.02147975	
325.02168935	
325.02173941	
325.02137077	
325.02113784	
325.02114959	
325.02161081	
325.02192820	
325.02231274	
325.02182981	
325.02148989	
325.02123055	
325.02069195	
325.02058514	
325.02107684	
325.02085977	
325.02056438	
325.02024688	
325.01991311	
325.01977969	
325.02005784	
325.02060379	
325.02021048	
325.01979987	
325.01999752	
325.02012655	
325.02046744	
325.02037553	
325.02025126	
325.01991812	
325.01936675	
325.01956384	
325.01908508	
325.01854935	
325.01848725	
325.01891768	
325.01946549	
325.01972775	
325.01979040	
325.02014676	
325.02002379	
325.02004236	
325.02014010	
325.02000279	
325.02003200	
325.01976386	
325.01985577	
325.01989664	
325.01960252	
325.01918775	
325.01953490	
325.02014762	
325.02027884	
325.02073108	
325.02048218	
325.01986513	
325.02009600	
325.01999707	
325.01945442	
325.01929682	
325.01965782	
325.02001102	
325.02052461	
325.02103177	
325.02130679	
325.02097964	
325.02108272	
325.02095083	
325.02035227	
325.02043737	
325.02072177	
325.02037619	
325.02050814	
325.02103208	
325.02096910	
325.02145529	
325.02114727	
325.02138913	
325.02205554	
325.02185787	
325.02211148	
325.02195419	
325.02165894	
325.02155035	
325.02187712	
325.02219206	
325.02257737	
325.02317618	
325.02352836	
325.02389972	
325.02395798	
325.02392667	
325.02416491	
325.02435113	
325.02455464	
325.02511629	
325.02482804	
325.02441481	
325.02441146	
325.02414444	
325.02450895	
325.02465336	
325.02461280	
325.02504006	
325.02538328	
325.02533648	
325.02479278	
325.02493317	
325.02488931	
325.02462437	
325.02458086	
325.02411928	
325.02424724	
325.02394476	
325.02413167	
325.02436254	
325.02371494	
325.02348484	
325.02352156	
325.02376245	
325.02334916	
325.02353810	
325.02372205	
325.02387661	
325.02374374	
325.02399283	
325.02414208	
325.02369236	
325.02423746	
325.02448553	
325.02485349	
325.02455100	
325.02426750	
325.02398303	
325.02372685	
325.02424625	
325.02439661	
325.02438961	
325.02431412	
325.02455071	
325.02443863	
325.02467579	
325.02457025	
325.02409323	
325.02370934	
325.02319883	
325.02282282	
325.02303418	
325.02367868	
325.02382818	
325.02370912	
325.02367261	
325.02371609	
325.02368162	
325.02401930	
325.02426250	
325.02429297	
325.02389059	
325.02331183	
325.02327446	
325.02315917	
325.02303266	
325.02297205	
325.02248621	
325.02233123	
325.02228393	
325.02222389	
325.02183997	
325.02213945	
325.02199100	
325.02138310	
325.02156064	
325.02185569	
325.02177827	
325.02188537	
325.02218039	
325.02238435	
325.02228407	
325.02167180	
325.02126856	
325.02087682	
325.02053295	
325.02076467	
325.02054301	
325.02013722	
325.02056471	
325.02050071	
325.02004764	
325.01946377	
325.01928277	
325.01943460	
325.01948950	
325.01947086	
325.01963858	
325.01949566	
325.01940199	
325.01944307	
325.01985116	
325.01978823	
325.01941364	
325.01990144	
325.01951397	
325.01957454	
325.01972594	
325.01969379	
325.02008754	
325.01989481	
325.01938751	
325.01935600	
325.01957063	
325.01937074	
325.01983560	
325.01995160	
325.01963944	
325.01982069	
325.02002063	
325.02004208	
325.01992828	
325.01985310	
325.01974257	
325.01999059	
325.02031984	
325.02041198	
325.02012676	
325.01967087	
325.01927539	
325.01878434	
325.01836944	
325.01875573	
325.01904469	
325.01929319	
325.01974632	
325.01998554	
325.01963860	
325.01968493	
325.01956205	
325.01894787	
325.01934992	
325.01938610	
325.01933711	
325.01905028	
325.01905881	
325.01902990	
325.01867664	
325.01902910	
325.01887105	
325.01882974	
325.01856940	
325.01863942	
325.01844715	
325.01851642	
325.01922753	
325.01927894	
325.01929217	
325.01946307	
325.01973460	
325.01936537	
325.01944587	
325.01924200	
325.01903873	
325.01874644	
325.01856150	
325.01826529	
325.01821569	
325.01811863	
325.01810770	
325.01863033	
325.01825959	
325.01829983	
325.01842613	
325.01830070	
325.01805932	
325.01803310	
325.01820898	
325.01820704	
325.01793561	
325.01784007	
325.01776482	
325.01735860	
325.01697161	
325.01695706	
325.01684069	
325.01712769	
325.01721901	
325.01680211	
325.01642661	
325.01644217	
325.01622227	
325.01627223	
325.01693812	
325.01653693	
325.01649067	
325.01687299	
325.01678521	
325.01626377	
325.01612565	
325.01570940	
325.01572527	
325.01586202	
325.01595551	
325.01569238	
325.01518174	
325.01561035	
325.01576342	
325.01538364	
325.01540104	
325.01541505	
325.01551542	
325.01545006	
325.01528833	
325.01523944	
325.01542359	
325.01546150	
325.01543046	
325.01575850	
325.01551036	
325.01503407	
325.01517834	
325.01517656	
325.01546520	
325.01576345	
325.01561670	
325.01564559	
325.01524756	
325.01557034	
325.01541600	
325.01528487	
325.01558234	
325.01551018	
325.01541690	
325.01524960	
325.01538414	
325.01520170	
325.01528302	
325.01500405	
325.01432360	
325.01428150	
325.01455434	
325.01464846	
325.01453541	
325.01481642	
325.01439583	
325.01425044	
325.01424332	
325.01445066	
325.01474116	
325.01437791	
325.01473763	
325.01449340	
325.01392562	
325.01355169	
325.01384394	
325.01361878	
325.01287802	
325.01295606	
325.01330990	
325.01363969	
325.01366596	
325.01402137	
325.01371575	
325.01395310	
325.01390355	
325.01336917	
325.01337007	
325.01354525	
325.01339302	
325.01344096	
325.01342561	
325.01313611	
325.01287766	
325.01250400	
325.01279302	
325.01262515	
325.01258215	
325.01299055	
325.01259554	
325.01214963	
325.01209853	
325.01235810	
325.01292101	
325.01292340	
325.01334616	
325.01312374	
325.01307381	
325.01313992	
325.01332553	
325.01316376	
325.01307985	
325.01345118	
325.01312837	
325.01331325	
325.01348701	
325.01319558	
325.01291901	
325.01317444	
325.01286666	
325.01319040	
325.01322277	
325.01276575	
325.01242898	
325.01198023	
325.01192292	
325.01189074	
325.01183448	
325.01142183	
325.01102376	
325.01128726	
325.01123756	
325.01142585	
325.01146066	
325.01145054	
325.01201322	
325.01234670	
325.01259882	
325.01291668	
325.01271048	
325.01277075	
325.01292687	
325.01285775	
325.01299803	
325.01301043	
325.01339631	
325.01325156	
325.01310980	
325.01275589	
325.01226066	
325.01228702	
325.01248731	
325.01203095	
325.01233228	
325.01253254	
325.01225591	
325.01219477	
325.01203776	
325.01231158	
325.01191656	
325.01148319	
325.01137214	
325.01139922	
325.01176356	
325.01171054	
325.01156878	
325.01122616	
325.01139648	
325.01193638	
325.01218919	
325.01238140	
325.01208767	
325.01158110	
325.01172413	
325.01227375	
325.01225971	
325.01245029	
325.01258795	
325.01285999	
325.01299286	
325.01260803	
325.01255331	
325.01268009	
325.01256472	
325.01279541	
325.01314752	
325.01324702	
325.01323794	
325.01313628	
325.01267443	
325.01252616	
325.01311097	
325.01295090	
325.01241767	
325.01255325	
325.01255180	
325.01263477	
325.01311540	
325.01294560	
325.01297274	
325.01325352	
325.01336059	
325.01369449	
325.01356412	
325.01379979	
325.01368338	
325.01345245	
325.01392303	
325.01386460	
325.01413301	
325.01419484	
325.01395232	
325.01432981	
325.01445526	
325.01446592	
325.01444027	
325.01391168	
325.01365641	
325.01388381	
325.01387070	
325.01390483	
325.01407935	
325.01420586	
325.01382720	
325.01391831	
325.01421146	
325.01394622	
325.01441976	
325.01409593	
325.01388741	
325.01413052	
325.01420198	
325.01430448	
325.01435497	
325.01465045	
325.01477611	
325.01479293	
325.01491617	
325.01464740	
325.01427369	
325.01401479	
325.01344526	
325.01301686	
325.01290723	
325.01252314	
325.01195406	
325.01178699	
325.01176999	
325.01151168	
325.01095715	
325.01058140	
325.01080334	
325.01056250	
325.01060035	
325.01112910	
325.01135228	
325.01113022	
325.01099821	
325.01090250	
325.01082255	
325.01136083	
325.01116358	
325.01092479	
325.01048561	
325.00999238	
325.01022590	
325.00985405	
325.00987400	
325.00993070	
325.00941052	
325.00950680	
325.00920964	
325.00882057	
325.00844968	
325.00819216	
325.00822996	
325.00858359	
325.00917779	
325.00951884	
325.00920129	
325.00912812	
325.00922363	
325.00957639	
325.00943567	
325.00922514	
325.00977962	
325.01003759	
325.01003499	
325.00983573	
325.00953423	
325.00949719	
325.00969538	
325.00924610	
325.00945882	
325.01008768	
325.01008680	
325.00987876	
325.00966596	
325.01006801	
325.01006207	
325.00953581	
325.00957947	
325.00964938	
325.00971437	
325.00968691	
325.00958737	
325.00916637	
325.00888798	
325.00915695	
325.00963813	
325.00999435	
325.00981512	
325.00945956	
325.00957652	
325.00971627	
325.00939365	
325.00959011	
325.00952110	
325.00915322	
325.00945974	
325.00941675	
325.00970646	
325.00954380	
325.00914284	
325.00935373	
325.00971168	
325.01019635	
325.01009320	
325.00996843	
325.00957521	
325.00921514	
325.00892499	
325.00917421	
325.00946224	
325.00970789	
325.00953900	
325.00946609	
325.00981324	
325.01001997	
325.01062393	
325.01050842	
325.01051868	
325.01031435	
325.01044058	
325.01100828	
325.01063668	
325.01095706	
325.01159899	
325.01198729	
325.01185166	
325.01132315	
325.01128637	
325.01151874	
325.01180385	
325.01147092	
325.01127433	
325.01163536	
325.01129974	
325.01102198	
325.01145273	
325.01165230	
325.01140640	
325.01104622	
325.01086873	
325.01115695	
325.01175485	
325.01164155	
325.01129342	
325.01118358	
325.01155825	
325.01183067	
325.01176668	
325.01194995	
325.01192251	
325.01147880	
325.01181354	
325.01180629	
325.01171322	
325.01215921	
325.01197078	
325.01187691	
325.01210867	
325.01193816	
325.01184684	
325.01243260	
325.01287715	
325.01292752	
325.01290430	
325.01283360	
325.01302467	
325.01283223	
325.01268612	
325.01241758	
325.01195217	
325.01222319	
325.01260734	
325.01284174	
325.01257281	
325.01280762	
325.01329688	
325.01379054	
325.01417621	
325.01379734	
325.01342144	
325.01386653	
325.01441543	
325.01433608	
325.01462533	
325.01497716	
325.01494444	
325.01453084	
325.01453853	
325.01517787	
325.01566479	
325.01567924	
325.01599207	
325.01597542	
325.01546075	
325.01545979	
325.01549080	
325.01521399	
325.01497482	
325.01513350	
325.01548078	
325.01552568	
325.01510331	
325.01556553	
325.01541506	
325.01474528	
325.01516678	
325.01500458	
325.01500049	
325.01518813	
325.01472115	
325.01454490	
325.01467978	
325.01504423	
325.01495581	
325.01452525	
