352.51419553	
352.51394457	
352.51354904	
352.51294631	
352.51303342	
352.51343251	
352.51339800	
352.51364382	
352.51431244	
352.51474301	
352.51478420	
352.51463486	
352.51501693	
352.51590647	
352.51647662	
352.51648069	
352.51674478	
352.51676637	
352.51655812	
352.51656286	
352.51615053	
352.51571267	
352.51610520	
352.51682248	
352.51667565	
352.51661548	
352.51676516	
352.51674840	
352.51704825	
352.51756386	
352.51838269	
352.51912870	
352.51991209	
352.52073720	
352.52061308	
352.52024243	
352.52036632	
352.52015870	
352.51982562	
352.52014754	
352.52016867	
352.51958476	
352.51911255	
352.51850390	
352.51827533	
352.51859938	
352.51924762	
352.51962979	
352.51917946	
352.51870921	
352.51848497	
352.51847169	
352.51883210	
352.51959644	
352.52015710	
352.52036904	
352.52058181	
352.52041502	
352.51991957	
352.51985522	
352.52035671	
352.52074376	
352.52094205	
352.52154054	
352.52164962	
352.52122033	
352.52159074	
352.52209595	
352.52192869	
352.52182468	
352.52246758	
352.52345992	
352.52386273	
352.52407416	
352.52465253	
352.52453111	
352.52397742	
352.52406307	
352.52434238	
352.52460700	
352.52497222	
352.52513708	
352.52506060	
352.52460097	
352.52476197	
352.52502661	
352.52521839	
352.52531422	
352.52514827	
352.52588782	
352.52663781	
352.52651666	
352.52610961	
352.52637467	
352.52707115	
352.52753379	
352.52801160	
352.52838675	
352.52844766	
352.52879692	
352.52928512	
352.52958757	
352.53010069	
352.53073605	
352.53085602	
352.53098668	
352.53152675	
352.53187256	
352.53152707	
352.53116548	
352.53165097	
352.53254280	
352.53276972	
352.53307626	
352.53333940	
352.53317973	
352.53377888	
352.53452252	
352.53487365	
352.53502996	
352.53477810	
352.53448205	
352.53484794	
352.53558061	
352.53564715	
352.53546936	
352.53554221	
352.53565550	
352.53587054	
352.53626265	
352.53628697	
352.53563651	
352.53583696	
352.53686937	
352.53778534	
352.53823446	
352.53829214	
352.53807560	
352.53789032	
352.53765806	
352.53704608	
352.53687049	
352.53742485	
352.53799847	
352.53818381	
352.53789632	
352.53794184	
352.53802921	
352.53814418	
352.53866105	
352.53903540	
352.53916310	
352.53889940	
352.53884279	
352.53864681	
352.53817552	
352.53846426	
352.53857764	
352.53867942	
352.53890550	
352.53912795	
352.53919632	
352.53879821	
352.53930590	
352.53991578	
352.54052358	
352.54131845	
352.54193217	
352.54273405	
352.54293280	
352.54287411	
352.54280535	
352.54301566	
352.54395970	
352.54486738	
352.54529653	
352.54532582	
352.54579598	
352.54640693	
352.54678055	
352.54745308	
352.54767823	
352.54744495	
352.54711947	
352.54639008	
352.54572873	
352.54545969	
352.54539470	
352.54562684	
352.54631339	
352.54712551	
352.54757571	
352.54771199	
352.54797360	
352.54819490	
352.54824815	
352.54842732	
352.54830767	
352.54757516	
352.54690416	
352.54666631	
352.54661507	
352.54637901	
352.54606944	
352.54562598	
352.54551544	
352.54575193	
352.54631773	
352.54652986	
352.54587634	
352.54553377	
352.54531784	
352.54543524	
352.54541900	
352.54556051	
352.54588929	
352.54533951	
352.54536962	
352.54541326	
352.54523627	
352.54577524	
352.54633743	
352.54684603	
352.54723338	
352.54749683	
352.54784212	
352.54847190	
352.54934484	
352.55025758	
352.55038723	
352.54985711	
352.54938646	
352.54918497	
352.54912648	
352.54934847	
352.55006014	
352.55036616	
352.55007859	
352.54939728	
352.54946216	
352.55034194	
352.55056404	
352.55040270	
352.55060520	
352.55041579	
352.54976777	
352.54921201	
352.54892923	
352.54903358	
352.54881024	
352.54866073	
352.54852775	
352.54815361	
352.54828067	
352.54881783	
352.54934212	
352.54994081	
352.55003997	
352.54978123	
352.54981655	
352.54953439	
352.54970843	
352.55058958	
352.55084423	
352.55048319	
352.55007140	
352.54963320	
352.54944843	
352.54970342	
352.54976343	
352.54984100	
352.54971152	
352.54968202	
352.55038359	
352.55055225	
352.55018753	
352.55005847	
352.55029688	
352.55089867	
352.55110474	
352.55091935	
352.55055804	
352.54996337	
352.54969498	
352.55010113	
352.55029393	
352.54985035	
352.55018799	
352.55103308	
352.55172008	
352.55220646	
352.55250584	
352.55241343	
352.55262071	
352.55290630	
352.55243325	
352.55206076	
352.55173670	
352.55177490	
352.55223603	
352.55200258	
352.55203524	
352.55281328	
352.55367453	
352.55453731	
352.55525214	
352.55604093	
352.55684745	
352.55695302	
352.55712350	
352.55808866	
352.55835284	
352.55808342	
352.55821463	
352.55830713	
352.55827908	
352.55802016	
352.55809050	
352.55832143	
352.55851721	
352.55891751	
352.55877300	
352.55899868	
352.55953115	
352.55923954	
352.55912698	
352.55952242	
352.55961886	
352.55942567	
352.55891936	
352.55821592	
352.55756362	
352.55743007	
352.55754147	
352.55740944	
352.55743821	
352.55737649	
352.55703859	
352.55715255	
352.55779762	
352.55783267	
352.55781266	
352.55780382	
352.55802961	
352.55874149	
352.55902393	
352.55963744	
352.55977477	
352.55972465	
352.56018090	
352.56080643	
352.56122466	
352.56151336	
352.56208116	
352.56241805	
352.56292318	
352.56380588	
352.56405810	
352.56433297	
352.56516070	
352.56508726	
352.56480052	
352.56475583	
352.56457536	
352.56489901	
352.56513824	
352.56494408	
352.56499326	
352.56497167	
352.56519962	
352.56575954	
352.56559884	
352.56542453	
352.56537175	
352.56554784	
352.56589882	
352.56633083	
352.56681537	
352.56665138	
352.56635521	
352.56652193	
352.56706125	
352.56699255	
352.56633055	
352.56564037	
352.56513428	
352.56463265	
352.56455584	
352.56465694	
352.56454040	
352.56466450	
352.56518825	
352.56558133	
352.56604720	
352.56702761	
352.56740131	
352.56705415	
352.56687791	
352.56723838	
352.56790920	
352.56850803	
352.56924394	
352.57014569	
352.57013275	
352.56948851	
352.56931381	
352.56969121	
352.57054494	
352.57161159	
352.57221387	
352.57190531	
352.57191813	
352.57211115	
352.57204718	
352.57244723	
352.57247032	
352.57226918	
352.57269770	
352.57309530	
352.57344024	
352.57387437	
352.57356440	
352.57292173	
352.57275701	
352.57310467	
352.57348351	
352.57403641	
352.57443488	
352.57432753	
352.57396763	
352.57352315	
352.57318154	
352.57333227	
352.57421119	
352.57525512	
352.57595812	
352.57607031	
352.57584839	
352.57547198	
352.57543642	
352.57609086	
352.57700487	
352.57737507	
352.57780114	
352.57828614	
352.57792143	
352.57759207	
352.57732594	
352.57728799	
352.57721530	
352.57737769	
352.57778290	
352.57765871	
352.57771393	
352.57816803	
352.57849040	
352.57809117	
352.57755790	
352.57747401	
352.57766234	
352.57758021	
352.57751472	
352.57790670	
352.57837631	
352.57889723	
352.57966905	
352.57978469	
352.57941453	
352.57982858	
352.58022262	
352.58022363	
352.57991159	
352.57972131	
352.57992412	
352.58025269	
352.58050053	
352.58074495	
352.58083544	
352.58023047	
352.57973284	
352.57935366	
352.57910494	
352.57903133	
352.57866188	
352.57860660	
352.57846456	
352.57782783	
352.57747865	
352.57705542	
352.57713052	
352.57761910	
352.57759262	
352.57780763	
352.57821726	
352.57851752	
352.57831491	
352.57778319	
352.57777748	
352.57807936	
352.57817738	
352.57837304	
352.57913721	
352.58003928	
352.58009403	
352.57990058	
352.58044497	
352.58056206	
352.58024076	
352.58052777	
352.58078383	
352.58122892	
352.58152817	
352.58173929	
352.58190226	
352.58194586	
352.58230499	
352.58224749	
352.58255723	
352.58338582	
352.58359326	
352.58306952	
352.58324204	
352.58423192	
352.58510944	
352.58511798	
352.58438528	
352.58414449	
352.58415940	
352.58434881	
352.58479785	
352.58492292	
352.58454551	
352.58458783	
352.58497834	
352.58495408	
352.58502504	
352.58472340	
352.58436389	
352.58482661	
352.58559779	
352.58576535	
352.58526727	
352.58530582	
352.58546663	
352.58546311	
352.58539303	
352.58548498	
352.58556871	
352.58540243	
352.58557503	
352.58577841	
352.58627762	
352.58640542	
352.58647820	
352.58680743	
352.58695113	
352.58710207	
352.58702944	
352.58742286	
352.58799371	
352.58783981	
352.58752243	
352.58773931	
352.58819946	
352.58845089	
352.58861411	
352.58846326	
352.58811182	
352.58827393	
352.58868035	
352.58904161	
352.58977724	
352.58988425	
352.58942356	
352.58978993	
352.59068731	
352.59146045	
352.59161402	
352.59144178	
352.59150814	
352.59174646	
352.59228580	
352.59296204	
352.59288421	
352.59302104	
352.59352208	
352.59398204	
352.59467330	
352.59489868	
352.59537023	
352.59553796	
352.59542724	
352.59550900	
352.59499067	
352.59445302	
352.59446254	
352.59431831	
352.59378730	
352.59327956	
352.59287243	
352.59252800	
352.58799775	
352.58394458	
352.58049970	
352.57652918	
352.57215983	
352.56813684	
352.56457783	
352.56080167	
352.55630339	
352.55151335	
352.54713232	
352.54367952	
352.54071644	
352.53757737	
352.53430026	
352.53102038	
352.52774513	
352.52442897	
352.52106581	
352.51758848	
352.51399719	
352.51014832	
352.50636536	
352.50274351	
352.49893589	
352.49479305	
352.49029165	
352.48585450	
352.48194319	
352.47797378	
352.47372712	
352.46995863	
352.46660271	
352.46314813	
352.45939203	
352.45595259	
352.45240387	
352.44890484	
352.44542138	
352.44195563	
352.43885306	
352.43514333	
352.43104326	
352.42687966	
352.42265439	
352.41913587	
352.41540276	
352.41128861	
352.40767799	
352.40411283	
352.40001154	
352.39602805	
352.39258686	
352.38914942	
352.38594026	
352.38273330	
352.37930944	
352.37591958	
352.37287448	
352.36950845	
352.36578943	
352.36252839	
352.35928554	
352.35593001	
352.35230095	
352.34801224	
352.34365507	
352.33965904	
352.33578183	
352.33160704	
352.32743828	
352.32312122	
352.31907389	
352.31552618	
352.31156725	
352.30727796	
352.30330675	
352.29966916	
352.29628574	
352.29238890	
352.28792420	
352.28419010	
352.28042803	
352.27667451	
352.27291718	
352.26880646	
352.26464719	
352.26079196	
352.25758681	
352.25376802	
352.24944653	
352.24569227	
352.24238364	
352.23855532	
352.23491813	
352.23129669	
352.22767191	
352.22466765	
352.22118313	
352.21744204	
352.21356081	
352.20946412	
352.20542221	
352.20160880	
352.19801293	
352.19418388	
352.19029140	
352.18684266	
352.18358082	
352.18016312	
352.17613772	
352.17187982	
352.16844736	
352.16538426	
352.16189245	
352.15845487	
352.15463626	
352.15032796	
352.14666999	
352.14346563	
352.13994662	
352.13603683	
352.13252626	
352.12954437	
352.12600619	
352.12193311	
352.11802022	
352.11453790	
352.11140488	
352.10785612	
352.10361961	
352.09966048	
352.09606703	
352.09205324	
352.08854019	
352.08496541	
352.08066486	
352.07676374	
352.07286625	
352.06938922	
352.06664924	
352.06308985	
352.05940316	
352.05610422	
352.05266437	
352.04917717	
352.04563765	
352.04260935	
352.03916554	
352.03495924	
352.03138176	
352.02836275	
352.02501075	
352.02113568	
352.01762753	
352.01412013	
352.01024195	
352.00707680	
352.00351690	
351.99945975	
351.99603229	
351.99305801	
351.98999906	
351.98664395	
351.98306363	
351.97953088	
351.97648335	
351.97288280	
351.96842202	
351.96453436	
351.96146364	
351.95782946	
351.95424261	
351.95061717	
351.94633232	
351.94212590	
351.93800948	
351.93412319	
351.93086813	
351.92805153	
351.92506242	
351.92222021	
351.91924383	
351.91579520	
351.91260706	
351.90981702	
351.90637636	
351.90211499	
351.89777234	
351.89384295	
351.88979717	
351.88590366	
351.88245267	
351.87854987	
351.87443078	
351.87062753	
351.86664233	
351.86265035	
351.85948457	
351.85625754	
351.85238989	
351.84866230	
351.84522573	
351.84175272	
351.83806751	
351.83411587	
351.83015408	
351.82639428	
351.82267923	
351.81876058	
351.81479734	
351.81140574	
351.80805754	
351.80419725	
351.80035525	
351.79637622	
351.79233084	
351.78895494	
351.78550985	
351.78200126	
351.77843932	
351.77422230	
351.77020093	
351.76645040	
351.76281152	
351.75978429	
351.75675938	
351.75310962	
351.74952998	
351.74584701	
351.74234965	
351.73929494	
351.73643729	
351.73325051	
351.72999512	
351.72714140	
351.72376150	
351.72001785	
351.71621851	
351.71238707	
351.70848369	
351.70446145	
351.70028406	
351.69655465	
351.69347028	
351.69040049	
351.68695798	
351.68350907	
351.67984776	
351.67644833	
351.67367208	
351.67001274	
351.66642115	
351.66375179	
351.66058508	
351.65684458	
351.65378298	
351.65116465	
351.64805072	
351.64458998	
351.64099658	
351.63740295	
351.63366936	
351.62968435	
351.62641941	
351.62360941	
351.62084624	
351.61795316	
351.61439992	
351.61045860	
351.60647907	
351.60276040	
351.59970339	
351.59716156	
351.59373091	
351.58966633	
351.58645064	
351.58364762	
351.58071484	
351.57780891	
351.57463044	
351.57131790	
351.56770594	
351.56412406	
351.56093765	
351.55745157	
351.55432508	
351.55101909	
351.54682918	
351.54303196	
351.54004816	
351.53691379	
351.53304329	
351.52947718	
351.52585954	
351.52247905	
351.51981052	
351.51685217	
351.51364302	
351.51055564	
351.50780578	
351.50441843	
351.50063340	
351.49761651	
351.49465489	
351.49127009	
351.48804489	
351.48503570	
351.48165773	
351.47836517	
351.47484184	
351.47114908	
351.46783293	
351.46444953	
351.46105139	
351.45765169	
351.45409907	
351.45011825	
351.44642824	
351.44328095	
351.43995041	
351.43627182	
351.43305936	
351.43018706	
351.42730458	
351.42403667	
351.42012174	
351.41642676	
351.41340882	
351.41055331	
351.40752328	
351.40428958	
351.40136257	
351.39870288	
351.39518792	
351.39165365	
351.38858756	
351.38501285	
351.38180281	
351.37849521	
351.37474888	
351.37111459	
351.36750165	
351.36387800	
351.36045671	
351.35770877	
351.35519018	
351.35260829	
351.34999904	
351.34679014	
351.34303612	
351.33972430	
351.33664421	
351.33361373	
351.33013280	
351.32695598	
351.32444250	
351.32129853	
351.31776377	
351.31486995	
351.31189656	
351.30843188	
351.30483377	
351.30140379	
351.29865189	
351.29553441	
351.29200356	
351.28845288	
351.28509043	
351.28225810	
351.27916138	
351.27594311	
351.27281870	
351.26911082	
351.26553021	
351.26279877	
351.26037352	
351.25713473	
351.25380046	
351.25098739	
351.24738575	
351.24351218	
351.24028394	
351.23710010	
351.23340365	
351.23000814	
351.22648187	
351.22259390	
351.21932630	
351.21586943	
351.21251082	
351.20944270	
351.20579970	
351.20215247	
351.19868574	
351.19557451	
351.19223332	
351.18821368	
351.18492155	
351.18232279	
351.17986127	
351.17725120	
351.17459934	
351.17138997	
351.16766875	
351.16446296	
351.16156270	
351.15830644	
351.15468655	
351.15106075	
351.14759152	
351.14439365	
351.14078796	
351.13707936	
351.13403930	
351.13159275	
351.12848959	
351.12522462	
351.12207680	
351.11884449	
351.11552647	
351.11219011	
351.10881500	
351.10507416	
351.10126660	
351.09725857	
351.09408727	
351.09111199	
351.08762922	
351.08413468	
351.08085194	
351.07746239	
351.07411449	
351.07088852	
351.06726816	
351.06417525	
351.06163349	
351.05902975	
351.05600435	
351.05305076	
351.04986922	
351.04640248	
351.04291297	
351.03976495	
351.03664864	
351.03350168	
351.03027783	
351.02631763	
351.02272159	
351.01985470	
351.01669202	
351.01312624	
351.00983676	
351.00619234	
351.00256379	
350.99974897	
350.99696601	
350.99391249	
350.99060822	
350.98754943	
350.98504864	
350.98173013	
350.97864578	
350.97641929	
350.97357809	
350.97067228	
350.96764976	
350.96466385	
350.96178342	
350.95862559	
350.95602675	
350.95327262	
350.94970047	
350.94660462	
350.94354315	
350.94021243	
350.93704742	
350.93365012	
350.93073654	
350.92751488	
350.92429152	
350.92108043	
350.91758691	
350.91482755	
350.91239129	
350.90923620	
350.90596306	
350.90267504	
350.89937313	
350.89642853	
350.89286612	
350.88916586	
350.88603278	
350.88285891	
350.87956120	
350.87618740	
350.87310285	
350.87053997	
350.86782058	
350.86452520	
350.86075202	
350.85768726	
350.85545460	
350.85253092	
350.84953268	
350.84686893	
350.84400400	
350.84121132	
350.83780818	
350.83423748	
350.83102122	
350.82829430	
350.82581367	
350.82260866	
350.81945002	
350.81664259	
350.81322704	
350.80990171	
350.80743253	
350.80473204	
350.80185061	
350.79906693	
350.79632701	
350.79366686	
350.79075940	
350.78819658	
350.78552878	
350.78275141	
350.77981736	
350.77688022	
350.77415713	
350.77133752	
350.76845009	
350.76522705	
350.76166343	
350.75858699	
350.75550235	
350.75239803	
350.74971108	
350.74691066	
350.74384334	
350.74028281	
350.73689516	
350.73353407	
350.73016885	
350.72667224	
350.72351675	
350.72038268	
350.71670025	
350.71317545	
350.70981535	
350.70708648	
350.70463160	
350.70217728	
350.69961088	
350.69682332	
350.69406128	
350.69134089	
350.68847232	
350.68509218	
350.68140117	
350.67777936	
350.67468295	
350.67212086	
350.66987169	
350.66744776	
350.66491620	
350.66275642	
350.66059984	
350.65830696	
350.65593758	
350.65293803	
350.65005181	
350.64793350	
350.64519442	
350.64176288	
350.63909801	
350.63645914	
350.63287482	
350.62941126	
350.62626479	
350.62332168	
350.62091820	
350.61843935	
350.61589899	
350.61327670	
350.61035680	
350.60790930	
350.60564408	
350.60284971	
350.60008018	
350.59739130	
350.59401357	
350.59092647	
350.58790729	
350.58502413	
350.58250070	
350.57937496	
350.57656402	
350.57426060	
350.57134378	
350.56766668	
350.56393364	
350.56059583	
350.55742349	
350.55385922	
350.55034477	
350.54688619	
350.54343740	
350.54060764	
350.53792478	
350.53506921	
350.53186176	
350.52840563	
350.52559404	
350.52329247	
350.52102491	
350.51822020	
350.51545039	
350.51324138	
350.51077123	
350.50807285	
350.50487016	
350.50158637	
350.49913216	
350.49665305	
350.49398303	
350.49147484	
350.48849440	
350.48569262	
350.48331684	
350.48026541	
350.47741490	
350.47455855	
350.47164980	
350.46950430	
350.46664347	
350.46322253	
350.45998840	
350.45667747	
350.45404851	
350.45178085	
350.44918997	
350.44659591	
350.44365598	
350.44071580	
350.43763503	
350.43477329	
350.43249673	
350.43014390	
350.42802726	
350.42603145	
350.42392213	
350.42174099	
350.41953914	
350.41722412	
350.41432885	
350.41154645	
350.40924102	
350.40684603	
350.40435759	
350.40176445	
350.39865905	
350.39535614	
350.39248830	
350.38956546	
350.38676718	
350.38392243	
350.38057952	
350.37780176	
350.37545246	
350.37229905	
350.36890114	
350.36610602	
350.36347889	
350.36113850	
350.35918729	
350.35722889	
350.35451169	
350.35131166	
350.34853050	
350.34618429	
350.34421398	
350.34219144	
350.33983114	
350.33711415	
350.33447643	
350.33151226	
350.32814420	
350.32527179	
350.32304332	
350.32021386	
350.31690001	
350.31441093	
350.31227409	
350.31002982	
350.30753943	
350.30459171	
350.30206798	
350.29962140	
350.29690736	
350.29436533	
350.29203941	
350.28955003	
350.28676874	
350.28452346	
350.28235097	
350.27933600	
350.27607447	
350.27326503	
350.27102147	
350.26836637	
350.26479152	
350.26206534	
350.25962312	
350.25682045	
350.25379657	
350.25106817	
350.24841334	
350.24544241	
350.24235710	
350.23899040	
350.23618279	
350.23369535	
350.23117254	
350.22886421	
350.22644260	
350.22324486	
350.22050466	
350.21867856	
350.21645038	
350.21339822	
350.20995925	
350.20651940	
350.20374616	
350.20166767	
350.19949530	
350.19739663	
350.19481896	
350.19186039	
350.18909601	
350.18627264	
350.18307151	
350.18029108	
350.17817474	
350.17587724	
350.17312981	
350.16989431	
350.16736766	
350.16499115	
350.16261614	
350.16032560	
350.15756961	
350.15478194	
350.15222531	
350.14996484	
350.14745652	
350.14481120	
350.14263066	
350.14050672	
350.13819819	
350.13609011	
350.13397299	
350.13169641	
350.12891588	
350.12576334	
350.12335161	
350.12132023	
350.11876515	
350.11605672	
350.11366583	
350.11092763	
350.10827971	
350.10624882	
350.10383943	
350.10127466	
350.09911626	
350.09655144	
350.09342784	
350.09090342	
350.08819206	
350.08558853	
350.08360602	
350.08146830	
350.07879614	
350.07548561	
350.07256346	
350.07018277	
350.06781196	
350.06485373	
350.06132785	
350.05838534	
350.05604946	
350.05372101	
350.05126874	
350.04845036	
350.04608614	
350.04404008	
350.04115555	
350.03840884	
350.03584082	
350.03256029	
350.02947692	
350.02722547	
350.02542743	
350.02323824	
350.02075514	
350.01851442	
350.01628095	
350.01431122	
350.01236718	
350.01028832	
350.00816873	
350.00591960	
350.00324734	
350.00018584	
349.99748588	
349.99534947	
349.99281575	
349.98943913	
349.98673514	
349.98421320	
349.98133232	
349.97912102	
349.97653182	
349.97377078	
349.97117055	
349.96828003	
349.96583566	
349.96360769	
349.96153810	
349.95948135	
349.95712705	
349.95427812	
349.95095700	
349.94829531	
349.94577514	
349.94280770	
349.94053333	
349.93818350	
349.93580381	
349.93319059	
349.92979674	
349.92714298	
349.92443445	
349.92158569	
349.91875813	
349.91571793	
349.91342733	
349.91139087	
349.90939370	
349.90714759	
349.90442031	
349.90207054	
349.89959480	
349.89706318	
349.89465080	
349.89211201	
349.89012771	
349.88816813	
349.88531558	
349.88256545	
349.87987504	
349.87699884	
349.87441036	
349.87223453	
349.87041275	
349.86786196	
349.86499801	
349.86210487	
349.85949876	
349.85672866	
349.85355966	
349.85097826	
349.84883875	
349.84640638	
349.84325966	
349.84036942	
349.83755657	
349.83432738	
349.83193244	
349.83015772	
349.82817476	
349.82613838	
349.82393809	
349.82161882	
349.81893130	
349.81595454	
349.81330415	
349.81076990	
349.80780652	
349.80514082	
349.80309697	
349.80061151	
349.79786812	
349.79519111	
349.79261640	
349.78980834	
349.78669394	
349.78397586	
349.78159872	
349.77936814	
349.77692170	
349.77419900	
349.77135789	
349.76870144	
349.76621700	
349.76345034	
349.76081381	
349.75822201	
349.75517567	
349.75201384	
349.74943161	
349.74758512	
349.74532649	
349.74306773	
349.74069192	
349.73760956	
349.73461819	
349.73170271	
349.72893508	
349.72645547	
349.72424716	
349.72204396	
349.72015636	
349.71811275	
349.71591260	
349.71381041	
349.71165702	
349.70937688	
349.70716503	
349.70481360	
349.70174726	
349.69876374	
349.69602227	
349.69333481	
349.69124410	
349.68971806	
349.68762782	
349.68518816	
349.68330585	
349.68130861	
349.67921236	
349.67749298	
349.67548384	
349.67290990	
349.67025186	
349.66752139	
349.66438477	
349.66118151	
349.65825109	
349.65526952	
349.65249476	
349.65056005	
349.64835783	
349.64550023	
349.64262173	
349.63980680	
349.63679727	
349.63374444	
349.63108275	
349.62834813	
349.62554585	
349.62269970	
349.62001849	
349.61783586	
349.61525715	
349.61277345	
349.61062426	
349.60814052	
349.60563669	
349.60319468	
349.60107539	
349.59915492	
349.59674246	
349.59388271	
349.59160946	
349.58943881	
349.58733425	
349.58569385	
349.58367409	
349.58166024	
349.57956341	
349.57738147	
349.57512810	
349.57294294	
349.57129559	
349.56887837	
349.56570779	
349.56257577	
349.56018734	
349.55820500	
349.55605865	
349.55375150	
349.55085829	
349.54782658	
349.54543520	
349.54300372	
349.53997874	
349.53774548	
349.53582839	
349.53388327	
349.53237345	
349.53021490	
349.52795557	
349.52590567	
349.52321888	
349.52098253	
349.51928357	
349.51676262	
349.51429052	
349.51200958	
349.50914929	
349.50664181	
349.50457513	
349.50282919	
349.50054097	
349.49811283	
349.49592717	
349.49312158	
349.49070369	
349.48859503	
349.48619093	
349.48384445	
349.48178228	
349.47996075	
349.47749995	
349.47451275	
349.47157286	
349.46925649	
349.46692773	
349.46457468	
349.46278793	
349.46090151	
349.45916919	
349.45694898	
349.45424958	
349.45140919	
349.44879287	
349.44630083	
349.44333749	
349.44089902	
349.43905161	
349.43656790	
349.43420854	
349.43246428	
349.43086647	
349.42862601	
349.42604229	
349.42340664	
349.42076395	
349.41835086	
349.41562310	
349.41311561	
349.41080810	
349.40865519	
349.40616708	
349.40328624	
349.40078670	
349.39865292	
349.39687414	
349.39471276	
349.39208279	
349.38948169	
349.38679268	
349.38460382	
349.38257789	
349.37997544	
349.37751254	
349.37581447	
349.37385123	
349.37110745	
349.36852141	
349.36603897	
349.36382248	
349.36152083	
349.35897036	
349.35661715	
349.35423615	
349.35162049	
349.34919520	
349.34755252	
349.34564790	
349.34284516	
349.33993021	
349.33780550	
349.33543530	
349.33285146	
349.33072373	
349.32860094	
349.32644794	
349.32433581	
349.32264515	
349.32053254	
349.31823276	
349.31615208	
349.31388513	
349.31132567	
349.30905763	
349.30738793	
349.30531266	
349.30275518	
349.30028898	
349.29788047	
349.29546673	
349.29339378	
349.29160043	
349.28951300	
349.28733717	
349.28533915	
349.28299810	
349.28087100	
349.27922793	
349.27728707	
349.27453556	
349.27156951	
349.26923315	
349.26682297	
349.26389821	
349.26164901	
349.25950820	
349.25679865	
349.25426100	
349.25227442	
349.25010955	
349.24797305	
349.24628872	
349.24418027	
349.24164992	
349.23912836	
349.23673667	
349.23482500	
349.23318833	
349.23072357	
349.22767485	
349.22551598	
349.22355864	
349.22119356	
349.21947043	
349.21793803	
349.21550924	
349.21256239	
349.21023316	
349.20799606	
349.20548388	
349.20348196	
349.20121171	
349.19902284	
349.19718321	
349.19447004	
349.19202638	
349.19005702	
349.18775140	
349.18587726	
349.18392146	
349.18184330	
349.17957219	
349.17659503	
349.17444866	
349.17302246	
349.17082505	
349.16844703	
349.16605597	
349.16376768	
349.16197880	
349.15985962	
349.15716486	
349.15419740	
349.15197296	
349.15051151	
349.14921439	
349.14762733	
349.14545705	
349.14295370	
349.14064935	
349.13880897	
349.13670080	
349.13465771	
349.13321130	
349.13123326	
349.12841636	
349.12620750	
349.12482757	
349.12291659	
349.12093029	
349.11946751	
349.11782258	
349.11577155	
349.11319461	
349.11086734	
349.10862913	
349.10572004	
349.10327832	
349.10102566	
349.09870488	
349.09664555	
349.09484787	
349.09280594	
349.09044127	
349.08816509	
349.08627436	
349.08419809	
349.08145822	
349.07891528	
349.07620055	
349.07362268	
349.07134132	
349.06929911	
349.06742860	
349.06533380	
349.06305767	
349.06084045	
349.05843597	
349.05567491	
349.05351938	
349.05194395	
349.04990720	
349.04772975	
349.04579154	
349.04392937	
349.04166231	
349.03918017	
349.03670105	
349.03463900	
349.03254133	
349.03045551	
349.02912177	
349.02738404	
349.02496336	
349.02239394	
349.02027785	
349.01862586	
349.01654667	
349.01459806	
349.01297026	
349.01085385	
349.00876935	
349.00673967	
349.00440217	
349.00206773	
349.00020228	
348.99819036	
348.99615874	
348.99402066	
348.99190644	
348.98967811	
348.98720690	
348.98547708	
348.98353452	
348.98090015	
348.97861912	
348.97684079	
348.97480820	
348.97211386	
348.96961213	
348.96725086	
348.96478997	
348.96218803	
348.95970927	
348.95756966	
348.95548425	
348.95353570	
348.95146307	
348.94945360	
348.94786874	
348.94635059	
348.94412929	
348.94197438	
348.94026165	
348.93881009	
348.93716053	
348.93465470	
348.93195926	
348.92953464	
348.92766274	
348.92639628	
348.92527753	
348.92411921	
348.92212203	
348.91964540	
348.91792348	
348.91665959	
348.91544464	
348.91404247	
348.91190217	
348.90987049	
348.90787714	
348.90508808	
348.90259826	
348.90016920	
348.89800833	
348.89649807	
348.89482121	
348.89274183	
348.89032349	
348.88767547	
348.88505965	
348.88305720	
348.88092012	
348.87898483	
348.87732452	
348.87510540	
348.87277420	
348.87012697	
348.86749537	
348.86562302	
348.86355963	
348.86125420	
348.85924849	
348.85741223	
348.85599004	
348.85464461	
348.85271093	
348.85064702	
348.84851902	
348.84597184	
348.84353841	
348.84128769	
348.83963469	
348.83797134	
348.83629538	
348.83437057	
348.83178713	
348.82957253	
348.82792322	
348.82612497	
348.82369524	
348.82149604	
348.81933203	
348.81681427	
348.81489549	
348.81291147	
348.81039253	
348.80774484	
348.80502573	
348.80283918	
348.80140239	
348.79981987	
348.79785156	
348.79630302	
348.79510725	
348.79352681	
348.79107143	
348.78820107	
348.78548462	
348.78333573	
348.78156809	
348.77998156	
348.77859430	
348.77652925	
348.77427900	
348.77283690	
348.77086398	
348.76863201	
348.76644583	
348.76430813	
348.76225920	
348.75961357	
348.75720336	
348.75472770	
348.75217211	
348.75016645	
348.74799147	
348.74581703	
348.74422290	
348.74238524	
348.74021107	
348.73839636	
348.73706303	
348.73541320	
348.73344202	
348.73114621	
348.72879417	
348.72647943	
348.72440660	
348.72305752	
348.72118007	
348.71889249	
348.71716174	
348.71526683	
348.71342505	
348.71150760	
348.70881534	
348.70681165	
348.70477385	
348.70237837	
348.70003916	
348.69770620	
348.69616580	
348.69497554	
348.69321186	
348.69145435	
348.68958675	
348.68748336	
348.68582336	
348.68409994	
348.68257992	
348.68099780	
348.67896747	
348.67644848	
348.67424199	
348.67225430	
348.66973955	
348.66734003	
348.66532322	
348.66336548	
348.66126065	
348.65934508	
348.65775384	
348.65564562	
348.65293199	
348.65057598	
348.64818842	
348.64611534	
348.64416736	
348.64159733	
348.63957113	
348.63828877	
348.63668722	
348.63444630	
348.63224295	
348.63075906	
348.62889174	
348.62643998	
348.62485618	
348.62346679	
348.62141105	
348.61935527	
348.61772347	
348.61614963	
348.61438792	
348.61263586	
348.61103031	
348.60965873	
348.60843010	
348.60650280	
348.60444412	
348.60236802	
348.59984604	
348.59750684	
348.59580815	
348.59474738	
348.59310371	
348.59094763	
348.58879056	
348.58712763	
348.58520532	
348.58254100	
348.57990676	
348.57753748	
348.57607372	
348.57447462	
348.57260861	
348.57095545	
348.56870975	
348.56622932	
348.56441193	
348.56231239	
348.56007629	
348.55804708	
348.55623645	
348.55490341	
348.55303653	
348.55097638	
348.54952367	
348.54825162	
348.54670342	
348.54450199	
348.54249243	
348.54130990	
348.53987052	
348.53822366	
348.53660196	
348.53435577	
348.53214641	
348.53041313	
348.52863974	
348.52709244	
348.52539212	
348.52328879	
348.52107074	
348.51882483	
348.51630713	
348.51394855	
348.51218269	
348.51062602	
348.50910473	
348.50712879	
348.50487135	
348.50337397	
348.50224152	
348.50048588	
348.49801261	
348.49590033	
348.49395771	
348.49150285	
348.48921108	
348.48718979	
348.48500943	
348.48303707	
348.48109439	
348.47869369	
348.47687357	
348.47579590	
348.47447811	
348.47259842	
348.47018461	
348.46835686	
348.46691362	
348.46546142	
348.46407356	
348.46211010	
348.46052023	
348.45936662	
348.45778270	
348.45579957	
348.45403211	
348.45219705	
348.44998676	
348.44765750	
348.44548229	
348.44402627	
348.44246115	
348.44081785	
348.43911850	
348.43700852	
348.43536335	
348.43407431	
348.43269946	
348.43084112	
348.42894686	
348.42769696	
348.42618254	
348.42420860	
348.42230364	
348.42012573	
348.41787752	
348.41612837	
348.41484665	
348.41327905	
348.41136234	
348.40947634	
348.40736428	
348.40565558	
348.40450847	
348.40343475	
348.40214295	
348.40007647	
348.39780404	
348.39581378	
348.39371393	
348.39135487	
348.38901420	
348.38725849	
348.38562911	
348.38418177	
348.38319651	
348.38193258	
348.38028147	
348.37827651	
348.37603869	
348.37432650	
348.37289697	
348.37064435	
348.36877380	
348.36706989	
348.36517052	
348.36317633	
348.36060246	
348.35810439	
348.35638324	
348.35505420	
348.35345375	
348.35219940	
348.35097676	
348.34892212	
348.34710197	
348.34617260	
348.34471933	
348.34309349	
348.34174698	
348.34040312	
348.33849416	
348.33635530	
348.33421070	
348.33221565	
348.33082213	
348.32960294	
348.32819748	
348.32599536	
348.32426041	
348.32262296	
348.32037110	
348.31803639	
348.31549068	
348.31373566	
348.31190797	
348.30964675	
348.30757149	
348.30586246	
348.30486375	
348.30314167	
348.30122371	
348.29942817	
348.29710791	
348.29548824	
348.29456694	
348.29342166	
348.29217082	
348.29078676	
348.28884256	
348.28694579	
348.28551861	
348.28360725	
348.28119136	
348.27915074	
348.27763513	
348.27604288	
348.27410059	
348.27183504	
348.27013689	
348.26851016	
348.26677687	
348.26542398	
348.26418225	
348.26275786	
348.26048310	
348.25790418	
348.25620598	
348.25494292	
348.25313579	
348.25128829	
348.24973424	
348.24811096	
348.24608187	
348.24405197	
348.24240307	
348.24041273	
348.23790103	
348.23568916	
348.23424164	
348.23323968	
348.23150068	
348.22900496	
348.22638945	
348.22469224	
348.22310536	
348.22132509	
348.21944413	
348.21774157	
348.21619308	
348.21382855	
348.21172664	
348.20991744	
348.20837450	
348.20671485	
348.20522812	
348.20394070	
348.20240482	
348.20126710	
348.19989307	
348.19800191	
348.19651899	
348.19520481	
348.19310134	
348.19079268	
348.18852087	
348.18616879	
348.18464115	
348.18344839	
348.18183876	
348.17975626	
348.17766812	
348.17566526	
348.17387494	
348.17244941	
348.17072544	
348.16932176	
348.16804036	
348.16666619	
348.16528869	
348.16389911	
348.16247787	
348.16096707	
348.15948709	
348.15751656	
348.15543490	
348.15398149	
348.15296066	
348.15177691	
348.15046126	
348.14864940	
348.14640272	
348.14404015	
348.14152712	
348.13933688	
348.13732730	
348.13553452	
348.13356563	
348.13113806	
348.12861266	
348.12690388	
348.12534975	
348.12363610	
348.12216482	
348.12052786	
348.11933232	
348.11851297	
348.11762272	
348.11607305	
348.11457296	
348.11343757	
348.11188703	
348.11043919	
348.10953015	
348.10857859	
348.10743432	
348.10628840	
348.10484016	
348.10300092	
348.10075997	
348.09865919	
348.09696531	
348.09535313	
348.09389930	
348.09222950	
348.09065252	
348.08954246	
348.08836672	
348.08662413	
348.08516362	
348.08390079	
348.08198156	
348.07996966	
348.07805239	
348.07664345	
348.07533116	
348.07356458	
348.07157831	
348.06942597	
348.06759215	
348.06607428	
348.06472698	
348.06304913	
348.06143621	
348.05989859	
348.05760232	
348.05536735	
348.05337775	
348.05135452	
348.04972305	
348.04837605	
348.04699693	
348.04597823	
348.04507852	
348.04339421	
348.04097387	
348.03851777	
348.03640247	
348.03469735	
348.03274688	
348.03102614	
348.02988809	
348.02886045	
348.02751562	
348.02617435	
348.02481364	
348.02305485	
348.02111719	
348.01896962	
348.01751421	
348.01606901	
348.01404975	
348.01258442	
348.01164368	
348.01060598	
348.00929291	
348.00815665	
348.00693576	
348.00547262	
348.00385092	
348.00248116	
348.00162394	
347.99993630	
347.99801972	
347.99657468	
347.99456401	
347.99205001	
347.98964448	
347.98724528	
347.98535797	
347.98414766	
347.98266170	
347.98058090	
347.97911569	
347.97778495	
347.97575237	
347.97410943	
347.97261845	
347.97086959	
347.96951788	
347.96810615	
347.96634910	
347.96461739	
347.96324495	
347.96186890	
347.96044686	
347.95906036	
347.95716097	
347.95570122	
347.95465773	
347.95291894	
347.95090862	
347.94939721	
347.94816581	
347.94713661	
347.94597652	
347.94406359	
347.94164953	
347.93963783	
347.93851587	
347.93760513	
347.93602284	
347.93407930	
347.93278273	
347.93171000	
347.93066740	
347.92955161	
347.92763672	
347.92583071	
347.92473207	
347.92311241	
347.92118746	
347.91935062	
347.91712462	
347.91557244	
347.91425979	
347.91225146	
347.91017792	
347.90881619	
347.90748873	
347.90585889	
347.90450322	
347.90282390	
347.90098494	
347.89925598	
347.89720019	
347.89552098	
347.89377019	
347.89203147	
347.89055422	
347.88929043	
347.88855217	
347.88749808	
347.88650700	
347.88573069	
347.88420800	
347.88264983	
347.88124542	
347.87970527	
347.87832912	
347.87683443	
347.87493099	
347.87302473	
347.87125072	
347.86956254	
347.86826397	
347.86660295	
347.86472164	
347.86269642	
347.86045853	
347.85864288	
347.85672196	
347.85517868	
347.85433071	
347.85317472	
347.85189088	
347.85077146	
347.84904130	
347.84663084	
347.84455212	
347.84257741	
347.84107807	
347.83942445	
347.83738011	
347.83549879	
347.83361891	
347.83203724	
347.83015557	
347.82872825	
347.82745783	
347.82531243	
347.82301462	
347.82090584	
347.81905189	
347.81752300	
347.81605194	
347.81412720	
347.81186921	
347.80971822	
347.80797773	
347.80615456	
347.80388256	
347.80190162	
347.80015014	
347.79827581	
347.79617582	
347.79392426	
347.79191089	
347.79044276	
347.78886191	
347.78753191	
347.78646653	
347.78489564	
347.78293550	
347.78094929	
347.77937212	
347.77806642	
347.77678050	
347.77495009	
347.77327362	
347.77200530	
347.77066650	
347.76884944	
347.76653470	
347.76453400	
347.76269648	
347.76106951	
347.75989641	
347.75848152	
347.75673204	
347.75522464	
347.75416704	
347.75253952	
347.75089589	
347.74949729	
347.74814386	
347.74693386	
347.74491941	
347.74330532	
347.74184448	
347.74031994	
347.73922338	
347.73757302	
347.73555590	
347.73337161	
347.73095978	
347.72862402	
347.72645455	
347.72459706	
347.72349664	
347.72228511	
347.72057605	
347.71908413	
347.71767184	
347.71601407	
347.71449677	
347.71323796	
347.71139464	
347.70967070	
347.70809426	
347.70637374	
347.70510881	
347.70372464	
347.70223335	
347.70075506	
347.69896511	
347.69714771	
347.69535570	
347.69357549	
347.69220103	
347.69123409	
347.68981982	
347.68806258	
347.68633874	
347.68426124	
347.68220104	
347.68075154	
347.67925325	
347.67714537	
347.67570800	
347.67461566	
347.67326112	
347.67163664	
347.67023681	
347.66886952	
347.66751995	
347.66636956	
347.66488079	
347.66317761	
347.66126183	
347.65962389	
347.65858523	
347.65723750	
347.65584098	
347.65498082	
347.65357250	
347.65233513	
347.65099849	
347.64954061	
347.64869516	
347.64784142	
347.64680981	
347.64542592	
347.64408934	
347.64258150	
347.64047446	
347.63884584	
347.63805943	
347.63739715	
347.63659272	
347.63557796	
347.63420495	
347.63302602	
347.63184175	
347.63040093	
347.62873057	
347.62682714	
347.62479711	
347.62280222	
347.62132196	
347.62017487	
347.61896852	
347.61747705	
347.61614344	
347.61464437	
347.61280371	
347.61157275	
347.61089979	
347.61031205	
347.60942694	
347.60771469	
347.60609820	
347.60483767	
347.60294771	
347.60158984	
347.60036651	
347.59851930	
347.59661858	
347.59509101	
347.59390083	
347.59297238	
347.59196507	
347.59003458	
347.58841163	
347.58718802	
347.58549609	
347.58425932	
347.58316205	
347.58211466	
347.58156006	
347.58016361	
347.57792874	
347.57592165	
347.57412969	
347.57243181	
347.57053928	
347.56830666	
347.56691741	
347.56570505	
347.56410703	
347.56316559	
347.56207630	
347.56068441	
347.55964683	
347.55878644	
347.55770352	
347.55610588	
347.55449695	
347.55274523	
347.55096716	
347.54958417	
347.54852359	
347.54726036	
347.54536910	
347.54403793	
347.54261436	
347.54053726	
347.53936229	
347.53842272	
347.53674453	
347.53538197	
347.53458936	
347.53389722	
347.53269266	
347.53095810	
347.52897446	
347.52695613	
347.52522185	
347.52370331	
347.52192880	
347.52018790	
347.51889287	
347.51726894	
347.51555453	
347.51402241	
347.51264646	
347.51147704	
347.50992424	
347.50872727	
347.50803173	
347.50705320	
347.50553629	
347.50347302	
347.50187275	
347.50041238	
347.49902681	
347.49824583	
347.49769738	
347.49711866	
347.49625499	
347.49548039	
347.49432006	
347.49291679	
347.49198609	
347.49046230	
347.48833166	
347.48689785	
347.48578755	
347.48423170	
347.48285737	
347.48188003	
347.48092398	
347.47974465	
347.47849943	
347.47767727	
347.47700755	
347.47545510	
347.47384695	
347.47223527	
347.47071761	
347.46924746	
347.46723077	
347.46525053	
347.46333706	
347.46147337	
347.45979371	
347.45865658	
347.45734395	
347.45615716	
347.45493087	
347.45292446	
347.45088027	
347.44961783	
347.44891980	
347.44746619	
347.44538486	
347.44339074	
347.44176457	
347.44069544	
347.43926439	
347.43764047	
347.43673625	
347.43564860	
347.43391157	
347.43189826	
347.43035358	
347.42903002	
347.42737054	
347.42621191	
347.42497559	
347.42355719	
347.42239996	
347.42125642	
347.42024296	
347.41896733	
347.41706453	
347.41481802	
347.41315940	
347.41152065	
347.40988946	
347.40901477	
347.40758418	
347.40570513	
347.40442958	
347.40311860	
347.40208796	
347.40142314	
347.39983168	
347.39836239	
347.39768327	
347.39629650	
347.39485836	
347.39389028	
347.39292934	
347.39173182	
347.39048972	
347.38919746	
347.38731426	
347.38539589	
347.38363624	
347.38230502	
347.38102910	
347.37945642	
347.37777211	
347.37659892	
347.37525880	
347.37334198	
347.37189806	
347.37074903	
347.36926300	
347.36799655	
347.36658453	
347.36523169	
347.36459223	
347.36330320	
347.36141860	
347.35937443	
347.35785274	
347.35697029	
347.35627245	
347.35570217	
347.35488872	
347.35385338	
347.35225655	
347.35075381	
347.34995343	
347.34852433	
347.34708507	
347.34593915	
347.34441672	
347.34320820	
347.34223838	
347.34081373	
347.33945706	
347.33850255	
347.33701134	
347.33516090	
347.33372265	
347.33269502	
347.33118210	
347.32958733	
347.32794131	
347.32597279	
347.32427749	
347.32272809	
347.32099089	
347.31889098	
347.31738561	
347.31633519	
347.31522220	
347.31432475	
347.31362856	
347.31245484	
347.31123747	
347.30988132	
347.30840837	
347.30775583	
347.30658031	
347.30485497	
347.30337090	
347.30223859	
347.30101543	
347.29956674	
347.29830181	
347.29720998	
347.29652152	
347.29538527	
347.29348450	
347.29163711	
347.29039416	
347.28909984	
347.28787536	
347.28671944	
347.28547580	
347.28475175	
347.28404260	
347.28334865	
347.28286042	
347.28164693	
347.27997696	
347.27896567	
347.27776207	
347.27652366	
347.27549532	
347.27386768	
347.27224583	
347.27064620	
347.26899176	
347.26805841	
347.26755126	
347.26665648	
347.26510364	
347.26399195	
347.26361938	
347.26273200	
347.26187700	
347.26158461	
347.26064243	
347.25904074	
347.25761053	
347.25650903	
347.25527307	
347.25387200	
347.25219411	
347.25065131	
347.24976452	
347.24872320	
347.24719144	
347.24600345	
347.24514898	
347.24405730	
347.24296798	
347.24189764	
347.24104425	
347.23975116	
347.23855852	
347.23798259	
347.23664723	
347.23485634	
347.23302837	
347.23170150	
347.23107577	
347.22968215	
347.22780523	
347.22656670	
347.22576039	
347.22434309	
347.22251108	
347.22132088	
347.21987742	
347.21823243	
347.21671334	
347.21496040	
347.21349299	
347.21269533	
347.21154852	
347.20966767	
347.20795577	
347.20650479	
347.20495670	
347.20305955	
347.20147157	
347.20032799	
347.19892025	
347.19729288	
347.19571814	
347.19449356	
347.19374923	
347.19296022	
347.19180260	
347.19099039	
347.19021318	
347.18910387	
347.18808085	
347.18737382	
347.18654285	
347.18553428	
347.18446575	
347.18354258	
347.18293653	
347.18146947	
347.17940415	
347.17805739	
347.17725503	
347.17579209	
347.17421188	
347.17257296	
347.17076742	
347.16916400	
347.16759174	
347.16631997	
347.16523470	
347.16419784	
347.16316729	
347.16160212	
347.16013699	
347.15866080	
347.15706168	
347.15603284	
347.15480684	
347.15328915	
347.15180670	
347.15059675	
347.14940923	
347.14858598	
347.14780538	
347.14686787	
347.14618117	
347.14500175	
347.14379793	
347.14285409	
347.14154483	
347.14052794	
347.14018455	
347.13957847	
347.13873298	
347.13767179	
347.13592087	
347.13385627	
347.13180148	
347.13040217	
347.12962928	
347.12903205	
347.12850537	
347.12755683	
347.12662741	
347.12617717	
347.12506469	
347.12344675	
347.12184315	
347.12037255	
347.11901472	
347.11766852	
347.11634914	
347.11483569	
347.11382456	
347.11251683	
347.11108590	
347.10995469	
347.10905437	
347.10816292	
347.10732553	
347.10640220	
347.10497064	
347.10397593	
347.10291751	
347.10186018	
347.10050255	
347.09882603	
347.09804663	
347.09705364	
347.09574095	
347.09444246	
347.09332760	
347.09207200	
347.09080066	
347.09036054	
347.08966325	
347.08820403	
347.08698801	
347.08651020	
347.08562256	
347.08440323	
347.08352536	
347.08245219	
347.08127916	
347.08025088	
347.07912044	
347.07829598	
347.07708366	
347.07597220	
347.07498559	
347.07348745	
347.07239918	
347.07131870	
347.06992694	
347.06899249	
347.06808497	
347.06680222	
347.06565056	
347.06474196	
347.06386156	
347.06286662	
347.06189415	
347.06122233	
347.06011517	
347.05809116	
347.05618305	
347.05468732	
347.05344176	
347.05207018	
347.05032072	
347.04874709	
347.04753983	
347.04590048	
347.04440094	
347.04356261	
347.04243379	
347.04068086	
347.03915205	
347.03834577	
347.03753132	
347.03605548	
347.03458178	
347.03376442	
347.03302577	
347.03157271	
347.02990563	
347.02828012	
347.02636801	
347.02477293	
347.02376319	
347.02328326	
347.02231503	
347.02073309	
347.01920912	
347.01810994	
347.01736134	
347.01586833	
347.01383198	
347.01222862	
347.01108217	
347.00951094	
347.00772854	
347.00667253	
347.00564763	
347.00460531	
347.00343843	
347.00235500	
347.00149920	
347.00077755	
347.00043778	
346.99936130	
346.99788868	
346.99715451	
346.99611217	
346.99434923	
346.99331855	
346.99237190	
346.99148685	
346.99115419	
346.99025910	
346.98907817	
346.98825060	
346.98774176	
346.98723317	
346.98609235	
346.98447759	
346.98287655	
346.98132722	
346.98036652	
346.97999585	
346.97951695	
346.97903638	
346.97863505	
346.97817754	
346.97704417	
346.97577751	
346.97437808	
346.97265709	
346.97106003	
346.96953520	
346.96803855	
346.96653518	
346.96573678	
346.96460733	
346.96260227	
346.96129827	
346.96045671	
346.95958433	
346.95842322	
346.95686025	
346.95553967	
346.95458204	
346.95362831	
346.95211947	
346.95071659	
346.94930605	
346.94760855	
346.94671206	
346.94618640	
346.94542948	
346.94485276	
346.94439021	
346.94339335	
346.94162573	
346.93987075	
346.93812444	
346.93670501	
346.93620023	
346.93554698	
346.93433110	
346.93283649	
346.93183586	
346.93109099	
346.92974123	
346.92839692	
346.92726481	
346.92574867	
346.92469632	
346.92409518	
346.92343373	
346.92279698	
346.92131251	
346.91982309	
346.91887103	
346.91817898	
346.91703185	
346.91603140	
346.91564936	
346.91437295	
346.91240943	
346.91109245	
346.91014102	
346.90886884	
346.90773015	
346.90713891	
346.90672529	
346.90598601	
346.90490783	
346.90401777	
346.90327423	
346.90190045	
346.90028802	
346.89912491	
346.89855169	
346.89784027	
346.89677406	
346.89621151	
346.89570885	
346.89463783	
346.89357451	
346.89255219	
346.89121045	
346.88963853	
346.88826736	
346.88735218	
346.88612294	
346.88516873	
346.88439878	
346.88312954	
346.88175906	
346.88021227	
346.87849524	
346.87748458	
346.87702231	
346.87609577	
346.87480810	
346.87398068	
346.87299953	
346.87114660	
346.86955297	
346.86883074	
346.86814948	
346.86699852	
346.86590763	
346.86462708	
346.86352163	
346.86294053	
346.86200478	
346.86062240	
346.85991409	
346.85954533	
346.85833906	
346.85691997	
346.85540497	
346.85421428	
346.85317172	
346.85224496	
346.85148584	
346.85032824	
346.84886696	
346.84726681	
346.84606763	
346.84494047	
346.84398916	
346.84321650	
346.84218751	
346.84112028	
346.84030939	
346.83961702	
346.83870968	
346.83791291	
346.83716104	
346.83571931	
346.83424184	
346.83301019	
346.83224177	
346.83132998	
346.83020026	
346.82892118	
346.82761599	
346.82632516	
346.82447887	
346.82267003	
346.82125362	
346.81984296	
346.81855792	
346.81722741	
346.81588912	
346.81464977	
346.81368158	
346.81313981	
346.81260312	
346.81187358	
346.81080910	
346.80947800	
346.80799938	
346.80688854	
346.80578841	
346.80465931	
346.80402902	
346.80359660	
346.80255418	
346.80084374	
346.79903053	
346.79803660	
346.79704216	
346.79532061	
346.79350197	
346.79216921	
346.79149919	
346.79082620	
346.79016390	
346.78921983	
346.78850201	
346.78759653	
346.78590709	
346.78499114	
346.78465409	
346.78387688	
346.78263194	
346.78171896	
346.78076639	
346.77972227	
346.77860218	
346.77707858	
346.77629407	
346.77587514	
346.77549131	
346.77457129	
346.77298982	
346.77166238	
346.77089013	
346.77029449	
346.76943197	
346.76853543	
346.76713341	
346.76566929	
346.76419772	
346.76260231	
346.76190844	
346.76161104	
346.76131119	
346.76101952	
346.76058352	
346.76023655	
346.75982087	
346.75916262	
346.75803866	
346.75692670	
346.75611616	
346.75510719	
346.75434285	
346.75408104	
346.75373745	
346.75314874	
346.75250018	
346.75205396	
346.75133330	
346.75006973	
346.74855324	
346.74724530	
346.74620291	
346.74546383	
346.74509937	
346.74402794	
346.74268794	
346.74150764	
346.74052149	
346.74007910	
346.73918422	
346.73762273	
346.73605901	
346.73446177	
346.73334035	
346.73282360	
346.73167555	
346.72996561	
346.72827728	
346.72727180	
346.72648566	
346.72493440	
346.72338860	
346.72198518	
346.72107429	
346.72022283	
346.71900239	
346.71825935	
346.71781939	
346.71686700	
346.71606622	
346.71526760	
346.71415339	
346.71335204	
346.71285246	
346.71268347	
346.71218202	
346.71110038	
346.70999617	
346.70862673	
346.70749667	
346.70689597	
346.70624217	
346.70506092	
346.70407269	
346.70337267	
346.70242835	
346.70183493	
346.70132646	
346.70048435	
346.69944331	
346.69868695	
346.69783417	
346.69669729	
346.69572400	
346.69455602	
346.69370288	
346.69297600	
346.69155088	
346.69055672	
346.68962682	
346.68856015	
346.68800791	
346.68742319	
346.68618710	
346.68507472	
346.68451188	
346.68425730	
346.68382289	
346.68270507	
346.68145450	
346.68039371	
346.67984005	
346.67970602	
346.67893084	
346.67812200	
346.67773272	
346.67668786	
346.67569064	
346.67513972	
346.67405901	
346.67254338	
346.67128130	
346.66987204	
346.66831659	
346.66733534	
346.66640673	
346.66516904	
346.66440089	
346.66426289	
346.66397741	
346.66333895	
346.66265140	
346.66163348	
346.66064611	
346.65961283	
346.65849576	
346.65808359	
346.65762655	
346.65713789	
346.65671280	
346.65570701	
346.65421614	
346.65263587	
346.65173384	
346.65133333	
346.65047668	
346.64986792	
346.64958694	
346.64897172	
346.64784620	
346.64665585	
346.64596217	
346.64486732	
346.64397757	
346.64352361	
346.64225005	
346.64070773	
346.63979025	
346.63933180	
346.63843224	
346.63687650	
346.63537288	
346.63466176	
346.63440230	
346.63402432	
346.63323815	
346.63181655	
346.63080367	
346.62979947	
346.62889524	
346.62871063	
346.62791532	
346.62704450	
346.62688394	
346.62663901	
346.62562875	
346.62448216	
346.62344283	
346.62191468	
346.62067313	
346.62010243	
346.61934426	
346.61812329	
346.61705308	
346.61597764	
346.61506171	
346.61411698	
346.61280210	
346.61210294	
346.61112271	
346.60980041	
346.60921364	
346.60817232	
346.60651519	
346.60540409	
346.60419308	
346.60325905	
346.60313438	
346.60228795	
346.60104970	
346.60034713	
346.60005337	
346.59965946	
346.59868876	
346.59754929	
346.59662599	
346.59573172	
346.59500494	
346.59450657	
346.59346473	
346.59200621	
346.59097165	
346.59051722	
346.58969647	
346.58860923	
346.58749014	
346.58615280	
346.58519587	
346.58422577	
346.58308975	
346.58166702	
346.57996900	
346.57861285	
346.57746397	
346.57675963	
346.57602411	
346.57446740	
346.57313123	
346.57218820	
346.57151065	
346.57041115	
346.56920043	
346.56870616	
346.56828049	
346.56725185	
346.56585909	
346.56523882	
346.56491917	
346.56443158	
346.56350854	
346.56279218	
346.56262547	
346.56163783	
346.56032248	
346.55925610	
346.55839453	
346.55734051	
346.55657406	
346.55642991	
346.55621946	
346.55586481	
346.55561171	
346.55533159	
346.55496812	
346.55418359	
346.55308830	
346.55204534	
346.55085802	
346.55022478	
346.54981617	
346.54893599	
346.54810526	
346.54718050	
346.54580933	
346.54509606	
346.54432446	
346.54345388	
346.54279897	
346.54149719	
346.54031657	
346.53972073	
346.53910434	
346.53857207	
346.53839780	
346.53787131	
346.53694197	
346.53630476	
346.53533169	
346.53411998	
346.53315876	
346.53230747	
346.53197736	
346.53131771	
346.53020274	
346.52936360	
346.52881546	
346.52821350	
346.52731146	
346.52638127	
346.52517769	
346.52364968	
346.52252386	
346.52197182	
346.52151544	
346.52072439	
346.51947322	
