290.98518580	
290.98399172	
290.98279813	
290.98160501	
290.98041237	
290.97922020	
290.97802851	
290.97683730	
290.97564657	
290.97445631	
290.97326653	
290.97207722	
290.97088839	
290.96970003	
290.96851215	
290.96732475	
290.96613782	
290.96495136	
290.96376538	
290.96257988	
290.96139484	
290.96021029	
290.95902620	
290.95784259	
290.95665945	
290.95547679	
290.95429460	
290.95311288	
290.95193164	
290.95075086	
290.94957056	
290.94839074	
290.94721138	
290.94603249	
290.94485408	
290.94367614	
290.94249867	
290.94132167	
290.94014514	
290.93896908	
290.93779350	
290.93661838	
290.93544373	
290.93426955	
290.93309585	
290.93192261	
290.93074984	
290.92957754	
290.92840571	
290.92723434	
290.92606345	
290.92489303	
290.92372307	
290.92255358	
290.92138456	
290.92021600	
290.91904792	
290.91788030	
290.91671315	
290.91554646	
290.91438024	
290.91321449	
290.91204920	
290.91088438	
290.90972003	
290.90855614	
290.90739272	
290.90622976	
290.90506727	
290.90390524	
290.90274368	
290.90158259	
290.90042195	
290.89926178	
290.89810208	
290.89694284	
290.89578406	
290.89462575	
290.89346790	
290.89231051	
290.89115359	
290.88999712	
290.88884113	
290.88768559	
290.88653051	
290.88537590	
290.88422175	
290.88306806	
290.88191484	
290.88076207	
290.87960977	
290.87845792	
290.87730654	
290.87615562	
290.87500515	
290.87385515	
290.87270561	
290.87155653	
290.87040790	
290.86925974	
290.86811204	
290.86696479	
290.86581801	
290.86467168	
290.86352581	
290.86238040	
290.86123545	
290.86009095	
290.85894692	
290.85780334	
290.85666022	
290.85551755	
290.85437535	
290.85323360	
290.85209230	
290.85095147	
290.84981109	
290.84867116	
290.84753169	
290.84639268	
290.84525412	
290.84411602	
290.84297837	
290.84184118	
290.84070445	
290.83956817	
290.83843234	
290.83729696	
290.83616205	
290.83502758	
290.83389357	
290.83276001	
290.83162691	
290.83049426	
290.82936206	
290.82823032	
290.82709902	
290.82596818	
290.82483780	
290.82370786	
290.82257838	
290.82144935	
290.82032077	
290.81919264	
290.81806496	
290.81693774	
290.81581096	
290.81468464	
290.81355876	
290.81243334	
290.81130837	
290.81018384	
290.80905977	
290.80793614	
290.80681297	
290.80569025	
290.80456797	
290.80344614	
290.80232476	
290.80120383	
290.80008335	
290.79896332	
290.79784373	
290.79672460	
290.79560591	
290.79448766	
290.79336987	
290.79225252	
290.79113562	
290.79001917	
290.78890316	
290.78778760	
290.78667248	
290.78555781	
290.78444359	
290.78332981	
290.78221648	
290.78110359	
290.77999115	
290.77887916	
290.77776760	
290.77665650	
290.77554583	
290.77443562	
290.77332584	
290.77221651	
290.77110762	
290.76999918	
290.76889118	
290.76778363	
290.76667651	
290.76556984	
290.76446361	
290.76335783	
290.76225248	
290.76114758	
290.76004312	
290.75893911	
290.75783553	
290.75673240	
290.75562970	
290.75452745	
290.75342564	
290.75232427	
290.75122334	
290.75012285	
290.74902280	
290.74792319	
290.74682403	
290.74572530	
290.74462701	
290.74352915	
290.74243174	
290.74133477	
290.74023824	
290.73914214	
290.73804648	
290.73695127	
290.73585648	
290.73476214	
290.73366824	
290.73257477	
290.73148174	
290.73038915	
290.72929699	
290.72820527	
290.72711399	
290.72602315	
290.72493274	
290.72384276	
290.72275323	
290.72166412	
290.72057546	
290.71948723	
290.71839943	
290.71731207	
290.71622515	
290.71513866	
290.71405260	
290.71296698	
290.71188180	
290.71079704	
290.70971272	
290.70862884	
290.70754539	
290.70646237	
290.70537978	
290.70429763	
290.70321591	
290.70213463	
290.70105377	
290.69997335	
290.69889336	
290.69781381	
290.69673468	
290.69565599	
290.69457772	
290.69349989	
290.69242249	
290.69134552	
290.69026899	
290.68919288	
290.68811720	
290.68704195	
290.68596714	
290.68489275	
290.68381879	
290.68274527	
290.68167217	
290.68059950	
290.67952726	
290.67845545	
290.67738407	
290.67631311	
290.67524259	
290.67417249	
290.67310282	
290.67203358	
290.67096477	
290.66989638	
290.66882842	
290.66776089	
290.66669379	
290.66562711	
290.66456086	
290.66349503	
290.66242964	
290.66136466	
290.66030012	
290.65923600	
290.65817230	
290.65710903	
290.65604619	
290.65498377	
290.65392178	
290.65286021	
290.65179907	
290.65073835	
290.64967805	
290.64861818	
290.64755873	
290.64649971	
290.64544111	
290.64438293	
290.64332518	
290.64226785	
290.64121094	
290.64015446	
290.63909840	
290.63804276	
290.63698754	
290.63593274	
290.63487837	
290.63382442	
290.63277089	
290.63171778	
290.63066509	
290.62961283	
290.62856098	
290.62750956	
290.62645856	
290.62540797	
290.62435781	
290.62330807	
290.62225874	
290.62120984	
290.62016136	
290.61911329	
290.61806565	
290.61701842	
290.61597161	
290.61492522	
290.61387925	
290.61283370	
290.61178857	
290.61074385	
290.60969955	
290.60865567	
290.60761221	
290.60656917	
290.60552654	
290.60448433	
290.60344254	
290.60240116	
290.60136020	
290.60031965	
290.59927953	
290.59823981	
290.59720052	
290.59616164	
290.59512317	
290.59408512	
290.59304749	
290.59201027	
290.59097347	
290.58993708	
290.58890110	
290.58786554	
290.58683040	
290.58579566	
290.58476135	
290.58372744	
290.58269395	
290.58166087	
290.58062821	
290.57959596	
290.57856412	
290.57753269	
290.57650168	
290.57547108	
290.57444089	
290.57341111	
290.57238175	
290.57135280	
290.57032426	
290.56929613	
290.56826841	
290.56724110	
290.56621420	
290.56518772	
290.56416164	
290.56313598	
290.56211072	
290.56108588	
290.56006145	
290.55903742	
290.55801381	
290.55699060	
290.55596780	
290.55494542	
290.55392344	
290.55290187	
290.55188071	
290.55085996	
290.54983961	
290.54881968	
290.54780015	
290.54678103	
290.54576232	
290.54474401	
290.54372611	
290.54270862	
290.54169154	
290.54067486	
290.53965859	
290.53864273	
290.53762727	
290.53661222	
290.53559758	
290.53458334	
290.53356951	
290.53255608	
290.53154305	
290.53053044	
290.52951823	
290.52850642	
290.52749502	
290.52648402	
290.52547342	
290.52446323	
290.52345345	
290.52244407	
290.52143509	
290.52042652	
290.51941835	
290.51841058	
290.51740321	
290.51639625	
290.51538969	
290.51438354	
290.51337779	
290.51237243	
290.51136748	
290.51036294	
290.50935879	
290.50835505	
290.50735171	
290.50634877	
290.50534623	
290.50434409	
290.50334235	
290.50234101	
290.50134008	
290.50033954	
290.49933941	
290.49833967	
290.49734033	
290.49634140	
290.49534286	
290.49434472	
290.49334699	
290.49234965	
290.49135271	
290.49035617	
290.48936002	
290.48836428	
290.48736893	
290.48637399	
290.48537944	
290.48438529	
290.48339153	
290.48239817	
290.48140522	
290.48041265	
290.47942049	
290.47842872	
290.47743735	
290.47644637	
290.47545580	
290.47446561	
290.47347583	
290.47248644	
290.47149744	
290.47050884	
290.46952064	
290.46853283	
290.46754542	
290.46655840	
290.46557178	
290.46458555	
290.46359971	
290.46261427	
290.46162923	
290.46064458	
290.45966032	
290.45867645	
290.45769298	
290.45670991	
290.45572722	
290.45474493	
290.45376303	
290.45278153	
290.45180042	
290.45081970	
290.44983937	
290.44885943	
290.44787989	
290.44690074	
290.44592198	
290.44494361	
290.44396563	
290.44298804	
290.44201085	
290.44103404	
290.44005763	
290.43908161	
290.43810597	
290.43713073	
290.43615588	
290.43518142	
290.43420734	
290.43323366	
290.43226037	
290.43128746	
290.43031495	
290.42934282	
290.42837109	
290.42739974	
290.42642878	
290.42545821	
290.42448802	
290.42351823	
290.42254882	
290.42157980	
290.42061117	
290.41964292	
290.41867507	
290.41770760	
290.41674051	
290.41577382	
290.41480751	
290.41384159	
290.41287605	
290.41191090	
290.41094613	
290.40998176	
290.40901776	
290.40805416	
290.40709093	
290.40612810	
290.40516565	
290.40420358	
290.40324190	
290.40228060	
290.40131969	
290.40035916	
290.39939902	
290.39843926	
290.39747988	
290.39652089	
290.39556228	
290.39460406	
290.39364622	
290.39268876	
290.39173168	
290.39077499	
290.38981868	
290.38886275	
290.38790721	
290.38695204	
290.38599726	
290.38504286	
290.38408885	
290.38313521	
290.38218196	
290.38122909	
290.38027659	
290.37932448	
290.37837275	
290.37742140	
290.37647044	
290.37551985	
290.37456964	
290.37361981	
290.37267036	
290.37172130	
290.37077261	
290.36982430	
290.36887637	
290.36792882	
290.36698165	
290.36603485	
290.36508844	
290.36414240	
290.36319675	
290.36225147	
290.36130657	
290.36036205	
290.35941790	
290.35847413	
290.35753074	
290.35658773	
290.35564510	
290.35470284	
290.35376096	
290.35281945	
290.35187832	
290.35093757	
290.34999720	
290.34905720	
290.34811758	
290.34717833	
290.34623946	
290.34530096	
290.34436284	
290.34342510	
290.34248773	
290.34155073	
290.34061411	
290.33967787	
290.33874199	
290.33780650	
290.33687138	
290.33593663	
290.33500225	
290.33406825	
290.33313462	
290.33220137	
290.33126849	
290.33033598	
290.32940385	
290.32847209	
290.32754070	
290.32660968	
290.32567904	
290.32474877	
290.32381887	
290.32288934	
290.32196018	
290.32103140	
290.32010299	
290.31917494	
290.31824727	
290.31731998	
290.31639305	
290.31546649	
290.31454030	
290.31361449	
290.31268904	
290.31176397	
290.31083926	
290.30991493	
290.30899096	
290.30806736	
290.30714414	
290.30622128	
290.30529879	
290.30437667	
290.30345492	
290.30253354	
290.30161252	
290.30069188	
290.29977160	
290.29885169	
290.29793215	
290.29701298	
290.29609418	
290.29517574	
290.29425767	
290.29333996	
290.29242263	
290.29150566	
290.29058906	
290.28967282	
290.28875695	
290.28784145	
290.28692631	
290.28601154	
290.28509714	
290.28418310	
290.28326943	
290.28235612	
290.28144318	
290.28053060	
290.27961839	
290.27870654	
290.27779506	
290.27688394	
290.27597318	
290.27506280	
290.27415277	
290.27324311	
290.27233381	
290.27142488	
290.27051631	
290.26960810	
290.26870026	
290.26779278	
290.26688566	
290.26597891	
290.26507252	
290.26416649	
290.26326082	
290.26235552	
290.26145057	
290.26054599	
290.25964177	
290.25873792	
290.25783442	
290.25693129	
290.25602852	
290.25512610	
290.25422405	
290.25332236	
290.25242104	
290.25152007	
290.25061946	
290.24971921	
290.24881932	
290.24791980	
290.24702063	
290.24612182	
290.24522337	
290.24432528	
290.24342755	
290.24253018	
290.24163317	
290.24073652	
290.23984022	
290.23894428	
290.23804871	
290.23715349	
290.23625863	
290.23536412	
290.23446998	
290.23357619	
290.23268276	
290.23178969	
290.23089697	
290.23000461	
290.22911261	
290.22822096	
290.22732968	
290.22643874	
290.22554817	
290.22465795	
290.22376809	
290.22287858	
290.22198943	
290.22110063	
290.22021219	
290.21932411	
290.21843638	
290.21754900	
290.21666198	
290.21577532	
290.21488901	
290.21400305	
290.21311745	
290.21223220	
290.21134731	
290.21046277	
290.20957859	
290.20869476	
290.20781128	
290.20692815	
290.20604538	
290.20516296	
290.20428090	
290.20339919	
290.20251783	
290.20163682	
290.20075616	
290.19987586	
290.19899591	
290.19811631	
290.19723707	
290.19635817	
290.19547963	
290.19460144	
290.19372360	
290.19284611	
290.19196897	
290.19109218	
290.19021574	
290.18933966	
290.18846392	
290.18758854	
290.18671350	
290.18583882	
290.18496448	
290.18409049	
290.18321686	
290.18234357	
290.18147063	
290.18059805	
290.17972581	
290.17885392	
290.17798237	
290.17711118	
290.17624034	
290.17536984	
290.17449969	
290.17362989	
290.17276044	
290.17189134	
290.17102258	
290.17015417	
290.16928611	
290.16841840	
290.16755103	
290.16668401	
290.16581733	
290.16495101	
290.16408503	
290.16321939	
290.16235410	
290.16148916	
290.16062457	
290.15976032	
290.15889641	
290.15803285	
290.15716964	
290.15630677	
290.15544425	
290.15458207	
290.15372024	
290.15285875	
290.15199761	
290.15113681	
290.15027636	
290.14941624	
290.14855648	
290.14769706	
290.14683798	
290.14597924	
290.14512085	
290.14426280	
290.14340510	
290.14254773	
290.14169072	
290.14083404	
290.13997771	
290.13912171	
290.13826607	
290.13741076	
290.13655579	
290.13570117	
290.13484689	
290.13399295	
290.13313936	
290.13228610	
290.13143319	
290.13058061	
290.12972838	
290.12887649	
290.12802494	
290.12717373	
290.12632286	
290.12547233	
290.12462214	
290.12377229	
290.12292278	
290.12207361	
290.12122478	
290.12037629	
290.11952814	
290.11868033	
290.11783286	
290.11698573	
290.11613893	
290.11529248	
290.11444636	
290.11360058	
290.11275514	
290.11191004	
290.11106528	
290.11022085	
290.10937676	
290.10853301	
290.10768960	
290.10684652	
290.10600378	
290.10516138	
290.10431932	
290.10347759	
290.10263620	
290.10179514	
290.10095443	
290.10011404	
290.09927400	
290.09843429	
290.09759492	
290.09675588	
290.09591717	
290.09507881	
290.09424078	
290.09340308	
290.09256572	
290.09172869	
290.09089200	
290.09005564	
290.08921962	
290.08838393	
290.08754858	
290.08671356	
290.08587888	
290.08504452	
290.08421051	
290.08337682	
290.08254347	
290.08171045	
290.08087777	
290.08004542	
290.07921340	
290.07838172	
290.07755036	
290.07671934	
290.07588865	
290.07505830	
290.07422828	
290.07339858	
290.07256923	
290.07174020	
290.07091150	
290.07008314	
290.06925510	
290.06842740	
290.06760003	
290.06677299	
290.06594628	
290.06511990	
290.06429385	
290.06346814	
290.06264275	
290.06181769	
290.06099297	
290.06016857	
290.05934450	
290.05852076	
290.05769736	
290.05687428	
290.05605153	
290.05522911	
290.05440701	
290.05358525	
290.05276382	
290.05194271	
290.05112193	
290.05030149	
290.04948137	
290.04866157	
290.04784211	
290.04702297	
290.04620416	
290.04538568	
290.04456753	
290.04374970	
290.04293220	
290.04211503	
290.04129818	
290.04048166	
290.03966547	
290.03884960	
290.03803406	
290.03721885	
290.03640396	
290.03558940	
290.03477516	
290.03396125	
290.03314767	
290.03233441	
290.03152148	
290.03070887	
290.02989658	
290.02908463	
290.02827299	
290.02746168	
290.02665070	
290.02584004	
290.02502970	
290.02421969	
290.02341000	
290.02260064	
290.02179160	
290.02098288	
290.02017449	
290.01936642	
290.01855867	
290.01775125	
290.01694415	
290.01613737	
290.01533092	
290.01452478	
290.01371897	
290.01291349	
290.01210832	
290.01130348	
290.01049896	
290.00969476	
290.00889088	
290.00808732	
290.00728409	
290.00648117	
290.00567858	
290.00487631	
290.00407436	
290.00327273	
290.00247142	
290.00167043	
290.00086976	
290.00006941	
289.99926939	
289.99846968	
289.99767029	
289.99687122	
289.99607247	
289.99527405	
289.99447594	
289.99367815	
289.99288067	
289.99208352	
289.99128669	
289.99049017	
289.98969398	
289.98889810	
289.98810254	
289.98730730	
289.98651238	
289.98571777	
289.98492349	
289.98412952	
289.98333586	
289.98254253	
289.98174951	
289.98095681	
289.98016443	
289.97937236	
289.97858062	
289.97778918	
289.97699807	
289.97620727	
289.97541679	
289.97462662	
289.97383677	
289.97304723	
289.97225801	
289.97146911	
289.97068052	
289.96989225	
289.96910429	
289.96831665	
289.96752933	
289.96674231	
289.96595562	
289.96516924	
289.96438317	
289.96359741	
289.96281198	
289.96202685	
289.96124204	
289.96045754	
289.95967336	
289.95888949	
289.95810593	
289.95732269	
289.95653976	
289.95575715	
289.95497484	
289.95419285	
289.95341118	
289.95262981	
289.95184876	
289.95106802	
289.95028759	
289.94950748	
289.94872768	
289.94794819	
289.94716901	
289.94639014	
289.94561158	
289.94483334	
289.94405540	
289.94327778	
289.94250047	
289.94172347	
289.94094678	
289.94017040	
289.93939433	
289.93861858	
289.93784313	
289.93706799	
289.93629317	
289.93551865	
289.93474444	
289.93397054	
289.93319695	
289.93242368	
289.93165071	
289.93087805	
289.93010569	
289.92933365	
289.92856192	
289.92779049	
289.92701938	
289.92624857	
289.92547807	
289.92470788	
289.92393800	
289.92316842	
289.92239915	
289.92163019	
289.92086154	
289.92009320	
289.91932516	
289.91855743	
289.91779001	
289.91702289	
289.91625608	
289.91548958	
289.91472338	
289.91395749	
289.91319191	
289.91242663	
289.91166166	
289.91089700	
289.91013264	
289.90936859	
289.90860484	
289.90784140	
289.90707826	
289.90631543	
289.90555290	
289.90479068	
289.90402877	
289.90326716	
289.90250585	
289.90174485	
289.90098415	
289.90022375	
289.89946366	
289.89870388	
289.89794440	
289.89718522	
289.89642635	
289.89566778	
289.89490951	
289.89415154	
289.89339388	
289.89263653	
289.89187947	
289.89112272	
289.89036627	
289.88961012	
289.88885428	
289.88809874	
289.88734350	
289.88658856	
289.88583393	
289.88507959	
289.88432556	
289.88357183	
289.88281840	
289.88206527	
289.88131245	
289.88055992	
289.87980770	
289.87905578	
289.87830415	
289.87755283	
289.87680181	
289.87605109	
289.87530067	
289.87455055	
289.87380073	
289.87305121	
289.87230199	
289.87155307	
289.87080445	
289.87005612	
289.86930810	
289.86856038	
289.86781296	
289.86706583	
289.86631900	
289.86557248	
289.86482625	
289.86408032	
289.86333468	
289.86258935	
289.86184431	
289.86109958	
289.86035514	
289.85961100	
289.85886715	
289.85812360	
289.85738035	
289.85663740	
289.85589475	
289.85515239	
289.85441033	
289.85366856	
289.85292710	
289.85218593	
289.85144505	
289.85070447	
289.84996419	
289.84922421	
289.84848452	
289.84774512	
289.84700602	
289.84626722	
289.84552872	
289.84479050	
289.84405259	
289.84331497	
289.84257764	
289.84184061	
289.84110387	
289.84036743	
289.83963128	
289.83889543	
289.83815987	
289.83742461	
289.83668964	
289.83595496	
289.83522058	
289.83448649	
289.83375270	
289.83301920	
289.83228599	
289.83155308	
289.83082046	
289.83008813	
289.82935609	
289.82862435	
289.82789290	
289.82716174	
289.82643088	
289.82570031	
289.82497003	
289.82424004	
289.82351034	
289.82278094	
289.82205182	
289.82132300	
289.82059447	
289.81986624	
289.81913829	
289.81841064	
289.81768327	
289.81695620	
289.81622942	
289.81550292	
289.81477672	
289.81405081	
289.81332519	
289.81259986	
289.81187482	
289.81115007	
289.81042561	
289.80970144	
289.80897756	
289.80825397	
289.80753067	
289.80680766	
289.80608493	
289.80536250	
289.80464035	
289.80391850	
289.80319693	
289.80247565	
289.80175466	
289.80103396	
289.80031355	
289.79959342	
289.79887358	
289.79815403	
289.79743477	
289.79671580	
289.79599711	
289.79527871	
289.79456060	
289.79384278	
289.79312524	
289.79240799	
289.79169103	
289.79097435	
289.79025796	
289.78954186	
289.78882604	
289.78811051	
289.78739527	
289.78668031	
289.78596564	
289.78525125	
289.78453715	
289.78382333	
289.78310980	
289.78239656	
289.78168360	
289.78097093	
289.78025854	
289.77954644	
289.77883462	
289.77812308	
289.77741184	
289.77670087	
289.77599019	
289.77527979	
289.77456968	
289.77385985	
289.77315031	
289.77244105	
289.77173207	
289.77102338	
289.77031497	
289.76960685	
289.76889900	
289.76819144	
289.76748417	
289.76677717	
289.76607046	
289.76536403	
289.76465789	
289.76395203	
289.76324644	
289.76254115	
289.76183613	
289.76113139	
289.76042694	
289.75972277	
289.75901888	
289.75831527	
289.75761195	
289.75690890	
289.75620614	
289.75550366	
289.75480146	
289.75409954	
289.75339790	
289.75269654	
289.75199546	
289.75129466	
289.75059414	
289.74989390	
289.74919395	
289.74849427	
289.74779487	
289.74709575	
289.74639692	
289.74569836	
289.74500008	
289.74430208	
289.74360436	
289.74290691	
289.74220975	
289.74151287	
289.74081626	
289.74011994	
289.73942389	
289.73872812	
289.73803263	
289.73733741	
289.73664248	
289.73594782	
289.73525344	
289.73455934	
289.73386552	
289.73317197	
289.73247870	
289.73178571	
289.73109300	
289.73040056	
289.72970840	
289.72901652	
289.72832491	
289.72763358	
289.72694253	
289.72625175	
289.72556125	
289.72487102	
289.72418108	
289.72349140	
289.72280201	
289.72211289	
289.72142404	
289.72073547	
289.72004718	
289.71935916	
289.71867142	
289.71798395	
289.71729675	
289.71660983	
289.71592319	
289.71523682	
289.71455073	
289.71386491	
289.71317936	
289.71249409	
289.71180909	
289.71112437	
289.71043992	
289.70975574	
289.70907184	
289.70838821	
289.70770486	
289.70702177	
289.70633896	
289.70565643	
289.70497417	
289.70429218	
289.70361046	
289.70292902	
289.70224784	
289.70156694	
289.70088632	
289.70020596	
289.69952588	
289.69884607	
289.69816653	
289.69748727	
289.69680827	
289.69612955	
289.69545110	
289.69477292	
289.69409501	
289.69341737	
289.69274000	
289.69206291	
289.69138608	
289.69070953	
289.69003324	
289.68935723	
289.68868149	
289.68800601	
289.68733081	
289.68665588	
289.68598122	
289.68530682	
289.68463270	
289.68395885	
289.68328526	
289.68261195	
289.68193891	
289.68126613	
289.68059362	
289.67992139	
289.67924942	
289.67857772	
289.67790629	
289.67723512	
289.67656423	
289.67589360	
289.67522325	
289.67455316	
289.67388334	
289.67321378	
289.67254450	
289.67187548	
289.67120673	
289.67053825	
289.66987003	
289.66920208	
289.66853440	
289.66786699	
289.66719984	
289.66653296	
289.66586635	
289.66520000	
289.66453392	
289.66386811	
289.66320256	
289.66253728	
289.66187227	
289.66120752	
289.66054303	
289.65987882	
289.65921486	
289.65855118	
289.65788776	
289.65722460	
289.65656171	
289.65589909	
289.65523673	
289.65457463	
289.65391280	
289.65325124	
289.65258994	
289.65192890	
289.65126813	
289.65060762	
289.64994738	
289.64928740	
289.64862769	
289.64796824	
289.64730905	
289.64665013	
289.64599147	
289.64533307	
289.64467494	
289.64401707	
289.64335946	
289.64270211	
289.64204503	
289.64138822	
289.64073166	
289.64007537	
289.63941934	
289.63876357	
289.63810806	
289.63745282	
289.63679784	
289.63614312	
289.63548866	
289.63483447	
289.63418053	
289.63352686	
289.63287345	
289.63222030	
289.63156741	
289.63091479	
289.63026242	
289.62961032	
289.62895847	
289.62830689	
289.62765557	
289.62700450	
289.62635370	
289.62570316	
289.62505288	
289.62440286	
289.62375310	
289.62310360	
289.62245435	
289.62180537	
289.62115665	
289.62050819	
289.61985998	
289.61921204	
289.61856436	
289.61791693	
289.61726976	
289.61662286	
289.61597621	
289.61532982	
289.61468368	
289.61403781	
289.61339219	
289.61274684	
289.61210174	
289.61145690	
289.61081232	
289.61016799	
289.60952392	
289.60888011	
289.60823656	
289.60759327	
289.60695023	
289.60630745	
289.60566493	
289.60502266	
289.60438065	
289.60373890	
289.60309740	
289.60245617	
289.60181518	
289.60117446	
289.60053399	
289.59989377	
289.59925382	
289.59861411	
289.59797467	
289.59733548	
289.59669654	
289.59605787	
289.59541944	
289.59478128	
289.59414336	
289.59350571	
289.59286830	
289.59223116	
289.59159426	
289.59095763	
289.59032124	
289.58968511	
289.58904924	
289.58841362	
289.58777825	
289.58714314	
289.58650829	
289.58587368	
289.58523933	
289.58460524	
289.58397140	
289.58333781	
289.58270447	
289.58207139	
289.58143856	
289.58080599	
289.58017366	
289.57954159	
289.57890978	
289.57827821	
289.57764690	
289.57701584	
289.57638504	
289.57575448	
289.57512418	
289.57449413	
289.57386433	
289.57323479	
289.57260549	
289.57197645	
289.57134766	
289.57071912	
289.57009084	
289.56946280	
289.56883501	
289.56820748	
289.56758020	
289.56695316	
289.56632638	
289.56569985	
289.56507357	
289.56444754	
289.56382176	
289.56319624	
289.56257096	
289.56194593	
289.56132115	
289.56069662	
289.56007234	
289.55944831	
289.55882454	
289.55820101	
289.55757772	
289.55695469	
289.55633191	
289.55570938	
289.55508710	
289.55446506	
289.55384327	
289.55322174	
289.55260045	
289.55197941	
289.55135862	
289.55073807	
289.55011778	
289.54949773	
289.54887793	
289.54825838	
289.54763908	
289.54702002	
289.54640121	
289.54578265	
289.54516434	
289.54454627	
289.54392846	
289.54331088	
289.54269356	
289.54207648	
289.54145965	
289.54084307	
289.54022673	
289.53961064	
289.53899480	
289.53837920	
289.53776385	
289.53714874	
289.53653388	
289.53591927	
289.53530490	
289.53469078	
289.53407690	
289.53346327	
289.53284989	
289.53223675	
289.53162385	
289.53101120	
289.53039880	
289.52978664	
289.52917472	
289.52856305	
289.52795163	
289.52734045	
289.52672951	
289.52611882	
289.52550837	
289.52489817	
289.52428821	
289.52367849	
289.52306902	
289.52245979	
289.52185081	
289.52124207	
289.52063357	
289.52002532	
289.51941731	
289.51880954	
289.51820202	
289.51759474	
289.51698770	
289.51638091	
289.51577435	
289.51516804	
289.51456198	
289.51395615	
289.51335057	
289.51274523	
289.51214013	
289.51153527	
289.51093066	
289.51032629	
289.50972216	
289.50911827	
289.50851462	
289.50791122	
289.50730805	
289.50670513	
289.50610245	
289.50550000	
289.50489780	
289.50429585	
289.50369413	
289.50309265	
289.50249141	
289.50189042	
289.50128966	
289.50068914	
289.50008887	
289.49948883	
289.49888904	
289.49828948	
289.49769017	
289.49709109	
289.49649225	
289.49589366	
289.49529530	
289.49469718	
289.49409930	
289.49350166	
289.49290426	
289.49230710	
289.49171018	
289.49111349	
289.49051705	
289.48992084	
289.48932487	
289.48872914	
289.48813365	
289.48753840	
289.48694338	
289.48634860	
289.48575407	
289.48515976	
289.48456570	
289.48397187	
289.48337828	
289.48278493	
289.48219182	
289.48159894	
289.48100630	
289.48041390	
289.47982174	
289.47922981	
289.47863811	
289.47804666	
289.47745544	
289.47686446	
289.47627371	
289.47568320	
289.47509293	
289.47450289	
289.47391309	
289.47332353	
289.47273420	
289.47214510	
289.47155625	
289.47096762	
289.47037924	
289.46979108	
289.46920317	
289.46861549	
289.46802804	
289.46744083	
289.46685385	
289.46626711	
289.46568060	
289.46509433	
289.46450829	
289.46392249	
289.46333692	
289.46275159	
289.46216649	
289.46158162	
289.46099699	
289.46041259	
289.45982842	
289.45924449	
289.45866079	
289.45807733	
289.45749410	
289.45691110	
289.45632834	
289.45574581	
289.45516351	
289.45458144	
289.45399961	
289.45341801	
289.45283664	
289.45225551	
289.45167461	
289.45109394	
289.45051350	
289.44993329	
289.44935332	
289.44877358	
289.44819407	
289.44761479	
289.44703574	
289.44645693	
289.44587835	
289.44530000	
289.44472188	
289.44414399	
289.44356633	
289.44298890	
289.44241171	
289.44183474	
289.44125801	
289.44068151	
289.44010523	
289.43952919	
289.43895338	
289.43837780	
289.43780245	
289.43722733	
289.43665244	
289.43607777	
289.43550334	
289.43492914	
289.43435517	
289.43378143	
289.43320792	
289.43263463	
289.43206158	
289.43148875	
289.43091616	
289.43034379	
289.42977165	
289.42919975	
289.42862807	
289.42805661	
289.42748539	
289.42691440	
289.42634363	
289.42577309	
289.42520279	
289.42463270	
289.42406285	
289.42349323	
289.42292383	
289.42235466	
289.42178572	
289.42121700	
289.42064852	
289.42008026	
289.41951222	
289.41894442	
289.41837684	
289.41780949	
289.41724237	
289.41667547	
289.41610880	
289.41554236	
289.41497614	
289.41441015	
289.41384439	
289.41327885	
289.41271354	
289.41214845	
289.41158359	
289.41101896	
289.41045455	
289.40989037	
289.40932641	
289.40876268	
289.40819918	
289.40763590	
289.40707284	
289.40651001	
289.40594741	
289.40538503	
289.40482288	
289.40426095	
289.40369924	
289.40313776	
289.40257651	
289.40201548	
289.40145467	
289.40089409	
289.40033373	
289.39977360	
289.39921369	
289.39865400	
289.39809454	
289.39753530	
289.39697629	
289.39641750	
289.39585893	
289.39530059	
289.39474247	
289.39418457	
289.39362690	
289.39306945	
289.39251222	
289.39195521	
289.39139843	
289.39084187	
289.39028554	
289.38972942	
289.38917353	
289.38861786	
289.38806241	
289.38750719	
289.38695219	
289.38639741	
289.38584285	
289.38528851	
289.38473439	
289.38418050	
289.38362683	
289.38307338	
289.38252015	
289.38196714	
289.38141435	
289.38086179	
289.38030944	
289.37975732	
289.37920542	
289.37865373	
289.37810227	
289.37755103	
289.37700001	
289.37644921	
289.37589863	
289.37534827	
289.37479813	
289.37424821	
289.37369851	
289.37314903	
289.37259977	
289.37205073	
289.37150191	
289.37095331	
289.37040493	
289.36985677	
289.36930883	
289.36876110	
289.36821360	
289.36766631	
289.36711925	
289.36657240	
289.36602577	
289.36547936	
289.36493317	
289.36438720	
289.36384144	
289.36329590	
289.36275059	
289.36220549	
289.36166060	
289.36111594	
289.36057149	
289.36002726	
289.35948325	
289.35893946	
289.35839588	
289.35785253	
289.35730938	
289.35676646	
289.35622375	
289.35568127	
289.35513899	
289.35459694	
289.35405510	
289.35351348	
289.35297207	
289.35243088	
289.35188991	
289.35134915	
289.35080861	
289.35026829	
289.34972818	
289.34918829	
289.34864862	
289.34810916	
289.34756991	
289.34703089	
289.34649207	
289.34595348	
289.34541509	
289.34487693	
289.34433898	
289.34380124	
289.34326372	
289.34272642	
289.34218933	
289.34165245	
289.34111579	
289.34057934	
289.34004311	
289.33950709	
289.33897129	
289.33843570	
289.33790033	
289.33736517	
289.33683022	
289.33629549	
289.33576097	
289.33522667	
289.33469258	
289.33415870	
289.33362504	
289.33309159	
289.33255835	
289.33202533	
289.33149252	
289.33095992	
289.33042754	
289.32989536	
289.32936341	
289.32883166	
289.32830013	
289.32776881	
289.32723770	
289.32670681	
289.32617612	
289.32564565	
289.32511539	
289.32458535	
289.32405551	
289.32352589	
289.32299648	
289.32246728	
289.32193830	
289.32140952	
289.32088096	
289.32035260	
289.31982446	
289.31929653	
289.31876881	
289.31824131	
289.31771401	
289.31718692	
289.31666005	
289.31613339	
289.31560693	
289.31508069	
289.31455466	
289.31402884	
289.31350322	
289.31297782	
289.31245263	
289.31192765	
289.31140288	
289.31087832	
289.31035397	
289.30982983	
289.30930589	
289.30878217	
289.30825866	
289.30773536	
289.30721226	
289.30668938	
289.30616670	
289.30564423	
289.30512198	
289.30459993	
289.30407809	
289.30355646	
289.30303503	
289.30251382	
289.30199281	
289.30147202	
289.30095143	
289.30043105	
289.29991087	
289.29939091	
289.29887115	
289.29835161	
289.29783227	
289.29731313	
289.29679421	
289.29627549	
289.29575698	
289.29523868	
289.29472058	
289.29420269	
289.29368501	
289.29316754	
289.29265027	
289.29213321	
289.29161636	
289.29109971	
289.29058327	
289.29006704	
289.28955101	
289.28903519	
289.28851958	
289.28800417	
289.28748897	
289.28697397	
289.28645918	
289.28594460	
289.28543022	
289.28491605	
289.28440208	
289.28388832	
289.28337477	
289.28286142	
289.28234827	
289.28183533	
289.28132260	
289.28081007	
289.28029774	
289.27978563	
289.27927371	
289.27876200	
289.27825050	
289.27773920	
289.27722810	
289.27671721	
289.27620652	
289.27569604	
289.27518576	
289.27467569	
289.27416582	
289.27365615	
289.27314669	
289.27263743	
289.27212837	
289.27161952	
289.27111088	
289.27060243	
289.27009419	
289.26958615	
289.26907832	
289.26857069	
289.26806326	
289.26755603	
289.26704901	
289.26654219	
289.26603557	
289.26552916	
289.26502295	
289.26451694	
289.26401113	
289.26350553	
289.26300013	
289.26249493	
289.26198993	
289.26148513	
289.26098054	
289.26047615	
289.25997195	
289.25946797	
289.25896418	
289.25846059	
289.25795721	
289.25745403	
289.25695104	
289.25644826	
289.25594568	
289.25544331	
289.25494113	
289.25443915	
289.25393738	
289.25343580	
289.25293443	
289.25243325	
289.25193228	
289.25143151	
289.25093094	
289.25043056	
289.24993039	
289.24943042	
289.24893065	
289.24843107	
289.24793170	
289.24743253	
289.24693356	
289.24643478	
289.24593621	
289.24543783	
289.24493966	
289.24444168	
289.24394391	
289.24344633	
289.24294895	
289.24245177	
289.24195479	
289.24145801	
289.24096142	
289.24046504	
289.23996885	
289.23947287	
289.23897708	
289.23848149	
289.23798609	
289.23749090	
289.23699590	
289.23650111	
289.23600650	
289.23551210	
289.23501790	
289.23452389	
289.23403008	
289.23353647	
289.23304305	
289.23254984	
289.23205682	
289.23156399	
289.23107137	
289.23057894	
289.23008671	
289.22959467	
289.22910284	
289.22861119	
289.22811975	
289.22762850	
289.22713745	
289.22664660	
289.22615594	
289.22566547	
289.22517521	
289.22468514	
289.22419526	
289.22370559	
289.22321610	
289.22272682	
289.22223773	
289.22174883	
289.22126013	
289.22077163	
289.22028332	
289.21979521	
289.21930729	
289.21881957	
289.21833204	
289.21784470	
289.21735757	
289.21687062	
289.21638388	
289.21589732	
289.21541096	
289.21492480	
289.21443883	
289.21395305	
289.21346747	
289.21298208	
289.21249689	
289.21201189	
289.21152709	
289.21104248	
289.21055806	
289.21007384	
289.20958981	
289.20910597	
289.20862233	
289.20813888	
289.20765563	
289.20717256	
289.20668969	
289.20620702	
289.20572454	
289.20524225	
289.20476015	
289.20427824	
289.20379653	
289.20331501	
289.20283369	
289.20235256	
289.20187161	
289.20139087	
289.20091031	
289.20042995	
289.19994977	
289.19946979	
289.19899001	
289.19851041	
289.19803101	
289.19755179	
289.19707277	
289.19659394	
289.19611531	
289.19563686	
289.19515860	
289.19468054	
289.19420267	
289.19372499	
289.19324750	
289.19277020	
289.19229309	
289.19181617	
289.19133945	
289.19086291	
289.19038657	
289.18991041	
289.18943445	
289.18895867	
289.18848309	
289.18800770	
289.18753249	
289.18705748	
289.18658266	
289.18610802	
289.18563358	
289.18515933	
289.18468526	
289.18421139	
289.18373771	
289.18326421	
289.18279090	
289.18231779	
289.18184486	
289.18137212	
289.18089957	
289.18042721	
289.17995504	
289.17948306	
289.17901127	
289.17853966	
289.17806825	
289.17759702	
289.17712598	
289.17665513	
289.17618447	
289.17571400	
289.17524371	
289.17477361	
289.17430370	
289.17383398	
289.17336445	
289.17289510	
289.17242594	
289.17195697	
289.17148819	
289.17101960	
289.17055119	
289.17008297	
289.16961493	
289.16914709	
289.16867943	
289.16821196	
289.16774467	
289.16727758	
289.16681066	
289.16634394	
289.16587740	
289.16541105	
289.16494489	
289.16447891	
289.16401312	
289.16354751	
289.16308209	
289.16261686	
289.16215181	
289.16168695	
289.16122228	
289.16075779	
289.16029349	
289.15982937	
289.15936544	
289.15890169	
289.15843813	
289.15797475	
289.15751156	
289.15704856	
289.15658574	
289.15612311	
289.15566066	
289.15519839	
289.15473631	
289.15427442	
289.15381271	
289.15335118	
289.15288984	
289.15242869	
289.15196772	
289.15150693	
289.15104633	
289.15058591	
289.15012567	
289.14966562	
289.14920576	
289.14874607	
289.14828658	
289.14782726	
289.14736813	
289.14690918	
289.14645042	
289.14599184	
289.14553344	
289.14507523	
289.14461720	
289.14415935	
289.14370169	
289.14324421	
289.14278691	
289.14232980	
289.14187286	
289.14141611	
289.14095955	
289.14050316	
289.14004696	
289.13959094	
289.13913511	
289.13867945	
289.13822398	
289.13776869	
289.13731359	
289.13685866	
289.13640392	
289.13594935	
289.13549497	
289.13504078	
289.13458676	
289.13413293	
289.13367927	
289.13322580	
289.13277251	
289.13231940	
289.13186647	
289.13141373	
289.13096116	
289.13050878	
289.13005657	
289.12960455	
289.12915271	
289.12870105	
289.12824957	
289.12779827	
289.12734715	
289.12689621	
289.12644545	
289.12599487	
289.12554448	
289.12509426	
289.12464422	
289.12419436	
289.12374468	
289.12329519	
289.12284587	
289.12239673	
289.12194777	
289.12149899	
289.12105039	
289.12060197	
289.12015373	
289.11970567	
289.11925779	
289.11881008	
289.11836256	
289.11791522	
289.11746805	
289.11702106	
289.11657425	
289.11612762	
289.11568117	
289.11523490	
289.11478881	
289.11434289	
289.11389715	
289.11345160	
289.11300621	
289.11256101	
289.11211599	
289.11167114	
289.11122647	
289.11078198	
289.11033767	
289.10989353	
289.10944958	
289.10900580	
289.10856220	
289.10811877	
289.10767552	
289.10723245	
289.10678956	
289.10634684	
289.10590430	
289.10546194	
289.10501976	
289.10457775	
289.10413592	
289.10369427	
289.10325279	
289.10281149	
289.10237036	
289.10192941	
289.10148864	
289.10104805	
289.10060763	
289.10016738	
289.09972732	
289.09928743	
289.09884771	
289.09840817	
289.09796881	
289.09752962	
289.09709061	
289.09665177	
289.09621311	
289.09577463	
289.09533632	
289.09489818	
289.09446022	
289.09402244	
289.09358483	
289.09314740	
289.09271014	
289.09227305	
289.09183614	
289.09139941	
289.09096285	
289.09052646	
289.09009025	
289.08965422	
289.08921836	
289.08878267	
289.08834716	
289.08791182	
289.08747665	
289.08704166	
289.08660685	
289.08617220	
289.08573773	
289.08530344	
289.08486932	
289.08443537	
289.08400160	
289.08356799	
289.08313457	
289.08270131	
289.08226823	
289.08183533	
289.08140259	
289.08097003	
289.08053764	
289.08010543	
289.07967339	
289.07924152	
289.07880982	
289.07837830	
289.07794694	
289.07751577	
289.07708476	
289.07665393	
289.07622326	
289.07579277	
289.07536246	
289.07493231	
289.07450234	
289.07407254	
289.07364291	
289.07321345	
289.07278417	
289.07235505	
289.07192611	
289.07149734	
289.07106874	
289.07064031	
289.07021206	
289.06978397	
289.06935606	
289.06892832	
289.06850075	
289.06807335	
289.06764612	
289.06721906	
289.06679217	
289.06636545	
289.06593891	
289.06551253	
289.06508633	
289.06466029	
289.06423443	
289.06380873	
289.06338321	
289.06295786	
289.06253267	
289.06210766	
289.06168282	
289.06125815	
289.06083364	
289.06040931	
289.05998514	
289.05956115	
289.05913733	
289.05871367	
289.05829019	
289.05786687	
289.05744372	
289.05702075	
289.05659794	
289.05617530	
289.05575283	
289.05533053	
289.05490839	
289.05448643	
289.05406464	
289.05364301	
289.05322155	
289.05280026	
289.05237914	
289.05195819	
289.05153741	
289.05111679	
289.05069635	
289.05027607	
289.04985596	
289.04943602	
289.04901624	
289.04859664	
289.04817720	
289.04775793	
289.04733882	
289.04691989	
289.04650112	
289.04608252	
289.04566409	
289.04524582	
289.04482772	
289.04440979	
289.04399203	
289.04357443	
289.04315700	
289.04273974	
289.04232264	
289.04190571	
289.04148895	
289.04107236	
289.04065593	
289.04023966	
289.03982357	
289.03940764	
289.03899188	
289.03857628	
289.03816085	
289.03774558	
289.03733049	
289.03691555	
289.03650079	
289.03608619	
289.03567175	
289.03525748	
289.03484338	
289.03442944	
289.03401567	
289.03360207	
289.03318862	
289.03277535	
289.03236224	
289.03194929	
289.03153651	
289.03112390	
289.03071145	
289.03029917	
289.02988705	
289.02947509	
289.02906330	
289.02865168	
289.02824021	
289.02782892	
289.02741779	
289.02700682	
289.02659602	
289.02618538	
289.02577490	
289.02536459	
289.02495445	
289.02454447	
289.02413465	
289.02372500	
289.02331551	
289.02290618	
289.02249702	
289.02208802	
289.02167918	
289.02127051	
289.02086200	
289.02045366	
289.02004548	
289.01963746	
289.01922960	
289.01882191	
289.01841438	
289.01800702	
289.01759981	
289.01719277	
289.01678590	
289.01637918	
289.01597263	
289.01556624	
289.01516002	
289.01475395	
289.01434805	
289.01394231	
289.01353673	
289.01313132	
289.01272607	
289.01232098	
289.01191605	
289.01151128	
289.01110668	
289.01070223	
289.01029795	
289.00989383	
289.00948988	
289.00908608	
289.00868245	
289.00827897	
289.00787566	
289.00747251	
289.00706952	
289.00666669	
289.00626403	
289.00586152	
289.00545918	
289.00505699	
289.00465497	
289.00425311	
289.00385141	
289.00344987	
289.00304849	
289.00264727	
289.00224621	
289.00184531	
289.00144457	
289.00104400	
289.00064358	
289.00024332	
288.99984322	
288.99944329	
288.99904351	
288.99864389	
288.99824443	
288.99784514	
288.99744600	
288.99704702	
288.99664820	
288.99624954	
288.99585104	
288.99545270	
288.99505452	
288.99465650	
288.99425864	
288.99386093	
288.99346339	
288.99306600	
288.99266878	
288.99227171	
288.99187480	
288.99147805	
288.99108146	
288.99068503	
288.99028875	
288.98989264	
288.98949668	
288.98910088	
288.98870524	
288.98830976	
288.98791443	
288.98751927	
288.98712426	
288.98672941	
288.98633472	
288.98594019	
288.98554581	
288.98515159	
288.98475753	
288.98436363	
288.98396988	
288.98357629	
288.98318286	
288.98278959	
288.98239647	
288.98200352	
288.98161071	
288.98121807	
288.98082558	
288.98043325	
288.98004108	
288.97964906	
288.97925720	
288.97886550	
288.97847395	
288.97808256	
288.97769133	
288.97730025	
288.97690933	
288.97651857	
288.97612796	
288.97573751	
288.97534722	
288.97495708	
288.97456710	
288.97417727	
288.97378760	
288.97339808	
288.97300872	
288.97261952	
288.97223047	
288.97184158	
288.97145284	
288.97106426	
288.97067584	
288.97028757	
288.96989945	
288.96951149	
288.96912369	
288.96873604	
288.96834854	
288.96796120	
288.96757402	
288.96718699	
288.96680011	
288.96641339	
288.96602683	
288.96564042	
288.96525416	
288.96486806	
288.96448211	
288.96409632	
288.96371068	
288.96332520	
288.96293987	
288.96255469	
288.96216967	
288.96178480	
288.96140009	
288.96101553	
288.96063112	
288.96024687	
288.95986277	
288.95947883	
288.95909503	
288.95871140	
288.95832791	
288.95794458	
288.95756140	
288.95717838	
288.95679551	
288.95641279	
288.95603022	
288.95564781	
288.95526555	
288.95488345	
288.95450149	
288.95411969	
288.95373804	
288.95335655	
288.95297521	
288.95259402	
288.95221298	
288.95183209	
288.95145136	
288.95107078	
288.95069035	
288.95031008	
288.94992995	
288.94954998	
288.94917016	
288.94879049	
288.94841098	
288.94803161	
288.94765240	
288.94727334	
288.94689443	
288.94651567	
288.94613706	
288.94575861	
288.94538031	
288.94500215	
288.94462415	
288.94424630	
288.94386860	
288.94349106	
288.94311366	
288.94273642	
288.94235932	
288.94198238	
288.94160558	
288.94122894	
288.94085245	
288.94047611	
288.94009992	
288.93972388	
288.93934799	
288.93897225	
288.93859666	
288.93822122	
288.93784593	
288.93747080	
288.93709581	
288.93672097	
288.93634628	
288.93597174	
288.93559735	
288.93522311	
288.93484903	
288.93447509	
288.93410130	
288.93372765	
288.93335416	
288.93298082	
288.93260763	
288.93223459	
288.93186169	
288.93148895	
288.93111635	
288.93074391	
288.93037161	
288.92999946	
288.92962746	
288.92925561	
288.92888391	
288.92851235	
288.92814095	
288.92776969	
288.92739858	
288.92702762	
288.92665681	
288.92628615	
288.92591564	
288.92554527	
288.92517505	
288.92480498	
288.92443506	
288.92406529	
288.92369566	
288.92332618	
288.92295685	
288.92258767	
288.92221863	
288.92184975	
288.92148101	
288.92111241	
288.92074397	
288.92037567	
288.92000752	
288.91963952	
288.91927166	
288.91890395	
288.91853639	
288.91816898	
288.91780171	
288.91743459	
288.91706762	
288.91670079	
288.91633411	
288.91596757	
288.91560119	
288.91523495	
288.91486885	
288.91450291	
288.91413710	
288.91377145	
288.91340594	
288.91304058	
288.91267536	
288.91231029	
288.91194537	
288.91158059	
288.91121596	
288.91085147	
288.91048713	
288.91012294	
288.90975889	
288.90939498	
288.90903122	
288.90866761	
288.90830415	
288.90794082	
288.90757765	
288.90721462	
288.90685173	
288.90648899	
288.90612639	
288.90576394	
288.90540164	
288.90503948	
288.90467746	
288.90431559	
288.90395386	
288.90359228	
288.90323085	
288.90286955	
288.90250841	
288.90214740	
288.90178654	
288.90142583	
288.90106526	
288.90070483	
288.90034455	
288.89998441	
288.89962442	
288.89926457	
288.89890486	
288.89854530	
288.89818588	
288.89782661	
288.89746748	
288.89710849	
288.89674965	
288.89639095	
288.89603239	
288.89567398	
288.89531571	
288.89495758	
288.89459960	
288.89424176	
288.89388406	
288.89352651	
288.89316910	
288.89281183	
288.89245471	
288.89209772	
288.89174089	
288.89138419	
288.89102764	
288.89067122	
288.89031496	
288.88995883	
288.88960285	
288.88924701	
288.88889131	
288.88853575	
288.88818034	
288.88782506	
288.88746993	
288.88711495	
288.88676010	
288.88640540	
288.88605083	
288.88569641	
288.88534213	
288.88498800	
288.88463400	
288.88428015	
288.88392644	
288.88357287	
288.88321944	
288.88286615	
288.88251300	
288.88216000	
288.88180713	
288.88145441	
288.88110183	
288.88074939	
288.88039709	
288.88004493	
288.87969291	
288.87934103	
288.87898930	
288.87863770	
288.87828625	
288.87793493	
288.87758376	
288.87723273	
288.87688183	
288.87653108	
288.87618047	
288.87582999	
288.87547966	
288.87512947	
288.87477942	
288.87442951	
288.87407974	
288.87373010	
288.87338061	
288.87303126	
288.87268205	
288.87233297	
288.87198404	
288.87163525	
288.87128659	
288.87093808	
288.87058970	
288.87024147	
288.86989337	
288.86954541	
288.86919760	
288.86884992	
288.86850238	
288.86815498	
288.86780771	
288.86746059	
288.86711361	
288.86676676	
288.86642005	
288.86607349	
288.86572706	
288.86538077	
288.86503461	
288.86468860	
288.86434272	
288.86399699	
288.86365139	
288.86330593	
288.86296061	
288.86261542	
288.86227037	
288.86192547	
288.86158070	
288.86123606	
288.86089157	
288.86054721	
288.86020299	
288.85985891	
288.85951497	
288.85917116	
288.85882750	
288.85848396	
288.85814057	
288.85779731	
288.85745420	
288.85711121	
288.85676837	
288.85642566	
288.85608309	
288.85574066	
288.85539836	
288.85505620	
288.85471418	
288.85437229	
288.85403055	
288.85368893	
288.85334746	
288.85300612	
288.85266492	
288.85232385	
288.85198292	
288.85164213	
288.85130147	
288.85096095	
288.85062057	
288.85028032	
288.84994021	
288.84960023	
288.84926039	
288.84892069	
288.84858112	
288.84824168	
288.84790239	
288.84756323	
288.84722420	
288.84688531	
288.84654656	
288.84620794	
288.84586946	
288.84553111	
288.84519290	
288.84485482	
288.84451688	
288.84417907	
288.84384140	
288.84350386	
288.84316646	
288.84282919	
288.84249206	
288.84215507	
288.84181820	
288.84148148	
288.84114488	
288.84080843	
288.84047210	
288.84013591	
288.83979986	
288.83946394	
288.83912815	
288.83879250	
288.83845698	
288.83812160	
288.83778635	
288.83745124	
288.83711626	
288.83678141	
288.83644670	
288.83611212	
288.83577768	
288.83544336	
288.83510919	
288.83477514	
288.83444123	
288.83410746	
288.83377381	
288.83344030	
288.83310693	
288.83277369	
288.83244058	
288.83210760	
288.83177476	
288.83144205	
288.83110947	
288.83077703	
288.83044472	
288.83011254	
288.82978049	
288.82944858	
288.82911680	
288.82878515	
288.82845364	
288.82812226	
288.82779101	
288.82745989	
288.82712891	
288.82679806	
288.82646734	
288.82613675	
288.82580630	
288.82547597	
288.82514578	
288.82481573	
288.82448580	
288.82415601	
288.82382634	
288.82349681	
288.82316741	
288.82283815	
288.82250901	
288.82218001	
288.82185114	
288.82152240	
288.82119379	
288.82086531	
288.82053696	
288.82020875	
288.81988066	
288.81955271	
288.81922489	
288.81889720	
288.81856964	
288.81824221	
288.81791492	
288.81758775	
288.81726072	
288.81693381	
288.81660704	
288.81628040	
288.81595388	
288.81562750	
288.81530125	
288.81497513	
288.81464914	
288.81432328	
288.81399755	
288.81367195	
288.81334648	
288.81302115	
288.81269594	
288.81237086	
288.81204591	
288.81172109	
288.81139640	
288.81107184	
288.81074742	
288.81042312	
288.81009895	
288.80977491	
288.80945100	
288.80912722	
288.80880357	
288.80848005	
288.80815665	
288.80783339	
288.80751026	
288.80718725	
288.80686438	
288.80654163	
288.80621902	
288.80589653	
288.80557417	
288.80525194	
288.80492984	
288.80460787	
288.80428602	
288.80396431	
288.80364272	
288.80332127	
288.80299994	
288.80267874	
288.80235767	
288.80203672	
288.80171591	
288.80139522	
288.80107467	
288.80075424	
288.80043393	
288.80011376	
288.79979371	
288.79947380	
288.79915401	
288.79883435	
288.79851481	
288.79819541	
288.79787613	
288.79755698	
288.79723795	
288.79691906	
288.79660029	
288.79628165	
288.79596314	
288.79564475	
288.79532650	
288.79500837	
288.79469036	
288.79437249	
288.79405474	
288.79373712	
288.79341962	
288.79310225	
288.79278501	
288.79246790	
288.79215091	
288.79183405	
288.79151732	
288.79120071	
288.79088423	
288.79056788	
288.79025165	
288.78993555	
288.78961957	
288.78930373	
288.78898800	
288.78867241	
288.78835694	
288.78804160	
288.78772638	
288.78741129	
288.78709633	
288.78678149	
288.78646677	
288.78615219	
288.78583773	
288.78552339	
288.78520918	
288.78489510	
288.78458114	
288.78426731	
288.78395360	
288.78364002	
288.78332656	
288.78301323	
288.78270003	
288.78238695	
288.78207399	
288.78176116	
288.78144846	
288.78113588	
288.78082343	
288.78051110	
288.78019889	
288.77988681	
288.77957486	
288.77926303	
288.77895132	
288.77863974	
288.77832829	
288.77801695	
288.77770575	
288.77739467	
288.77708371	
288.77677287	
288.77646216	
288.77615158	
288.77584112	
288.77553078	
288.77522057	
288.77491048	
288.77460052	
288.77429068	
288.77398096	
288.77367137	
288.77336190	
288.77305256	
288.77274333	
288.77243424	
288.77212526	
288.77181641	
288.77150769	
288.77119908	
288.77089060	
288.77058225	
288.77027402	
288.76996591	
288.76965792	
288.76935006	
288.76904232	
288.76873470	
288.76842721	
288.76811983	
288.76781259	
288.76750546	
288.76719846	
288.76689158	
288.76658482	
288.76627819	
288.76597168	
288.76566529	
288.76535902	
288.76505288	
288.76474686	
288.76444096	
288.76413518	
288.76382953	
288.76352400	
288.76321859	
288.76291330	
288.76260814	
288.76230309	
288.76199817	
288.76169337	
288.76138869	
288.76108414	
288.76077970	
288.76047539	
288.76017120	
288.75986713	
288.75956319	
288.75925936	
288.75895566	
288.75865208	
288.75834862	
288.75804528	
288.75774206	
288.75743896	
288.75713599	
288.75683313	
288.75653040	
288.75622779	
288.75592529	
288.75562292	
288.75532068	
288.75501855	
288.75471654	
288.75441465	
288.75411289	
288.75381124	
288.75350972	
288.75320831	
288.75290703	
288.75260587	
288.75230482	
288.75200390	
288.75170310	
288.75140242	
288.75110186	
288.75080142	
288.75050110	
288.75020090	
288.74990082	
288.74960086	
288.74930102	
288.74900130	
288.74870170	
288.74840221	
288.74810285	
288.74780361	
288.74750449	
288.74720549	
288.74690661	
288.74660784	
288.74630920	
288.74601068	
288.74571227	
288.74541399	
288.74511582	
288.74481778	
288.74451985	
288.74422204	
288.74392435	
288.74362678	
288.74332933	
288.74303200	
288.74273479	
288.74243769	
288.74214072	
288.74184386	
288.74154713	
288.74125051	
288.74095401	
288.74065762	
288.74036136	
288.74006522	
288.73976919	
288.73947328	
288.73917749	
288.73888182	
288.73858627	
288.73829084	
288.73799552	
288.73770032	
288.73740524	
288.73711028	
288.73681543	
288.73652071	
288.73622610	
288.73593161	
288.73563724	
288.73534298	
288.73504885	
288.73475483	
288.73446092	
288.73416714	
288.73387347	
288.73357992	
288.73328649	
288.73299318	
288.73269998	
288.73240690	
288.73211394	
288.73182109	
288.73152836	
288.73123575	
288.73094326	
288.73065088	
288.73035862	
288.73006648	
288.72977445	
288.72948254	
288.72919075	
288.72889907	
288.72860751	
288.72831607	
288.72802474	
288.72773353	
288.72744244	
288.72715146	
288.72686060	
288.72656986	
288.72627923	
288.72598872	
288.72569832	
288.72540804	
288.72511788	
288.72482783	
288.72453790	
288.72424808	
288.72395839	
288.72366880	
288.72337933	
288.72308998	
288.72280075	
288.72251163	
288.72222262	
288.72193373	
288.72164496	
288.72135630	
288.72106776	
288.72077933	
288.72049102	
288.72020282	
288.71991474	
288.71962678	
288.71933893	
288.71905119	
288.71876357	
288.71847606	
288.71818867	
288.71790140	
288.71761424	
288.71732719	
288.71704026	
288.71675345	
288.71646674	
288.71618016	
288.71589369	
288.71560733	
288.71532108	
288.71503496	
288.71474894	
288.71446304	
288.71417726	
288.71389159	
288.71360603	
288.71332059	
288.71303526	
288.71275005	
288.71246495	
288.71217996	
288.71189509	
288.71161033	
288.71132569	
288.71104115	
288.71075674	
288.71047244	
288.71018825	
288.70990417	
288.70962021	
288.70933636	
288.70905263	
288.70876901	
288.70848550	
288.70820210	
288.70791882	
288.70763566	
288.70735260	
