288.04121573	
288.04119924	
288.04118276	
288.04116629	
288.04114982	
288.04113336	
288.04111691	
288.04110046	
288.04108402	
288.04106759	
288.04105116	
288.04103474	
288.04101832	
288.04100192	
288.04098552	
288.04096912	
288.04095273	
288.04093635	
288.04091998	
288.04090361	
288.04088725	
288.04087089	
288.04085455	
288.04083820	
288.04082187	
288.04080554	
288.04078922	
288.04077290	
288.04075659	
288.04074029	
288.04072399	
288.04070770	
288.04069142	
288.04067515	
288.04065888	
288.04064261	
288.04062635	
288.04061010	
288.04059386	
288.04057762	
288.04056139	
288.04054517	
288.04052895	
288.04051274	
288.04049653	
288.04048033	
288.04046414	
288.04044796	
288.04043178	
288.04041560	
288.04039944	
288.04038328	
288.04036712	
288.04035098	
288.04033484	
288.04031870	
288.04030258	
288.04028645	
288.04027034	
288.04025423	
288.04023813	
288.04022204	
288.04020595	
288.04018986	
288.04017379	
288.04015772	
288.04014166	
288.04012560	
288.04010955	
288.04009350	
288.04007747	
288.04006144	
288.04004541	
288.04002939	
288.04001338	
288.03999738	
288.03998138	
288.03996539	
288.03994940	
288.03993342	
288.03991745	
288.03990148	
288.03988552	
288.03986956	
288.03985362	
288.03983767	
288.03982174	
288.03980581	
288.03978989	
288.03977397	
288.03975806	
288.03974216	
288.03972626	
288.03971037	
288.03969449	
288.03967861	
288.03966274	
288.03964687	
288.03963102	
288.03961516	
288.03959932	
288.03958348	
288.03956764	
288.03955182	
288.03953600	
288.03952018	
288.03950437	
288.03948857	
288.03947278	
288.03945699	
288.03944120	
288.03942543	
288.03940966	
288.03939389	
288.03937814	
288.03936238	
288.03934664	
288.03933090	
288.03931517	
288.03929944	
288.03928372	
288.03926801	
288.03925230	
288.03923660	
288.03922091	
288.03920522	
288.03918954	
288.03917386	
288.03915819	
288.03914253	
288.03912687	
288.03911122	
288.03909558	
288.03907994	
288.03906431	
288.03904868	
288.03903306	
288.03901745	
288.03900184	
288.03898624	
288.03897064	
288.03895506	
288.03893947	
288.03892390	
288.03890833	
288.03889277	
288.03887721	
288.03886166	
288.03884611	
288.03883057	
288.03881504	
288.03879952	
288.03878400	
288.03876848	
288.03875298	
288.03873747	
288.03872198	
288.03870649	
288.03869101	
288.03867553	
288.03866006	
288.03864460	
288.03862914	
288.03861369	
288.03859824	
288.03858280	
288.03856737	
288.03855194	
288.03853652	
288.03852111	
288.03850570	
288.03849030	
288.03847490	
288.03845951	
288.03844413	
288.03842875	
288.03841338	
288.03839801	
288.03838265	
288.03836730	
288.03835195	
288.03833661	
288.03832128	
288.03830595	
288.03829063	
288.03827531	
288.03826000	
288.03824470	
288.03822940	
288.03821411	
288.03819882	
288.03818354	
288.03816827	
288.03815300	
288.03813774	
288.03812248	
288.03810724	
288.03809199	
288.03807676	
288.03806153	
288.03804630	
288.03803108	
288.03801587	
288.03800066	
288.03798546	
288.03797027	
288.03795508	
288.03793990	
288.03792472	
288.03790955	
288.03789439	
288.03787923	
288.03786408	
288.03784893	
288.03783379	
288.03781866	
288.03780353	
288.03778841	
288.03777330	
288.03775819	
288.03774308	
288.03772799	
288.03771290	
288.03769781	
288.03768273	
288.03766766	
288.03765259	
288.03763753	
288.03762248	
288.03760743	
288.03759238	
288.03757735	
288.03756232	
288.03754729	
288.03753227	
288.03751726	
288.03750225	
288.03748725	
288.03747226	
288.03745727	
288.03744228	
288.03742731	
288.03741234	
288.03739737	
288.03738241	
288.03736746	
288.03735251	
288.03733757	
288.03732264	
288.03730771	
288.03729278	
288.03727787	
288.03726296	
288.03724805	
288.03723315	
288.03721826	
288.03720337	
288.03718849	
288.03717361	
288.03715875	
288.03714388	
288.03712902	
288.03711417	
288.03709933	
288.03708449	
288.03706965	
288.03705483	
288.03704000	
288.03702519	
288.03701038	
288.03699557	
288.03698077	
288.03696598	
288.03695120	
288.03693642	
288.03692164	
288.03690687	
288.03689211	
288.03687735	
288.03686260	
288.03684786	
288.03683312	
288.03681838	
288.03680366	
288.03678894	
288.03677422	
288.03675951	
288.03674481	
288.03673011	
288.03671542	
288.03670073	
288.03668605	
288.03667138	
288.03665671	
288.03664204	
288.03662739	
288.03661274	
288.03659809	
288.03658345	
288.03656882	
288.03655419	
288.03653957	
288.03652495	
288.03651034	
288.03649574	
288.03648114	
288.03646655	
288.03645196	
288.03643738	
288.03642281	
288.03640824	
288.03639367	
288.03637912	
288.03636457	
288.03635002	
288.03633548	
288.03632095	
288.03630642	
288.03629189	
288.03627738	
288.03626287	
288.03624836	
288.03623386	
288.03621937	
288.03620488	
288.03619040	
288.03617592	
288.03616145	
288.03614699	
288.03613253	
288.03611808	
288.03610363	
288.03608919	
288.03607475	
288.03606032	
288.03604590	
288.03603148	
288.03601707	
288.03600266	
288.03598826	
288.03597386	
288.03595947	
288.03594509	
288.03593071	
288.03591634	
288.03590197	
288.03588761	
288.03587326	
288.03585891	
288.03584456	
288.03583023	
288.03581589	
288.03580157	
288.03578725	
288.03577293	
288.03575862	
288.03574432	
288.03573002	
288.03571573	
288.03570144	
288.03568716	
288.03567289	
288.03565862	
288.03564436	
288.03563010	
288.03561585	
288.03560160	
288.03558736	
288.03557312	
288.03555890	
288.03554467	
288.03553045	
288.03551624	
288.03550204	
288.03548783	
288.03547364	
288.03545945	
288.03544527	
288.03543109	
288.03541692	
288.03540275	
288.03538859	
288.03537443	
288.03536028	
288.03534614	
288.03533200	
288.03531787	
288.03530374	
288.03528962	
288.03527550	
288.03526139	
288.03524729	
288.03523319	
288.03521910	
288.03520501	
288.03519093	
288.03517685	
288.03516278	
288.03514871	
288.03513465	
288.03512060	
288.03510655	
288.03509251	
288.03507847	
288.03506444	
288.03505042	
288.03503639	
288.03502238	
288.03500837	
288.03499437	
288.03498037	
288.03496638	
288.03495239	
288.03493841	
288.03492444	
288.03491047	
288.03489650	
288.03488254	
288.03486859	
288.03485464	
288.03484070	
288.03482676	
288.03481283	
288.03479891	
288.03478499	
288.03477107	
288.03475717	
288.03474326	
288.03472937	
288.03471547	
288.03470159	
288.03468771	
288.03467383	
288.03465996	
288.03464610	
288.03463224	
288.03461839	
288.03460454	
288.03459070	
288.03457686	
288.03456303	
288.03454921	
288.03453539	
288.03452157	
288.03450776	
288.03449396	
288.03448016	
288.03446637	
288.03445258	
288.03443880	
288.03442503	
288.03441126	
288.03439749	
288.03438373	
288.03436998	
288.03435623	
288.03434249	
288.03432875	
288.03431502	
288.03430130	
288.03428758	
288.03427386	
288.03426015	
288.03424645	
288.03423275	
288.03421906	
288.03420537	
288.03419169	
288.03417801	
288.03416434	
288.03415067	
288.03413701	
288.03412336	
288.03410971	
288.03409606	
288.03408243	
288.03406879	
288.03405516	
288.03404154	
288.03402793	
288.03401431	
288.03400071	
288.03398711	
288.03397351	
288.03395992	
288.03394634	
288.03393276	
288.03391919	
288.03390562	
288.03389206	
288.03387850	
288.03386495	
288.03385140	
288.03383786	
288.03382433	
288.03381080	
288.03379727	
288.03378376	
288.03377024	
288.03375673	
288.03374323	
288.03372973	
288.03371624	
288.03370276	
288.03368927	
288.03367580	
288.03366233	
288.03364886	
288.03363540	
288.03362195	
288.03360850	
288.03359506	
288.03358162	
288.03356819	
288.03355476	
288.03354134	
288.03352792	
288.03351451	
288.03350110	
288.03348770	
288.03347431	
288.03346092	
288.03344754	
288.03343416	
288.03342078	
288.03340741	
288.03339405	
288.03338069	
288.03336734	
288.03335399	
288.03334065	
288.03332732	
288.03331399	
288.03330066	
288.03328734	
288.03327402	
288.03326072	
288.03324741	
288.03323411	
288.03322082	
288.03320753	
288.03319425	
288.03318097	
288.03316770	
288.03315443	
288.03314117	
288.03312791	
288.03311466	
288.03310141	
288.03308817	
288.03307494	
288.03306171	
288.03304848	
288.03303526	
288.03302205	
288.03300884	
288.03299564	
288.03298244	
288.03296925	
288.03295606	
288.03294288	
288.03292970	
288.03291653	
288.03290336	
288.03289020	
288.03287704	
288.03286389	
288.03285075	
288.03283761	
288.03282447	
288.03281134	
288.03279822	
288.03278510	
288.03277198	
288.03275888	
288.03274577	
288.03273267	
288.03271958	
288.03270649	
288.03269341	
288.03268033	
288.03266726	
288.03265419	
288.03264113	
288.03262808	
288.03261502	
288.03260198	
288.03258894	
288.03257590	
288.03256287	
288.03254985	
288.03253683	
288.03252381	
288.03251080	
288.03249780	
288.03248480	
288.03247180	
288.03245882	
288.03244583	
288.03243285	
288.03241988	
288.03240691	
288.03239395	
288.03238099	
288.03236804	
288.03235509	
288.03234215	
288.03232921	
288.03231628	
288.03230336	
288.03229043	
288.03227752	
288.03226461	
288.03225170	
288.03223880	
288.03222591	
288.03221302	
288.03220013	
288.03218725	
288.03217438	
288.03216151	
288.03214864	
288.03213578	
288.03212293	
288.03211008	
288.03209723	
288.03208439	
288.03207156	
288.03205873	
288.03204591	
288.03203309	
288.03202028	
288.03200747	
288.03199467	
288.03198187	
288.03196908	
288.03195629	
288.03194351	
288.03193073	
288.03191796	
288.03190519	
288.03189243	
288.03187967	
288.03186692	
288.03185417	
288.03184143	
288.03182869	
288.03181596	
288.03180323	
288.03179051	
288.03177780	
288.03176509	
288.03175238	
288.03173968	
288.03172698	
288.03171429	
288.03170161	
288.03168893	
288.03167625	
288.03166358	
288.03165091	
288.03163825	
288.03162560	
288.03161295	
288.03160030	
288.03158766	
288.03157503	
288.03156240	
288.03154977	
288.03153715	
288.03152454	
288.03151193	
288.03149932	
288.03148672	
288.03147413	
288.03146154	
288.03144896	
288.03143638	
288.03142380	
288.03141123	
288.03139867	
288.03138611	
288.03137355	
288.03136100	
288.03134846	
288.03133592	
288.03132339	
288.03131086	
288.03129833	
288.03128581	
288.03127330	
288.03126079	
288.03124828	
288.03123579	
288.03122329	
288.03121080	
288.03119832	
288.03118584	
288.03117336	
288.03116089	
288.03114843	
288.03113597	
288.03112352	
288.03111107	
288.03109862	
288.03108618	
288.03107375	
288.03106132	
288.03104889	
288.03103648	
288.03102406	
288.03101165	
288.03099925	
288.03098685	
288.03097445	
288.03096206	
288.03094968	
288.03093730	
288.03092492	
288.03091255	
288.03090019	
288.03088783	
288.03087547	
288.03086312	
288.03085078	
288.03083844	
288.03082610	
288.03081377	
288.03080145	
288.03078912	
288.03077681	
288.03076450	
288.03075219	
288.03073989	
288.03072760	
288.03071530	
288.03070302	
288.03069074	
288.03067846	
288.03066619	
288.03065392	
288.03064166	
288.03062940	
288.03061715	
288.03060491	
288.03059266	
288.03058043	
288.03056820	
288.03055597	
288.03054375	
288.03053153	
288.03051932	
288.03050711	
288.03049490	
288.03048271	
288.03047051	
288.03045833	
288.03044614	
288.03043396	
288.03042179	
288.03040962	
288.03039746	
288.03038530	
288.03037314	
288.03036100	
288.03034885	
288.03033671	
288.03032458	
288.03031245	
288.03030032	
288.03028820	
288.03027609	
288.03026398	
288.03025187	
288.03023977	
288.03022767	
288.03021558	
288.03020350	
288.03019141	
288.03017934	
288.03016727	
288.03015520	
288.03014314	
288.03013108	
288.03011903	
288.03010698	
288.03009494	
288.03008290	
288.03007087	
288.03005884	
288.03004681	
288.03003480	
288.03002278	
288.03001077	
288.02999877	
288.02998677	
288.02997477	
288.02996278	
288.02995080	
288.02993882	
288.02992684	
288.02991487	
288.02990291	
288.02989095	
288.02987899	
288.02986704	
288.02985509	
288.02984315	
288.02983121	
288.02981928	
288.02980735	
288.02979543	
288.02978351	
288.02977160	
288.02975969	
288.02974778	
288.02973589	
288.02972399	
288.02971210	
288.02970022	
288.02968834	
288.02967646	
288.02966459	
288.02965272	
288.02964086	
288.02962901	
288.02961716	
288.02960531	
288.02959347	
288.02958163	
288.02956980	
288.02955797	
288.02954615	
288.02953433	
288.02952251	
288.02951070	
288.02949890	
288.02948710	
288.02947531	
288.02946352	
288.02945173	
288.02943995	
288.02942817	
288.02941640	
288.02940464	
288.02939287	
288.02938112	
288.02936936	
288.02935762	
288.02934587	
288.02933413	
288.02932240	
288.02931067	
288.02929895	
288.02928723	
288.02927551	
288.02926380	
288.02925210	
288.02924040	
288.02922870	
288.02921701	
288.02920532	
288.02919364	
288.02918196	
288.02917029	
288.02915862	
288.02914696	
288.02913530	
288.02912365	
288.02911200	
288.02910035	
288.02908871	
288.02907708	
288.02906544	
288.02905382	
288.02904220	
288.02903058	
288.02901897	
288.02900736	
288.02899576	
288.02898416	
288.02897257	
288.02896098	
288.02894939	
288.02893781	
288.02892624	
288.02891467	
288.02890310	
288.02889154	
288.02887998	
288.02886843	
288.02885688	
288.02884534	
288.02883380	
288.02882227	
288.02881074	
288.02879922	
288.02878770	
288.02877618	
288.02876467	
288.02875316	
288.02874166	
288.02873017	
288.02871867	
288.02870719	
288.02869570	
288.02868423	
288.02867275	
288.02866128	
288.02864982	
288.02863836	
288.02862690	
288.02861545	
288.02860401	
288.02859257	
288.02858113	
288.02856970	
288.02855827	
288.02854684	
288.02853543	
288.02852401	
288.02851260	
288.02850120	
288.02848980	
288.02847840	
288.02846701	
288.02845562	
288.02844424	
288.02843286	
288.02842149	
288.02841012	
288.02839876	
288.02838740	
288.02837604	
288.02836469	
288.02835335	
288.02834200	
288.02833067	
288.02831934	
288.02830801	
288.02829668	
288.02828537	
288.02827405	
288.02826274	
288.02825144	
288.02824014	
288.02822884	
288.02821755	
288.02820626	
288.02819498	
288.02818370	
288.02817243	
288.02816116	
288.02814989	
288.02813863	
288.02812738	
288.02811613	
288.02810488	
288.02809364	
288.02808240	
288.02807117	
288.02805994	
288.02804872	
288.02803750	
288.02802628	
288.02801507	
288.02800387	
288.02799266	
288.02798147	
288.02797027	
288.02795909	
288.02794790	
288.02793672	
288.02792555	
288.02791438	
288.02790321	
288.02789205	
288.02788089	
288.02786974	
288.02785859	
288.02784745	
288.02783631	
288.02782518	
288.02781405	
288.02780292	
288.02779180	
288.02778068	
288.02776957	
288.02775846	
288.02774736	
288.02773626	
288.02772517	
288.02771408	
288.02770299	
288.02769191	
288.02768083	
288.02766976	
288.02765869	
288.02764763	
288.02763657	
288.02762552	
288.02761447	
288.02760342	
288.02759238	
288.02758134	
288.02757031	
288.02755928	
288.02754826	
288.02753724	
288.02752622	
288.02751521	
288.02750421	
288.02749321	
288.02748221	
288.02747121	
288.02746023	
288.02744924	
288.02743826	
288.02742729	
288.02741632	
288.02740535	
288.02739439	
288.02738343	
288.02737248	
288.02736153	
288.02735058	
288.02733964	
288.02732871	
288.02731778	
288.02730685	
288.02729593	
288.02728501	
288.02727409	
288.02726318	
288.02725228	
288.02724138	
288.02723048	
288.02721959	
288.02720870	
288.02719782	
288.02718694	
288.02717606	
288.02716519	
288.02715433	
288.02714347	
288.02713261	
288.02712175	
288.02711091	
288.02710006	
288.02708922	
288.02707839	
288.02706755	
288.02705673	
288.02704590	
288.02703509	
288.02702427	
288.02701346	
288.02700266	
288.02699186	
288.02698106	
288.02697027	
288.02695948	
288.02694870	
288.02693792	
288.02692714	
288.02691637	
288.02690560	
288.02689484	
288.02688408	
288.02687333	
288.02686258	
288.02685184	
288.02684109	
288.02683036	
288.02681963	
288.02680890	
288.02679817	
288.02678746	
288.02677674	
288.02676603	
288.02675532	
288.02674462	
288.02673392	
288.02672323	
288.02671254	
288.02670186	
288.02669117	
288.02668050	
288.02666983	
288.02665916	
288.02664849	
288.02663783	
288.02662718	
288.02661653	
288.02660588	
288.02659524	
288.02658460	
288.02657397	
288.02656334	
288.02655271	
288.02654209	
288.02653147	
288.02652086	
288.02651025	
288.02649965	
288.02648905	
288.02647845	
288.02646786	
288.02645728	
288.02644669	
288.02643611	
288.02642554	
288.02641497	
288.02640440	
288.02639384	
288.02638328	
288.02637273	
288.02636218	
288.02635164	
288.02634110	
288.02633056	
288.02632003	
288.02630950	
288.02629898	
288.02628846	
288.02627794	
288.02626743	
288.02625692	
288.02624642	
288.02623592	
288.02622543	
288.02621494	
288.02620445	
288.02619397	
288.02618349	
288.02617302	
288.02616255	
288.02615208	
288.02614162	
288.02613117	
288.02612071	
288.02611027	
288.02609982	
288.02608938	
288.02607895	
288.02606851	
288.02605809	
288.02604766	
288.02603724	
288.02602683	
288.02601642	
288.02600601	
288.02599561	
288.02598521	
288.02597482	
288.02596443	
288.02595404	
288.02594366	
288.02593328	
288.02592291	
288.02591254	
288.02590218	
288.02589181	
288.02588146	
288.02587111	
288.02586076	
288.02585041	
288.02584007	
288.02582974	
288.02581940	
288.02580908	
288.02579875	
288.02578843	
288.02577812	
288.02576781	
288.02575750	
288.02574720	
288.02573690	
288.02572660	
288.02571631	
288.02570603	
288.02569574	
288.02568547	
288.02567519	
288.02566492	
288.02565466	
288.02564439	
288.02563414	
288.02562388	
288.02561363	
288.02560339	
288.02559315	
288.02558291	
288.02557268	
288.02556245	
288.02555222	
288.02554200	
288.02553178	
288.02552157	
288.02551136	
288.02550116	
288.02549096	
288.02548076	
288.02547057	
288.02546038	
288.02545020	
288.02544002	
288.02542984	
288.02541967	
288.02540950	
288.02539934	
288.02538918	
288.02537902	
288.02536887	
288.02535872	
288.02534858	
288.02533844	
288.02532830	
288.02531817	
288.02530804	
288.02529792	
288.02528780	
288.02527769	
288.02526758	
288.02525747	
288.02524737	
288.02523727	
288.02522717	
288.02521708	
288.02520699	
288.02519691	
288.02518683	
288.02517676	
288.02516669	
288.02515662	
288.02514656	
288.02513650	
288.02512645	
288.02511639	
288.02510635	
288.02509631	
288.02508627	
288.02507623	
288.02506620	
288.02505618	
288.02504615	
288.02503613	
288.02502612	
288.02501611	
288.02500610	
288.02499610	
288.02498610	
288.02497611	
288.02496612	
288.02495613	
288.02494615	
288.02493617	
288.02492620	
288.02491623	
288.02490626	
288.02489630	
288.02488634	
288.02487638	
288.02486643	
288.02485649	
288.02484654	
288.02483660	
288.02482667	
288.02481674	
288.02480681	
288.02479689	
288.02478697	
288.02477706	
288.02476715	
288.02475724	
288.02474734	
288.02473744	
288.02472754	
288.02471765	
288.02470776	
288.02469788	
288.02468800	
288.02467813	
288.02466826	
288.02465839	
288.02464852	
288.02463867	
288.02462881	
288.02461896	
288.02460911	
288.02459927	
288.02458943	
288.02457959	
288.02456976	
288.02455993	
288.02455011	
288.02454029	
288.02453047	
288.02452066	
288.02451085	
288.02450105	
288.02449125	
288.02448145	
288.02447166	
288.02446187	
288.02445208	
288.02444230	
288.02443253	
288.02442275	
288.02441298	
288.02440322	
288.02439346	
288.02438370	
288.02437395	
288.02436420	
288.02435445	
288.02434471	
288.02433497	
288.02432524	
288.02431551	
288.02430578	
288.02429606	
288.02428634	
288.02427663	
288.02426692	
288.02425721	
288.02424751	
288.02423781	
288.02422811	
288.02421842	
288.02420873	
288.02419905	
288.02418937	
288.02417969	
288.02417002	
288.02416035	
288.02415069	
288.02414103	
288.02413137	
288.02412172	
288.02411207	
288.02410243	
288.02409279	
288.02408315	
288.02407352	
288.02406389	
288.02405426	
288.02404464	
288.02403502	
288.02402541	
288.02401580	
288.02400619	
288.02399659	
288.02398699	
288.02397740	
288.02396780	
288.02395822	
288.02394863	
288.02393905	
288.02392948	
288.02391991	
288.02391034	
288.02390077	
288.02389121	
288.02388166	
288.02387211	
288.02386256	
288.02385301	
288.02384347	
288.02383393	
288.02382440	
288.02381487	
288.02380534	
288.02379582	
288.02378630	
288.02377679	
288.02376728	
288.02375777	
288.02374827	
288.02373877	
288.02372927	
288.02371978	
288.02371029	
288.02370081	
288.02369133	
288.02368185	
288.02367238	
288.02366291	
288.02365345	
288.02364398	
288.02363453	
288.02362507	
288.02361562	
288.02360618	
288.02359673	
288.02358730	
288.02357786	
288.02356843	
288.02355900	
288.02354958	
288.02354016	
288.02353074	
288.02352133	
288.02351192	
288.02350252	
288.02349312	
288.02348372	
288.02347433	
288.02346494	
288.02345555	
288.02344617	
288.02343679	
288.02342741	
288.02341804	
288.02340868	
288.02339931	
288.02338995	
288.02338060	
288.02337124	
288.02336190	
288.02335255	
288.02334321	
288.02333387	
288.02332454	
288.02331521	
288.02330588	
288.02329656	
288.02328724	
288.02327793	
288.02326862	
288.02325931	
288.02325001	
288.02324071	
288.02323141	
288.02322212	
288.02321283	
288.02320354	
288.02319426	
288.02318498	
288.02317571	
288.02316644	
288.02315717	
288.02314791	
288.02313865	
288.02312939	
288.02312014	
288.02311090	
288.02310165	
288.02309241	
288.02308317	
288.02307394	
288.02306471	
288.02305548	
288.02304626	
288.02303704	
288.02302783	
288.02301862	
288.02300941	
288.02300021	
288.02299101	
288.02298181	
288.02297262	
288.02296343	
288.02295424	
288.02294506	
288.02293588	
288.02292671	
288.02291754	
288.02290837	
288.02289921	
288.02289005	
288.02288089	
288.02287174	
288.02286259	
288.02285345	
288.02284430	
288.02283517	
288.02282603	
288.02281690	
288.02280778	
288.02279865	
288.02278953	
288.02278042	
288.02277131	
288.02276220	
288.02275309	
288.02274399	
288.02273489	
288.02272580	
288.02271671	
288.02270762	
288.02269854	
288.02268946	
288.02268038	
288.02267131	
288.02266224	
288.02265318	
288.02264412	
288.02263506	
288.02262601	
288.02261695	
288.02260791	
288.02259886	
288.02258983	
288.02258079	
288.02257176	
288.02256273	
288.02255370	
288.02254468	
288.02253566	
288.02252665	
288.02251764	
288.02250863	
288.02249963	
288.02249063	
288.02248163	
288.02247264	
288.02246365	
288.02245467	
288.02244568	
288.02243671	
288.02242773	
288.02241876	
288.02240979	
288.02240083	
288.02239187	
288.02238291	
288.02237396	
288.02236501	
288.02235606	
288.02234712	
288.02233818	
288.02232925	
288.02232031	
288.02231139	
288.02230246	
288.02229354	
288.02228462	
288.02227571	
288.02226680	
288.02225789	
288.02224899	
288.02224009	
288.02223119	
288.02222230	
288.02221341	
288.02220453	
288.02219564	
288.02218677	
288.02217789	
288.02216902	
288.02216015	
288.02215129	
288.02214243	
288.02213357	
288.02212472	
288.02211587	
288.02210702	
288.02209818	
288.02208934	
288.02208050	
288.02207167	
288.02206284	
288.02205402	
288.02204520	
288.02203638	
288.02202756	
288.02201875	
288.02200994	
288.02200114	
288.02199234	
288.02198354	
288.02197475	
288.02196596	
288.02195717	
288.02194839	
288.02193961	
288.02193084	
288.02192206	
288.02191329	
288.02190453	
288.02189577	
288.02188701	
288.02187825	
288.02186950	
288.02186076	
288.02185201	
288.02184327	
288.02183453	
288.02182580	
288.02181707	
288.02180834	
288.02179962	
288.02179090	
288.02178218	
288.02177347	
288.02176476	
288.02175605	
288.02174735	
288.02173865	
288.02172996	
288.02172127	
288.02171258	
288.02170389	
288.02169521	
288.02168653	
288.02167786	
288.02166919	
288.02166052	
288.02165185	
288.02164319	
288.02163454	
288.02162588	
288.02161723	
288.02160859	
288.02159994	
288.02159130	
288.02158267	
288.02157403	
288.02156540	
288.02155678	
288.02154815	
288.02153953	
288.02153092	
288.02152231	
288.02151370	
288.02150509	
288.02149649	
288.02148789	
288.02147930	
288.02147070	
288.02146212	
288.02145353	
288.02144495	
288.02143637	
288.02142780	
288.02141923	
288.02141066	
288.02140209	
288.02139353	
288.02138498	
288.02137642	
288.02136787	
288.02135932	
288.02135078	
288.02134224	
288.02133370	
288.02132517	
288.02131664	
288.02130811	
288.02129959	
288.02129107	
288.02128255	
288.02127404	
288.02126553	
288.02125703	
288.02124852	
288.02124002	
288.02123153	
288.02122303	
288.02121455	
288.02120606	
288.02119758	
288.02118910	
288.02118062	
288.02117215	
288.02116368	
288.02115522	
288.02114675	
288.02113829	
288.02112984	
288.02112139	
288.02111294	
288.02110449	
288.02109605	
288.02108761	
288.02107918	
288.02107075	
288.02106232	
288.02105389	
288.02104547	
288.02103705	
288.02102864	
288.02102023	
288.02101182	
288.02100341	
288.02099501	
288.02098662	
288.02097822	
288.02096983	
288.02096144	
288.02095306	
288.02094468	
288.02093630	
288.02092792	
288.02091955	
288.02091118	
288.02090282	
288.02089446	
288.02088610	
288.02087775	
288.02086940	
288.02086105	
288.02085270	
288.02084436	
288.02083602	
288.02082769	
288.02081936	
288.02081103	
288.02080271	
288.02079439	
288.02078607	
288.02077775	
288.02076944	
288.02076113	
288.02075283	
288.02074453	
288.02073623	
288.02072794	
288.02071965	
288.02071136	
288.02070307	
288.02069479	
288.02068651	
288.02067824	
288.02066997	
288.02066170	
288.02065344	
288.02064517	
288.02063692	
288.02062866	
288.02062041	
288.02061216	
288.02060392	
288.02059568	
288.02058744	
288.02057920	
288.02057097	
288.02056274	
288.02055452	
288.02054629	
288.02053808	
288.02052986	
288.02052165	
288.02051344	
288.02050524	
288.02049703	
288.02048883	
288.02048064	
288.02047245	
288.02046426	
288.02045607	
288.02044789	
288.02043971	
288.02043153	
288.02042336	
288.02041519	
288.02040703	
288.02039886	
288.02039070	
288.02038255	
288.02037439	
288.02036624	
288.02035810	
288.02034996	
288.02034182	
288.02033368	
288.02032554	
288.02031741	
288.02030929	
288.02030116	
288.02029304	
288.02028493	
288.02027681	
288.02026870	
288.02026059	
288.02025249	
288.02024439	
288.02023629	
288.02022820	
288.02022011	
288.02021202	
288.02020393	
288.02019585	
288.02018777	
288.02017970	
288.02017163	
288.02016356	
288.02015549	
288.02014743	
288.02013937	
288.02013131	
288.02012326	
288.02011521	
288.02010717	
288.02009912	
288.02009108	
288.02008305	
288.02007501	
288.02006698	
288.02005896	
288.02005093	
288.02004291	
288.02003490	
288.02002688	
288.02001887	
288.02001086	
288.02000286	
288.01999486	
288.01998686	
288.01997887	
288.01997087	
288.01996289	
288.01995490	
288.01994692	
288.01993894	
288.01993096	
288.01992299	
288.01991502	
288.01990706	
288.01989909	
288.01989113	
288.01988318	
288.01987523	
288.01986728	
288.01985933	
288.01985138	
288.01984344	
288.01983551	
288.01982757	
288.01981964	
288.01981171	
288.01980379	
288.01979587	
288.01978795	
288.01978003	
288.01977212	
288.01976421	
288.01975631	
288.01974840	
288.01974051	
288.01973261	
288.01972472	
288.01971683	
288.01970894	
288.01970106	
288.01969318	
288.01968530	
288.01967742	
288.01966955	
288.01966169	
288.01965382	
288.01964596	
288.01963810	
288.01963025	
288.01962239	
288.01961454	
288.01960670	
288.01959886	
288.01959102	
288.01958318	
288.01957535	
288.01956752	
288.01955969	
288.01955187	
288.01954404	
288.01953623	
288.01952841	
288.01952060	
288.01951279	
288.01950499	
288.01949719	
288.01948939	
288.01948159	
288.01947380	
288.01946601	
288.01945822	
288.01945044	
288.01944266	
288.01943488	
288.01942711	
288.01941934	
288.01941157	
288.01940381	
288.01939604	
288.01938829	
288.01938053	
288.01937278	
288.01936503	
288.01935728	
288.01934954	
288.01934180	
288.01933406	
288.01932633	
288.01931860	
288.01931087	
288.01930315	
288.01929543	
288.01928771	
288.01927999	
288.01927228	
288.01926457	
288.01925687	
288.01924916	
288.01924146	
288.01923377	
288.01922607	
288.01921838	
288.01921070	
288.01920301	
288.01919533	
288.01918765	
288.01917998	
288.01917230	
288.01916464	
288.01915697	
288.01914931	
288.01914165	
288.01913399	
288.01912634	
288.01911869	
288.01911104	
288.01910339	
288.01909575	
288.01908812	
288.01908048	
288.01907285	
288.01906522	
288.01905759	
288.01904997	
288.01904235	
288.01903473	
288.01902712	
288.01901951	
288.01901190	
288.01900430	
288.01899669	
288.01898909	
288.01898150	
288.01897391	
288.01896632	
288.01895873	
288.01895115	
288.01894357	
288.01893599	
288.01892841	
288.01892084	
288.01891328	
288.01890571	
288.01889815	
288.01889059	
288.01888303	
288.01887548	
288.01886793	
288.01886038	
288.01885284	
288.01884530	
288.01883776	
288.01883022	
288.01882269	
288.01881516	
288.01880764	
288.01880011	
288.01879259	
288.01878508	
288.01877756	
288.01877005	
288.01876254	
288.01875504	
288.01874754	
288.01874004	
288.01873254	
288.01872505	
288.01871756	
288.01871007	
288.01870259	
288.01869511	
288.01868763	
288.01868015	
288.01867268	
288.01866521	
288.01865775	
288.01865028	
288.01864282	
288.01863536	
288.01862791	
288.01862046	
288.01861301	
288.01860557	
288.01859812	
288.01859068	
288.01858325	
288.01857581	
288.01856838	
288.01856096	
288.01855353	
288.01854611	
288.01853869	
288.01853128	
288.01852387	
288.01851646	
288.01850905	
288.01850165	
288.01849424	
288.01848685	
288.01847945	
288.01847206	
288.01846467	
288.01845729	
288.01844990	
288.01844252	
288.01843515	
288.01842777	
288.01842040	
288.01841303	
288.01840567	
288.01839831	
288.01839095	
288.01838359	
288.01837624	
288.01836889	
288.01836154	
288.01835419	
288.01834685	
288.01833951	
288.01833218	
288.01832484	
288.01831751	
288.01831019	
288.01830286	
288.01829554	
288.01828822	
288.01828091	
288.01827360	
288.01826629	
288.01825898	
288.01825168	
288.01824438	
288.01823708	
288.01822978	
288.01822249	
288.01821520	
288.01820792	
288.01820063	
288.01819335	
288.01818608	
288.01817880	
288.01817153	
288.01816426	
288.01815700	
288.01814973	
288.01814247	
288.01813522	
288.01812796	
288.01812071	
288.01811346	
288.01810622	
288.01809897	
288.01809173	
288.01808450	
288.01807726	
288.01807003	
288.01806281	
288.01805558	
288.01804836	
288.01804114	
288.01803392	
288.01802671	
288.01801950	
288.01801229	
288.01800509	
288.01799788	
288.01799068	
288.01798349	
288.01797629	
288.01796910	
288.01796192	
288.01795473	
288.01794755	
288.01794037	
288.01793319	
288.01792602	
288.01791885	
288.01791168	
288.01790452	
288.01789736	
288.01789020	
288.01788304	
288.01787589	
288.01786874	
288.01786159	
288.01785445	
288.01784730	
288.01784017	
288.01783303	
288.01782590	
288.01781877	
288.01781164	
288.01780451	
288.01779739	
288.01779027	
288.01778316	
288.01777604	
288.01776893	
288.01776183	
288.01775472	
288.01774762	
288.01774052	
288.01773342	
288.01772633	
288.01771924	
288.01771215	
288.01770507	
288.01769798	
288.01769091	
288.01768383	
288.01767676	
288.01766969	
288.01766262	
288.01765555	
288.01764849	
288.01764143	
288.01763437	
288.01762732	
288.01762027	
288.01761322	
288.01760618	
288.01759913	
288.01759209	
288.01758506	
288.01757802	
288.01757099	
288.01756396	
288.01755694	
288.01754991	
288.01754289	
288.01753588	
288.01752886	
288.01752185	
288.01751484	
288.01750784	
288.01750083	
288.01749383	
288.01748684	
288.01747984	
288.01747285	
288.01746586	
288.01745887	
288.01745189	
288.01744491	
288.01743793	
288.01743096	
288.01742398	
288.01741701	
288.01741005	
288.01740308	
288.01739612	
288.01738916	
288.01738221	
288.01737526	
288.01736831	
288.01736136	
288.01735441	
288.01734747	
288.01734053	
288.01733360	
288.01732666	
288.01731973	
288.01731280	
288.01730588	
288.01729896	
288.01729204	
288.01728512	
288.01727821	
288.01727130	
288.01726439	
288.01725748	
288.01725058	
288.01724368	
288.01723678	
288.01722989	
288.01722299	
288.01721610	
288.01720922	
288.01720233	
288.01719545	
288.01718858	
288.01718170	
288.01717483	
288.01716796	
288.01716109	
288.01715423	
288.01714736	
288.01714051	
288.01713365	
288.01712680	
288.01711994	
288.01711310	
288.01710625	
288.01709941	
288.01709257	
288.01708573	
288.01707890	
288.01707207	
288.01706524	
288.01705841	
288.01705159	
288.01704477	
288.01703795	
288.01703113	
288.01702432	
288.01701751	
288.01701071	
288.01700390	
288.01699710	
288.01699030	
288.01698350	
288.01697671	
288.01696992	
288.01696313	
288.01695635	
288.01694956	
288.01694278	
288.01693601	
288.01692923	
288.01692246	
288.01691569	
288.01690893	
288.01690216	
288.01689540	
288.01688864	
288.01688189	
288.01687514	
288.01686839	
288.01686164	
288.01685489	
288.01684815	
288.01684141	
288.01683468	
288.01682794	
288.01682121	
288.01681448	
288.01680776	
288.01680103	
288.01679431	
288.01678759	
288.01678088	
288.01677417	
288.01676746	
288.01676075	
288.01675405	
288.01674735	
288.01674065	
288.01673395	
288.01672726	
288.01672057	
288.01671388	
288.01670719	
288.01670051	
288.01669383	
288.01668715	
288.01668048	
288.01667380	
288.01666713	
288.01666047	
288.01665380	
288.01664714	
288.01664048	
288.01663383	
288.01662717	
288.01662052	
288.01661387	
288.01660723	
288.01660059	
288.01659395	
288.01658731	
288.01658067	
288.01657404	
288.01656741	
288.01656078	
288.01655416	
288.01654754	
288.01654092	
288.01653430	
288.01652769	
288.01652108	
288.01651447	
288.01650786	
288.01650126	
288.01649466	
288.01648806	
288.01648147	
288.01647487	
288.01646828	
288.01646170	
288.01645511	
288.01644853	
288.01644195	
288.01643537	
288.01642880	
288.01642223	
288.01641566	
288.01640909	
288.01640253	
288.01639597	
288.01638941	
288.01638285	
288.01637630	
288.01636975	
288.01636320	
288.01635666	
288.01635012	
288.01634358	
288.01633704	
288.01633050	
288.01632397	
288.01631744	
288.01631091	
288.01630439	
288.01629787	
288.01629135	
288.01628483	
288.01627832	
288.01627181	
288.01626530	
288.01625879	
288.01625229	
288.01624579	
288.01623929	
288.01623279	
288.01622630	
288.01621981	
288.01621332	
288.01620684	
288.01620035	
288.01619387	
288.01618740	
288.01618092	
288.01617445	
288.01616798	
288.01616151	
288.01615505	
288.01614859	
288.01614213	
288.01613567	
288.01612921	
288.01612276	
288.01611631	
288.01610987	
288.01610342	
288.01609698	
288.01609054	
288.01608411	
288.01607767	
288.01607124	
288.01606481	
288.01605839	
288.01605196	
288.01604554	
288.01603913	
288.01603271	
288.01602630	
288.01601989	
288.01601348	
288.01600707	
288.01600067	
288.01599427	
288.01598787	
288.01598148	
288.01597508	
288.01596869	
288.01596231	
288.01595592	
288.01594954	
288.01594316	
288.01593678	
288.01593041	
288.01592404	
288.01591767	
288.01591130	
288.01590493	
288.01589857	
288.01589221	
288.01588586	
288.01587950	
288.01587315	
288.01586680	
288.01586045	
288.01585411	
288.01584777	
288.01584143	
288.01583509	
288.01582876	
288.01582243	
288.01581610	
288.01580977	
288.01580345	
288.01579713	
288.01579081	
288.01578449	
288.01577818	
288.01577187	
288.01576556	
288.01575925	
288.01575295	
288.01574665	
288.01574035	
288.01573405	
288.01572776	
288.01572147	
288.01571518	
288.01570889	
288.01570261	
288.01569633	
288.01569005	
288.01568377	
288.01567750	
288.01567123	
288.01566496	
288.01565869	
288.01565243	
288.01564617	
288.01563991	
288.01563366	
288.01562740	
288.01562115	
288.01561490	
288.01560866	
288.01560241	
288.01559617	
288.01558993	
288.01558370	
288.01557746	
288.01557123	
288.01556500	
288.01555878	
288.01555256	
288.01554633	
288.01554012	
288.01553390	
288.01552769	
288.01552147	
288.01551527	
288.01550906	
288.01550286	
288.01549666	
288.01549046	
288.01548426	
288.01547807	
288.01547188	
288.01546569	
288.01545950	
288.01545332	
288.01544714	
288.01544096	
288.01543478	
288.01542861	
288.01542243	
288.01541627	
288.01541010	
288.01540394	
288.01539777	
288.01539161	
288.01538546	
288.01537930	
288.01537315	
288.01536700	
288.01536086	
288.01535471	
288.01534857	
288.01534243	
288.01533629	
288.01533016	
288.01532403	
288.01531790	
288.01531177	
288.01530565	
288.01529952	
288.01529340	
288.01528729	
288.01528117	
288.01527506	
288.01526895	
288.01526284	
288.01525674	
288.01525063	
288.01524453	
288.01523843	
288.01523234	
288.01522625	
288.01522016	
288.01521407	
288.01520798	
288.01520190	
288.01519582	
288.01518974	
288.01518366	
288.01517759	
288.01517152	
288.01516545	
288.01515939	
288.01515332	
288.01514726	
288.01514120	
288.01513514	
288.01512909	
288.01512304	
288.01511699	
288.01511094	
288.01510490	
288.01509886	
288.01509282	
288.01508678	
288.01508075	
288.01507471	
288.01506868	
288.01506266	
288.01505663	
288.01505061	
288.01504459	
288.01503857	
288.01503255	
288.01502654	
288.01502053	
288.01501452	
288.01500852	
288.01500251	
288.01499651	
288.01499051	
288.01498452	
288.01497852	
288.01497253	
288.01496654	
288.01496056	
288.01495457	
288.01494859	
288.01494261	
288.01493663	
288.01493066	
288.01492469	
288.01491872	
288.01491275	
288.01490678	
288.01490082	
288.01489486	
288.01488890	
288.01488295	
288.01487699	
288.01487104	
288.01486510	
288.01485915	
288.01485321	
288.01484726	
288.01484133	
288.01483539	
288.01482946	
288.01482352	
288.01481759	
288.01481167	
288.01480574	
288.01479982	
288.01479390	
288.01478798	
288.01478207	
288.01477615	
288.01477024	
288.01476434	
288.01475843	
288.01475253	
288.01474663	
288.01474073	
288.01473483	
288.01472894	
288.01472305	
288.01471716	
288.01471127	
288.01470538	
288.01469950	
288.01469362	
288.01468775	
288.01468187	
288.01467600	
288.01467013	
288.01466426	
288.01465839	
288.01465253	
288.01464667	
288.01464081	
288.01463495	
288.01462910	
288.01462325	
288.01461740	
288.01461155	
288.01460571	
288.01459987	
288.01459403	
288.01458819	
288.01458235	
288.01457652	
288.01457069	
288.01456486	
288.01455903	
288.01455321	
288.01454739	
288.01454157	
288.01453575	
288.01452994	
288.01452413	
288.01451832	
288.01451251	
288.01450671	
288.01450090	
288.01449510	
288.01448930	
288.01448351	
288.01447772	
288.01447192	
288.01446614	
288.01446035	
288.01445457	
288.01444878	
288.01444300	
288.01443723	
288.01443145	
288.01442568	
288.01441991	
288.01441414	
288.01440838	
288.01440261	
288.01439685	
288.01439109	
288.01438534	
288.01437958	
288.01437383	
288.01436808	
288.01436233	
288.01435659	
288.01435085	
288.01434511	
288.01433937	
288.01433363	
288.01432790	
288.01432217	
288.01431644	
288.01431071	
288.01430499	
288.01429926	
288.01429355	
288.01428783	
288.01428211	
288.01427640	
288.01427069	
288.01426498	
288.01425927	
288.01425357	
288.01424787	
288.01424217	
288.01423647	
288.01423078	
288.01422509	
288.01421940	
288.01421371	
288.01420802	
288.01420234	
288.01419666	
288.01419098	
288.01418530	
288.01417963	
288.01417396	
288.01416829	
288.01416262	
288.01415696	
288.01415129	
288.01414563	
288.01413997	
288.01413432	
288.01412867	
288.01412301	
288.01411736	
288.01411172	
288.01410607	
288.01410043	
288.01409479	
288.01408915	
288.01408352	
288.01407788	
288.01407225	
288.01406662	
288.01406100	
288.01405537	
288.01404975	
288.01404413	
288.01403851	
288.01403290	
288.01402728	
288.01402167	
288.01401606	
288.01401046	
288.01400485	
288.01399925	
288.01399365	
288.01398805	
288.01398246	
288.01397687	
288.01397128	
288.01396569	
288.01396010	
288.01395452	
288.01394894	
288.01394336	
288.01393778	
288.01393220	
288.01392663	
288.01392106	
288.01391549	
288.01390992	
288.01390436	
288.01389880	
288.01389324	
288.01388768	
288.01388213	
288.01387657	
288.01387102	
288.01386548	
288.01385993	
288.01385439	
288.01384884	
288.01384330	
288.01383777	
288.01383223	
288.01382670	
288.01382117	
288.01381564	
288.01381011	
288.01380459	
288.01379907	
288.01379355	
288.01378803	
288.01378252	
288.01377700	
288.01377149	
288.01376598	
288.01376048	
288.01375497	
288.01374947	
288.01374397	
288.01373847	
288.01373298	
288.01372748	
288.01372199	
288.01371650	
288.01371102	
288.01370553	
288.01370005	
288.01369457	
288.01368909	
288.01368362	
288.01367814	
288.01367267	
288.01366720	
288.01366174	
288.01365627	
288.01365081	
288.01364535	
288.01363989	
288.01363444	
288.01362898	
288.01362353	
288.01361808	
288.01361263	
288.01360719	
288.01360175	
288.01359630	
288.01359087	
288.01358543	
288.01358000	
288.01357456	
288.01356913	
288.01356371	
288.01355828	
288.01355286	
288.01354744	
288.01354202	
288.01353660	
288.01353119	
288.01352577	
288.01352036	
288.01351495	
288.01350955	
288.01350415	
288.01349874	
288.01349334	
288.01348795	
288.01348255	
288.01347716	
288.01347177	
288.01346638	
288.01346099	
288.01345561	
288.01345023	
288.01344485	
288.01343947	
288.01343409	
288.01342872	
288.01342335	
288.01341798	
288.01341261	
288.01340725	
288.01340188	
288.01339652	
288.01339116	
288.01338581	
288.01338045	
288.01337510	
288.01336975	
288.01336440	
288.01335906	
288.01335371	
288.01334837	
288.01334303	
288.01333769	
288.01333236	
288.01332703	
288.01332170	
288.01331637	
288.01331104	
288.01330572	
288.01330039	
288.01329507	
288.01328976	
288.01328444	
288.01327913	
288.01327381	
288.01326850	
288.01326320	
288.01325789	
288.01325259	
288.01324729	
288.01324199	
288.01323669	
288.01323140	
288.01322610	
288.01322081	
288.01321553	
288.01321024	
288.01320496	
288.01319967	
288.01319439	
288.01318912	
288.01318384	
288.01317857	
288.01317330	
288.01316803	
288.01316276	
288.01315749	
288.01315223	
288.01314697	
288.01314171	
288.01313645	
288.01313120	
288.01312595	
288.01312070	
288.01311545	
288.01311020	
288.01310496	
288.01309972	
288.01309448	
288.01308924	
288.01308400	
288.01307877	
288.01307354	
288.01306831	
288.01306308	
288.01305786	
288.01305263	
288.01304741	
288.01304219	
288.01303698	
288.01303176	
288.01302655	
288.01302134	
288.01301613	
288.01301092	
288.01300572	
288.01300052	
288.01299532	
288.01299012	
288.01298492	
288.01297973	
288.01297454	
288.01296935	
288.01296416	
288.01295897	
288.01295379	
288.01294861	
288.01294343	
288.01293825	
288.01293308	
288.01292790	
288.01292273	
288.01291756	
288.01291240	
288.01290723	
288.01290207	
288.01289691	
288.01289175	
288.01288659	
288.01288144	
288.01287628	
288.01287113	
288.01286598	
288.01286084	
288.01285569	
288.01285055	
288.01284541	
288.01284027	
288.01283514	
288.01283000	
288.01282487	
288.01281974	
288.01281461	
288.01280949	
288.01280436	
288.01279924	
288.01279412	
288.01278900	
288.01278389	
288.01277878	
288.01277366	
288.01276855	
288.01276345	
288.01275834	
288.01275324	
288.01274814	
288.01274304	
288.01273794	
288.01273285	
288.01272775	
288.01272266	
288.01271757	
288.01271249	
288.01270740	
288.01270232	
288.01269724	
288.01269216	
288.01268708	
288.01268201	
288.01267693	
288.01267186	
288.01266679	
288.01266173	
288.01265666	
288.01265160	
288.01264654	
288.01264148	
288.01263642	
288.01263137	
288.01262632	
288.01262127	
288.01261622	
288.01261117	
288.01260613	
288.01260108	
288.01259604	
288.01259101	
288.01258597	
288.01258093	
288.01257590	
288.01257087	
288.01256584	
288.01256082	
288.01255579	
288.01255077	
288.01254575	
288.01254073	
288.01253572	
288.01253070	
288.01252569	
288.01252068	
288.01251567	
288.01251066	
288.01250566	
288.01250066	
288.01249566	
288.01249066	
288.01248566	
288.01248067	
288.01247568	
288.01247069	
288.01246570	
288.01246071	
288.01245573	
288.01245074	
288.01244576	
288.01244079	
288.01243581	
288.01243084	
288.01242586	
288.01242089	
288.01241592	
288.01241096	
288.01240599	
288.01240103	
288.01239607	
288.01239111	
288.01238616	
288.01238120	
288.01237625	
288.01237130	
288.01236635	
288.01236140	
288.01235646	
288.01235152	
288.01234658	
288.01234164	
288.01233670	
288.01233177	
288.01232683	
288.01232190	
288.01231697	
288.01231205	
288.01230712	
288.01230220	
288.01229728	
288.01229236	
288.01228744	
288.01228253	
288.01227761	
288.01227270	
288.01226779	
288.01226289	
288.01225798	
288.01225308	
288.01224818	
288.01224328	
288.01223838	
288.01223349	
288.01222859	
288.01222370	
288.01221881	
288.01221392	
288.01220904	
288.01220415	
288.01219927	
288.01219439	
288.01218952	
288.01218464	
288.01217977	
288.01217489	
288.01217002	
288.01216516	
288.01216029	
288.01215543	
288.01215056	
288.01214570	
288.01214085	
288.01213599	
288.01213113	
288.01212628	
288.01212143	
288.01211658	
288.01211174	
288.01210689	
288.01210205	
288.01209721	
288.01209237	
288.01208753	
288.01208270	
288.01207786	
288.01207303	
288.01206820	
288.01206338	
288.01205855	
288.01205373	
288.01204891	
288.01204409	
288.01203927	
288.01203445	
288.01202964	
288.01202483	
288.01202002	
288.01201521	
288.01201040	
288.01200560	
288.01200080	
288.01199600	
288.01199120	
288.01198640	
288.01198161	
288.01197681	
288.01197202	
288.01196724	
288.01196245	
288.01195766	
288.01195288	
288.01194810	
288.01194332	
288.01193854	
288.01193377	
288.01192899	
288.01192422	
288.01191945	
288.01191468	
288.01190992	
288.01190515	
288.01190039	
288.01189563	
288.01189087	
288.01188612	
288.01188136	
288.01187661	
288.01187186	
288.01186711	
288.01186236	
288.01185762	
288.01185288	
288.01184814	
288.01184340	
288.01183866	
288.01183392	
288.01182919	
288.01182446	
288.01181973	
288.01181500	
288.01181027	
288.01180555	
288.01180083	
288.01179611	
288.01179139	
288.01178667	
288.01178196	
288.01177725	
288.01177253	
288.01176783	
288.01176312	
288.01175841	
288.01175371	
288.01174901	
288.01174431	
288.01173961	
288.01173492	
288.01173022	
288.01172553	
288.01172084	
288.01171615	
288.01171146	
288.01170678	
288.01170210	
288.01169742	
288.01169274	
288.01168806	
288.01168338	
288.01167871	
288.01167404	
288.01166937	
288.01166470	
288.01166004	
288.01165537	
288.01165071	
288.01164605	
288.01164139	
288.01163674	
288.01163208	
288.01162743	
288.01162278	
288.01161813	
288.01161348	
288.01160883	
288.01160419	
288.01159955	
288.01159491	
288.01159027	
288.01158564	
288.01158100	
288.01157637	
288.01157174	
288.01156711	
288.01156248	
288.01155786	
288.01155323	
288.01154861	
288.01154399	
288.01153938	
288.01153476	
288.01153015	
288.01152553	
288.01152092	
288.01151632	
288.01151171	
288.01150711	
288.01150250	
288.01149790	
288.01149330	
288.01148870	
288.01148411	
288.01147952	
288.01147492	
288.01147033	
288.01146575	
288.01146116	
288.01145657	
288.01145199	
288.01144741	
288.01144283	
288.01143826	
288.01143368	
288.01142911	
288.01142454	
288.01141997	
288.01141540	
288.01141083	
288.01140627	
288.01140170	
288.01139714	
288.01139258	
288.01138803	
288.01138347	
288.01137892	
288.01137437	
288.01136982	
288.01136527	
288.01136072	
288.01135618	
288.01135164	
288.01134710	
288.01134256	
288.01133802	
288.01133349	
288.01132895	
288.01132442	
288.01131989	
288.01131536	
288.01131084	
288.01130631	
288.01130179	
288.01129727	
288.01129275	
288.01128823	
288.01128372	
288.01127920	
288.01127469	
288.01127018	
288.01126567	
288.01126117	
288.01125666	
288.01125216	
288.01124766	
288.01124316	
288.01123866	
288.01123417	
288.01122967	
288.01122518	
288.01122069	
288.01121620	
288.01121172	
288.01120723	
288.01120275	
288.01119827	
288.01119379	
288.01118931	
288.01118484	
288.01118036	
288.01117589	
288.01117142	
288.01116695	
288.01116248	
288.01115802	
288.01115356	
288.01114910	
288.01114464	
288.01114018	
288.01113572	
288.01113127	
288.01112681	
288.01112236	
288.01111792	
288.01111347	
288.01110902	
288.01110458	
288.01110014	
288.01109570	
288.01109126	
288.01108682	
288.01108239	
288.01107795	
288.01107352	
288.01106909	
288.01106467	
288.01106024	
288.01105582	
288.01105139	
288.01104697	
288.01104255	
288.01103814	
288.01103372	
288.01102931	
288.01102490	
288.01102049	
288.01101608	
288.01101167	
288.01100727	
288.01100287	
288.01099846	
288.01099406	
288.01098967	
288.01098527	
288.01098088	
288.01097648	
288.01097209	
288.01096771	
288.01096332	
288.01095893	
288.01095455	
288.01095017	
288.01094579	
288.01094141	
288.01093703	
288.01093266	
288.01092828	
288.01092391	
288.01091954	
288.01091518	
288.01091081	
288.01090645	
288.01090208	
288.01089772	
288.01089336	
288.01088901	
288.01088465	
288.01088030	
288.01087594	
288.01087159	
288.01086725	
288.01086290	
288.01085855	
288.01085421	
288.01084987	
288.01084553	
288.01084119	
288.01083685	
288.01083252	
288.01082819	
288.01082385	
288.01081952	
288.01081520	
288.01081087	
288.01080655	
288.01080222	
288.01079790	
288.01079358	
288.01078927	
288.01078495	
288.01078064	
288.01077632	
288.01077201	
288.01076771	
288.01076340	
288.01075909	
288.01075479	
288.01075049	
288.01074619	
288.01074189	
288.01073759	
288.01073330	
288.01072900	
288.01072471	
288.01072042	
288.01071613	
288.01071185	
288.01070756	
288.01070328	
288.01069900	
288.01069472	
288.01069044	
288.01068616	
288.01068189	
288.01067762	
288.01067335	
288.01066908	
288.01066481	
288.01066054	
288.01065628	
288.01065202	
288.01064776	
288.01064350	
288.01063924	
288.01063498	
288.01063073	
288.01062648	
288.01062223	
288.01061798	
288.01061373	
288.01060949	
288.01060524	
288.01060100	
288.01059676	
288.01059252	
288.01058828	
288.01058405	
288.01057981	
288.01057558	
288.01057135	
288.01056712	
288.01056290	
288.01055867	
288.01055445	
288.01055023	
288.01054601	
288.01054179	
288.01053757	
288.01053336	
288.01052914	
288.01052493	
288.01052072	
288.01051651	
288.01051231	
288.01050810	
288.01050390	
288.01049970	
288.01049550	
288.01049130	
288.01048710	
288.01048291	
288.01047871	
288.01047452	
288.01047033	
288.01046614	
288.01046196	
288.01045777	
288.01045359	
288.01044941	
288.01044523	
288.01044105	
288.01043687	
288.01043270	
288.01042853	
288.01042436	
288.01042019	
288.01041602	
288.01041185	
288.01040769	
288.01040352	
288.01039936	
288.01039520	
288.01039104	
288.01038689	
288.01038273	
288.01037858	
288.01037443	
288.01037028	
288.01036613	
288.01036198	
288.01035784	
288.01035370	
288.01034955	
288.01034541	
288.01034128	
288.01033714	
288.01033301	
288.01032887	
288.01032474	
288.01032061	
288.01031648	
288.01031236	
288.01030823	
288.01030411	
288.01029999	
288.01029587	
288.01029175	
288.01028763	
288.01028352	
288.01027940	
288.01027529	
288.01027118	
288.01026707	
288.01026297	
288.01025886	
288.01025476	
288.01025065	
288.01024655	
288.01024246	
288.01023836	
288.01023426	
288.01023017	
288.01022608	
288.01022199	
288.01021790	
288.01021381	
288.01020973	
288.01020564	
288.01020156	
288.01019748	
288.01019340	
288.01018932	
288.01018525	
288.01018117	
288.01017710	
288.01017303	
288.01016896	
288.01016489	
288.01016083	
288.01015676	
288.01015270	
288.01014864	
288.01014458	
288.01014052	
288.01013646	
288.01013241	
288.01012836	
288.01012431	
288.01012026	
288.01011621	
288.01011216	
288.01010812	
288.01010407	
288.01010003	
288.01009599	
288.01009195	
288.01008792	
288.01008388	
288.01007985	
288.01007582	
288.01007179	
288.01006776	
288.01006373	
288.01005970	
288.01005568	
288.01005166	
288.01004764	
288.01004362	
288.01003960	
288.01003559	
288.01003157	
288.01002756	
288.01002355	
288.01001954	
288.01001553	
288.01001152	
288.01000752	
288.01000352	
288.00999951	
288.00999552	
288.00999152	
288.00998752	
288.00998353	
288.00997953	
288.00997554	
288.00997155	
288.00996756	
288.00996357	
288.00995959	
288.00995561	
288.00995162	
288.00994764	
288.00994366	
288.00993969	
288.00993571	
288.00993174	
288.00992776	
288.00992379	
288.00991982	
288.00991585	
288.00991189	
288.00990792	
288.00990396	
288.00990000	
288.00989604	
288.00989208	
288.00988812	
288.00988417	
288.00988021	
288.00987626	
288.00987231	
288.00986836	
288.00986442	
288.00986047	
288.00985653	
288.00985258	
288.00984864	
288.00984470	
288.00984076	
288.00983683	
288.00983289	
288.00982896	
288.00982503	
288.00982110	
288.00981717	
288.00981324	
288.00980932	
288.00980539	
288.00980147	
288.00979755	
288.00979363	
288.00978972	
288.00978580	
288.00978188	
288.00977797	
288.00977406	
288.00977015	
288.00976624	
