325.41053787	
325.41072676	
325.41031680	
325.41013627	
325.41053820	
325.41040364	
325.41038941	
325.40983881	
325.40927992	
325.40919025	
325.40914148	
325.40858162	
325.40813740	
325.40799059	
325.40784694	
325.40799129	
325.40747828	
325.40713925	
325.40685919	
325.40682785	
325.40714460	
325.40689759	
325.40692251	
325.40705954	
325.40641152	
325.40563274	
325.40574403	
325.40551805	
325.40492548	
325.40459150	
325.40442744	
325.40428658	
325.40399960	
325.40345089	
325.40274588	
325.40244465	
325.40237650	
325.40189724	
325.40181424	
325.40210723	
325.40178819	
325.40145663	
325.40133523	
325.40079183	
325.40012690	
325.39959936	
325.39901042	
325.39834788	
325.39786518	
325.39752927	
325.39721495	
325.39728191	
325.39724117	
325.39672790	
325.39598099	
325.39619208	
325.39611834	
325.39602139	
325.39578487	
325.39520790	
325.39514989	
325.39533373	
325.39491444	
325.39446893	
325.39464912	
325.39404667	
325.39338952	
325.39349357	
325.39323100	
325.39305663	
325.39347962	
325.39342417	
325.39338774	
325.39287512	
325.39291606	
325.39319468	
325.39264952	
325.39264859	
325.39286559	
325.39252074	
325.39226861	
325.39200905	
325.39173491	
325.39157731	
325.39087893	
325.39031941	
325.39034656	
325.38983291	
325.38905004	
325.38874143	
325.38825587	
325.38779035	
325.38742222	
325.38678490	
325.38668731	
325.38686450	
325.38662457	
325.38618411	
325.38589205	
325.38536169	
325.38459097	
325.38472954	
325.38449137	
325.38395652	
325.38421760	
325.38460037	
325.38431816	
325.38390858	
325.38365836	
325.38307986	
325.38313023	
325.38272384	
325.38186833	
325.38163575	
325.38132147	
325.38103094	
325.38068630	
325.38053371	
325.38017789	
325.38029284	
325.38045479	
325.37974582	
325.37964627	
325.37945371	
325.37963679	
325.37954570	
325.37939921	
325.37922324	
325.37866701	
325.37878264	
325.37890284	
325.37906843	
325.37877385	
325.37872002	
325.37883620	
325.37896666	
325.37906727	
325.37931687	
325.37974700	
325.37998151	
325.38015013	
325.38004544	
325.37989272	
325.38016803	
325.38053630	
325.38003244	
325.37968875	
325.37953180	
325.37883310	
325.37835110	
325.37773121	
325.37735788	
325.37718139	
325.37705184	
325.37741599	
325.37705432	
325.37641840	
325.37630366	
325.37612274	
325.37560120	
325.37552625	
325.37546634	
325.37489902	
325.37423271	
325.37410955	
325.37401918	
325.37422014	
325.37392835	
325.37304994	
325.37325752	
325.37309391	
325.37298846	
325.37294145	
325.37262837	
325.37210800	
325.37176052	
325.37199561	
325.37210686	
325.37204671	
325.37228688	
325.37247760	
325.37253964	
325.37235395	
325.37215375	
325.37198501	
325.37199358	
325.37233071	
325.37262944	
325.37274801	
325.37285278	
325.37236131	
325.37192042	
325.37198339	
325.37153010	
325.37096067	
325.37074238	
325.37089690	
325.37088081	
325.37121513	
325.37084717	
325.37082806	
325.37062126	
325.37030910	
325.37049132	
325.36975768	
325.36948967	
325.36958170	
325.36912973	
325.36851643	
325.36822413	
325.36839291	
325.36869735	
325.36825905	
325.36816545	
325.36813278	
325.36767450	
325.36724859	
325.36742592	
325.36751146	
325.36707810	
325.36681165	
325.36660303	
325.36646300	
325.36607317	
325.36602462	
325.36603148	
325.36582360	
325.36572786	
325.36546761	
325.36489794	
325.36445881	
325.36466597	
325.36470832	
325.36430622	
325.36457507	
325.36437376	
325.36428302	
325.36459666	
325.36421748	
325.36424664	
325.36454541	
325.36397625	
325.36404105	
325.36433044	
325.36387757	
325.36333305	
325.36298533	
325.36303873	
325.36253974	
325.36215095	
325.36206949	
325.36199213	
325.36173985	
325.36134330	
325.36142373	
325.36168068	
325.36130432	
325.36127835	
325.36133414	
325.36137502	
325.36145006	
325.36076475	
325.36049982	
325.36031193	
325.35986368	
325.35953824	
325.35905568	
325.35894206	
325.35878636	
325.35866313	
325.35892796	
325.35912023	
325.35915691	
325.35878731	
325.35883947	
325.35876019	
325.35821414	
325.35769899	
325.35727172	
325.35724207	
325.35678490	
325.35604919	
325.35619397	
325.35615057	
325.35629517	
325.35602993	
325.35589718	
325.35572612	
325.35510493	
325.35536966	
325.35484023	
325.35454907	
325.35452790	
325.35451775	
325.35405644	
325.35388618	
325.35419250	
325.35366730	
325.35345203	
325.35302250	
325.35301039	
325.35313264	
325.35250923	
325.35191742	
325.35189322	
325.35203358	
325.35215171	
325.35226283	
325.35168236	
325.35136364	
325.35173748	
325.35155912	
325.35155174	
325.35181984	
325.35199536	
325.35174350	
325.35136459	
325.35109632	
325.35062045	
325.35064397	
325.35050283	
325.35047118	
325.35003238	
325.34976101	
325.34973637	
325.34987156	
325.34976256	
325.34985874	
325.34989138	
325.34953337	
325.34947015	
325.34968909	
325.35011778	
325.35000193	
325.35021520	
325.34999754	
325.34937494	
325.34910825	
325.34927730	
325.34912454	
325.34871943	
325.34885782	
325.34859304	
325.34871382	
325.34860968	
325.34786210	
325.34757025	
325.34765848	
325.34759575	
325.34704588	
325.34637576	
325.34599781	
325.34550411	
325.34555515	
325.34539117	
325.34471653	
325.34415116	
325.34376942	
325.34392246	
325.34343166	
325.34308960	
325.34317417	
325.34268438	
325.34251282	
325.34283242	
325.34283216	
325.34293798	
325.34256649	
325.34229048	
325.34226506	
325.34167718	
325.34116349	
325.34105617	
325.34067709	
325.33995506	
325.33963602	
325.33972540	
325.33947507	
325.33927915	
325.33912935	
325.33912360	
325.33922551	
325.33903308	
325.33909398	
325.33859265	
325.33868210	
325.33862685	
325.33811342	
325.33820504	
325.33823702	
325.33791537	
325.33769585	
325.33755499	
325.33692952	
325.33698700	
325.33677159	
325.33686659	
325.33677706	
325.33617102	
325.33615942	
325.33558413	
325.33566574	
325.33540044	
325.33485824	
325.33472567	
325.33417911	
325.33423415	
325.33376805	
325.33339815	
325.33357048	
325.33386284	
325.33347467	
325.33264776	
325.33276637	
325.33242681	
325.33251022	
325.33212808	
325.33121180	
325.33130705	
325.33111744	
325.33062844	
325.33007223	
325.32944933	
325.32906965	
325.32920024	
325.32936342	
325.32902241	
325.32890631	
325.32889626	
325.32851175	
325.32866138	
325.32840742	
325.32834520	
325.32793991	
325.32710420	
325.32692167	
325.32690807	
325.32673336	
325.32600270	
325.32537960	
325.32546399	
325.32508153	
325.32486207	
325.32461315	
325.32418369	
325.32457730	
325.32455744	
325.32422869	
325.32371774	
325.32315058	
325.32253705	
325.32214958	
325.32208432	
325.32203350	
325.32162022	
325.32158917	
325.32169151	
325.32137134	
325.32152883	
325.32177248	
325.32149558	
325.32136526	
325.32165481	
325.32116814	
325.32052965	
325.32026566	
325.31984756	
325.31977166	
325.31968829	
325.31964318	
325.31937310	
325.31929494	
325.31942068	
325.31892877	
325.31826956	
325.31817429	
325.31780924	
325.31766651	
325.31812480	
325.31779292	
325.31757197	
325.31796031	
325.31809297	
325.31794138	
325.31824152	
325.31778216	
325.31748787	
325.31790021	
325.31790197	
325.31786822	
325.31730131	
325.31701218	
325.31656696	
325.31614119	
325.31623608	
325.31643043	
325.31651995	
325.31678109	
325.31696619	
325.31685896	
325.31634158	
325.31571615	
325.31514506	
325.31440740	
325.31427098	
325.31405312	
325.31430651	
325.31478062	
325.31466707	
325.31403117	
325.31372600	
325.31339225	
325.31316254	
325.31282948	
325.31293124	
325.31352835	
325.31336185	
325.31363932	
325.31409872	
325.31370275	
325.31312376	
325.31320235	
325.31360233	
325.31405400	
325.31418003	
325.31389402	
325.31350017	
325.31341996	
325.31372642	
325.31402877	
325.31384008	
325.31386289	
325.31387172	
325.31379321	
325.31359839	
325.31345522	
325.31350522	
325.31291632	
325.31274312	
325.31238228	
325.31248387	
325.31220819	
325.31158196	
325.31161382	
325.31146293	
325.31188159	
325.31222838	
325.31192676	
325.31182061	
325.31216810	
325.31173000	
325.31177112	
325.31166562	
325.31178174	
325.31149094	
325.31062541	
325.31029465	
325.30975276	
325.31000112	
325.30968001	
325.30951956	
325.30975964	
325.30928378	
325.30932085	
325.30934769	
325.30930035	
325.30929291	
325.30917973	
325.30932240	
325.30892946	
325.30874936	
325.30899089	
325.30853903	
325.30816995	
325.30805768	
325.30807080	
325.30795873	
325.30781215	
325.30810298	
325.30795284	
325.30820361	
325.30857701	
325.30858282	
325.30829801	
325.30819366	
325.30794907	
325.30721542	
325.30664631	
325.30675029	
325.30653307	
325.30608597	
325.30618549	
325.30559588	
325.30491735	
325.30431574	
325.30456615	
325.30481419	
325.30448603	
325.30447952	
325.30424603	
325.30397756	
325.30396848	
325.30431246	
325.30471438	
325.30502877	
325.30518652	
325.30541571	
325.30513506	
325.30497816	
325.30530539	
325.30526076	
325.30471459	
325.30409217	
325.30442530	
325.30406450	
325.30402271	
325.30419737	
325.30369405	
325.30334265	
325.30342336	
325.30303050	
325.30280184	
325.30311727	
325.30330111	
325.30381791	
325.30338995	
325.30315441	
325.30294342	
325.30289728	
325.30258631	
325.30230698	
325.30221585	
325.30223842	
325.30272817	
325.30229832	
325.30176136	
325.30131082	
325.30067299	
325.30032688	
325.30031472	
325.30016637	
325.29987775	
325.29951847	
325.29906635	
325.29852283	
325.29861173	
325.29901034	
325.29930614	
325.29976793	
325.29974482	
325.29935295	
325.29936817	
325.29913040	
325.29867677	
325.29871209	
325.29821785	
325.29836930	
325.29808689	
325.29757879	
325.29723069	
325.29699972	
325.29715194	
325.29673102	
325.29707966	
325.29734440	
325.29722390	
325.29671637	
325.29664888	
325.29632462	
325.29621958	
325.29652193	
325.29620540	
325.29629934	
325.29639296	
325.29629760	
325.29627231	
325.29655349	
325.29613448	
325.29569036	
325.29609423	
325.29618177	
325.29582429	
325.29534983	
325.29525129	
325.29499790	
325.29432280	
325.29448185	
325.29423648	
325.29358641	
325.29363889	
325.29309543	
325.29253693	
325.29251237	
325.29244307	
325.29247606	
325.29253172	
325.29263602	
325.29259328	
325.29287042	
325.29258298	
325.29269371	
325.29280056	
325.29247824	
325.29220194	
325.29225618	
325.29286996	
325.29247841	
325.29220852	
325.29220662	
325.29247278	
325.29274296	
325.29258228	
325.29266213	
325.29273088	
325.29253781	
325.29286675	
325.29327075	
325.29286752	
325.29308249	
325.29307947	
325.29270576	
325.29272285	
325.29208762	
325.29156350	
325.29164790	
325.29142994	
325.29095106	
325.29119026	
325.29147167	
325.29177254	
325.29168118	
325.29168760	
325.29139373	
325.29149387	
325.29154340	
325.29126947	
325.29104346	
325.29054483	
325.29085223	
325.29064688	
325.29057092	
325.29057148	
325.29020822	
325.29040008	
325.29022091	
325.28976941	
325.29010562	
325.29036458	
325.28989246	
325.28935473	
325.28923304	
325.28933908	
325.28909131	
325.28846724	
325.28832015	
325.28868272	
325.28876330	
325.28838160	
325.28848178	
325.28814245	
325.28813071	
325.28815289	
325.28789182	
325.28762769	
325.28711447	
325.28703638	
325.28711484	
325.28684188	
325.28652542	
325.28646805	
325.28597311	
325.28591698	
325.28588233	
325.28579748	
325.28527163	
325.28514264	
325.28564312	
325.28507507	
325.28518932	
325.28532519	
325.28470290	
325.28497568	
325.28535916	
325.28517516	
325.28537669	
325.28542965	
325.28477276	
325.28504866	
325.28534390	
325.28487979	
325.28492851	
325.28444521	
325.28382122	
325.28374916	
325.28392164	
325.28422013	
325.28371148	
325.28343707	
325.28292169	
325.28287386	
325.28265463	
325.28273012	
325.28286325	
325.28203262	
325.28227259	
325.28272737	
325.28303929	
325.28302692	
325.28328489	
325.28295395	
325.28219632	
325.28180748	
325.28136791	
325.28117200	
325.28093488	
325.28089783	
325.28036200	
325.28032214	
325.28037507	
325.27998702	
325.28023759	
325.27986705	
325.27960999	
325.27916762	
325.27842186	
325.27827370	
325.27783934	
325.27744096	
325.27729849	
325.27732233	
325.27717326	
325.27651325	
325.27617616	
325.27586100	
325.27529176	
325.27546687	
325.27550009	
325.27566753	
325.27595824	
325.27530973	
325.27473321	
325.27488074	
325.27484824	
325.27458702	
325.27496566	
325.27459335	
325.27406128	
325.27408248	
325.27358833	
325.27350595	
325.27308720	
325.27293326	
325.27330431	
325.27311970	
325.27297576	
325.27321015	
325.27287888	
325.27247209	
325.27277853	
325.27230490	
325.27200979	
325.27155246	
325.27088108	
325.27087446	
325.27123609	
325.27117158	
325.27081426	
325.27118439	
325.27109449	
325.27113372	
325.27107358	
325.27098357	
325.27075391	
325.27000165	
325.26995545	
325.26970024	
325.26986318	
325.27002120	
325.26999454	
325.27004012	
325.26972841	
325.26973803	
325.26975809	
325.26917457	
325.26908717	
325.26932745	
325.26945456	
325.26913449	
325.26911661	
325.26893773	
325.26853601	
325.26811480	
325.26754312	
325.26796058	
325.26770103	
325.26731186	
325.26708907	
325.26678663	
325.26671481	
325.26682375	
325.26693359	
325.26671493	
325.26657528	
325.26625516	
325.26589085	
325.26585910	
325.26560515	
325.26537542	
325.26555129	
325.26584508	
325.26591265	
325.26610708	
325.26607620	
325.26546941	
325.26494170	
325.26524751	
325.26553073	
325.26558279	
325.26576613	
325.26564346	
325.26523146	
325.26492249	
325.26458161	
325.26430206	
325.26408189	
325.26426026	
325.26465148	
325.26406733	
325.26395272	
325.26430532	
325.26418340	
325.26358132	
325.26342356	
325.26362599	
325.26373026	
325.26358140	
325.26332397	
325.26363629	
325.26317428	
325.26330034	
325.26360879	
325.26290909	
325.26234105	
325.26231447	
325.26275071	
325.26222201	
325.26174161	
325.26195696	
325.26163038	
325.26161660	
325.26135389	
325.26117258	
325.26168853	
325.26159390	
325.26153951	
325.26130213	
325.26069766	
325.26078675	
325.26099682	
325.26085807	
325.26085658	
325.26057414	
325.26028202	
325.25997086	
325.25990791	
325.25945280	
325.25918290	
325.25948226	
325.25895537	
325.25854956	
325.25834787	
325.25827603	
325.25826595	
325.25831121	
325.25864769	
325.25863824	
325.25878777	
325.25866133	
325.25888640	
325.25859523	
325.25842386	
325.25822701	
325.25755216	
325.25735762	
325.25715551	
325.25725870	
325.25710025	
325.25660727	
325.25610097	
325.25622656	
325.25634225	
325.25636661	
325.25640648	
325.25586141	
325.25600174	
325.25612200	
325.25570219	
325.25613165	
325.25599734	
325.25546455	
325.25527585	
325.25558906	
325.25560875	
325.25543762	
325.25563713	
325.25563087	
325.25581022	
325.25599346	
325.25622080	
325.25646372	
325.25636878	
325.25585533	
325.25604390	
325.25629336	
325.25626132	
325.25601960	
325.25618316	
325.25658444	
325.25613163	
325.25619711	
325.25631778	
325.25585463	
325.25562170	
325.25537312	
325.25545100	
325.25508135	
325.25438104	
325.25395299	
325.25369620	
325.25362109	
325.25336611	
325.25323126	
325.25294135	
325.25297036	
325.25324285	
325.25328623	
325.25328236	
325.25350336	
325.25340413	
325.25340783	
325.25330386	
325.25328378	
325.25337528	
325.25335399	
325.25342707	
325.25312538	
325.25277575	
325.25241089	
325.25260444	
325.25286077	
325.25274812	
325.25291827	
325.25265238	
325.25266214	
325.25293491	
325.25272878	
325.25297749	
325.25271108	
325.25241976	
325.25212588	
325.25138720	
325.25119501	
325.25069500	
325.25021490	
325.25004795	
325.24946918	
325.24917022	
325.24955219	
325.24987498	
325.24989217	
325.24977820	
325.24994775	
325.25006637	
325.24973588	
325.24953137	
325.24988072	
325.25017877	
325.24996113	
325.25008522	
325.24979587	
325.24966470	
325.25019088	
325.25016519	
325.24978374	
325.24939441	
325.24925595	
325.24865209	
325.24882948	
325.24873650	
325.24796522	
325.24821785	
325.24795885	
325.24816126	
325.24829664	
325.24791779	
325.24790879	
325.24802986	
325.24809372	
325.24800120	
325.24792388	
325.24735405	
325.24726529	
325.24714280	
325.24698838	
325.24669952	
325.24651939	
325.24669282	
325.24689047	
325.24702336	
325.24676799	
325.24688136	
325.24717056	
325.24698287	
325.24713365	
325.24750569	
325.24757010	
325.24707236	
325.24686912	
325.24707472	
325.24730496	
325.24778708	
325.24728295	
325.24696475	
325.24684137	
325.24669110	
325.24644753	
325.24610817	
325.24567559	
325.24518241	
325.24501328	
325.24439273	
325.24414306	
325.24383749	
325.24387916	
325.24393772	
325.24370094	
325.24368750	
325.24339460	
325.24294086	
325.24292372	
325.24282017	
325.24233231	
325.24231803	
325.24188903	
325.24171393	
325.24170589	
325.24130231	
325.24097220	
325.24118918	
325.24143368	
325.24086613	
325.24045522	
325.24049138	
325.24027499	
325.24053812	
325.24039152	
325.23972334	
325.23991538	
325.23941958	
325.23951277	
325.23953427	
325.23928897	
325.23972807	
325.23999289	
325.23980336	
325.23937096	
325.23889416	
325.23829294	
325.23820938	
325.23782847	
325.23740610	
325.23721494	
325.23705774	
325.23653099	
325.23651347	
325.23612290	
325.23585279	
325.23620706	
325.23578758	
325.23580512	
325.23579904	
325.23571349	
325.23562023	
325.23515441	
325.23517647	
325.23555309	
325.23546644	
325.23576804	
325.23560338	
325.23510491	
325.23468625	
325.23479704	
325.23462418	
325.23463442	
325.23504071	
325.23440889	
325.23423634	
325.23428200	
325.23407176	
325.23350801	
325.23375192	
325.23379620	
325.23385422	
325.23385106	
325.23363044	
325.23340004	
325.23312693	
325.23305809	
325.23282150	
325.23259381	
325.23237110	
325.23185517	
325.23170964	
325.23163808	
325.23180954	
325.23210346	
325.23152448	
325.23131358	
325.23113589	
325.23076911	
325.23066044	
325.23050371	
325.23021607	
325.22968569	
325.22944404	
325.22982954	
325.22974212	
325.22915948	
325.22858014	
325.22844651	
325.22830832	
325.22855790	
325.22826330	
325.22765383	
325.22807744	
325.22816853	
325.22790326	
325.22776780	
325.22724487	
325.22683473	
325.22701672	
325.22708212	
325.22664916	
325.22691827	
325.22682840	
325.22638683	
325.22656245	
325.22671467	
325.22683423	
325.22665718	
325.22679991	
325.22655870	
325.22676236	
325.22720091	
325.22712259	
325.22685975	
325.22702844	
325.22747319	
325.22738721	
325.22700629	
325.22705431	
325.22754311	
325.22730522	
325.22686395	
325.22631099	
325.22598545	
325.22579708	
325.22556294	
325.22586499	
325.22608150	
325.22604321	
325.22617497	
325.22641647	
325.22670947	
325.22703549	
325.22734589	
325.22725748	
325.22694255	
325.22687689	
325.22703155	
325.22698608	
325.22661054	
325.22669589	
325.22697124	
325.22680316	
325.22690203	
325.22662820	
325.22651215	
325.22647080	
325.22664809	
325.22695843	
325.22678046	
325.22635454	
325.22582399	
325.22619059	
325.22640374	
325.22620512	
325.22624910	
325.22664920	
325.22710957	
325.22676377	
325.22624157	
325.22570074	
325.22558444	
325.22566462	
325.22502476	
325.22491688	
325.22475490	
325.22447580	
325.22410613	
325.22383370	
325.22400015	
325.22412976	
325.22450338	
325.22412336	
325.22339237	
325.22289467	
325.22272839	
325.22297675	
325.22265627	
325.22273484	
325.22233180	
325.22158455	
325.22160254	
325.22186434	
325.22235928	
325.22199121	
325.22126178	
325.22110772	
325.22104969	
325.22061685	
325.22064840	
325.22060681	
325.22043831	
325.22028134	
325.21980664	
325.21970325	
325.22008426	
325.22028375	
325.22042165	
325.22053260	
325.22001521	
325.21951470	
325.21972123	
325.22020277	
325.21998069	
325.22020998	
325.22067277	
325.22040793	
325.22064783	
325.22082855	
325.22030326	
325.22013259	
325.22035232	
325.22016814	
325.21991274	
325.21948832	
325.21883271	
325.21879522	
325.21915382	
325.21890429	
325.21835884	
325.21853802	
325.21883083	
325.21832127	
325.21805454	
325.21792651	
325.21773626	
325.21726689	
325.21672177	
325.21705574	
325.21658406	
325.21627019	
325.21649619	
325.21623556	
325.21610904	
325.21597727	
325.21546155	
325.21547296	
325.21565530	
325.21555811	
325.21578456	
325.21530381	
325.21496725	
325.21507374	
325.21513350	
325.21505059	
325.21503717	
325.21547556	
325.21558085	
325.21594645	
325.21566528	
325.21515521	
325.21533761	
325.21483860	
325.21484906	
325.21502029	
325.21451059	
325.21465425	
325.21487810	
325.21520598	
325.21897995	
325.22264098	
325.22655243	
325.23067262	
325.23493676	
325.23887230	
325.24318139	
325.24681946	
325.25070641	
325.25466627	
325.25811565	
325.26188024	
325.26566062	
325.26925605	
325.27290234	
325.27709731	
325.28061492	
325.28446141	
325.28849720	
325.29232110	
325.29598275	
325.29992306	
325.30403291	
325.30813631	
325.31262806	
325.31653828	
325.32070964	
325.32485938	
325.32917670	
325.33296076	
325.33707522	
325.34153135	
325.34577973	
325.35024552	
325.35440347	
325.35833518	
325.36182218	
325.36549999	
325.36911182	
325.37305895	
325.37675118	
325.38023034	
325.38450532	
325.38855397	
325.39219403	
325.39572648	
325.39998528	
325.40407510	
325.40802749	
325.41152722	
325.41498161	
325.41903329	
325.42255953	
325.42634144	
325.43047615	
325.43391801	
325.43739891	
325.44117790	
325.44488221	
325.44862821	
325.45232801	
325.45610646	
325.45974050	
325.46309497	
325.46665783	
325.47046792	
325.47431539	
325.47823796	
325.48197236	
325.48549117	
325.48960998	
325.49351004	
325.49731466	
325.50100306	
325.50475490	
325.50850246	
325.51183194	
325.51535146	
325.51908190	
325.52340070	
325.52737518	
325.53123697	
325.53517406	
325.53902014	
325.54322003	
325.54715352	
325.55114929	
325.55488982	
325.55838686	
325.56265716	
325.56608065	
325.56967977	
325.57373892	
325.57760955	
325.58122436	
325.58467725	
325.58820670	
325.59167183	
325.59573983	
325.59923372	
325.60253697	
325.60610277	
325.60962555	
325.61299861	
325.61699656	
325.62067956	
325.62372920	
325.62730259	
325.63080069	
325.63487003	
325.63865046	
325.64234487	
325.64602974	
325.65012364	
325.65360474	
325.65667421	
325.66056164	
325.66378176	
325.66742612	
325.67161925	
325.67516077	
325.67832950	
325.68175462	
325.68530520	
325.68926863	
325.69292170	
325.69689093	
325.70055214	
325.70352007	
325.70705994	
325.71114543	
325.71506808	
325.71857897	
325.72261214	
325.72679510	
325.73044653	
325.73398434	
325.73802074	
325.74128344	
325.74431866	
325.74841792	
325.75188489	
325.75560256	
325.75984995	
325.76324738	
325.76664972	
325.77048000	
325.77407902	
325.77779160	
325.78129562	
325.78512966	
325.78924764	
325.79315399	
325.79743765	
325.80102144	
325.80430181	
325.80775713	
325.81158537	
325.81539065	
325.81945995	
325.82361606	
325.82755413	
325.83078230	
325.83404160	
325.83746949	
325.84138748	
325.84483692	
325.84811982	
325.85203594	
325.85510380	
325.85818657	
325.86207462	
325.86609263	
325.86984694	
325.87398014	
325.87796354	
325.88159452	
325.88550210	
325.88928184	
325.89249613	
325.89563592	
325.89877398	
325.90252690	
325.90610173	
325.90996162	
325.91363019	
325.91673832	
325.92031771	
325.92354868	
325.92744818	
325.93138151	
325.93473447	
325.93876891	
325.94226871	
325.94566809	
325.94898048	
325.95192410	
325.95570611	
325.95903970	
325.96222573	
325.96579148	
325.96901216	
325.97221918	
325.97561059	
325.97923151	
325.98253680	
325.98573962	
325.98891218	
325.99274589	
325.99658387	
326.00027551	
326.00439056	
326.00831521	
326.01224778	
326.01536620	
326.01829994	
326.02214350	
326.02562830	
326.02943643	
326.03360773	
326.03679876	
326.03991249	
326.04326667	
326.04722162	
326.05043307	
326.05403182	
326.05783154	
326.06137124	
326.06528518	
326.06834341	
326.07199653	
326.07550632	
326.07926383	
326.08258301	
326.08541365	
326.08873931	
326.09230999	
326.09565334	
326.09854817	
326.10164471	
326.10483592	
326.10851353	
326.11183381	
326.11563588	
326.11931349	
326.12226396	
326.12602968	
326.12976278	
326.13274462	
326.13585320	
326.13938011	
326.14265305	
326.14634793	
326.14981562	
326.15283547	
326.15668896	
326.16044092	
326.16430854	
326.16807269	
326.17108435	
326.17420999	
326.17796805	
326.18139006	
326.18507142	
326.18886130	
326.19253832	
326.19647761	
326.19980717	
326.20330351	
326.20639063	
326.20996753	
326.21385615	
326.21688943	
326.22052637	
326.22403205	
326.22758533	
326.23126504	
326.23489114	
326.23814489	
326.24148014	
326.24506124	
326.24888341	
326.25245728	
326.25566628	
326.25942168	
326.26265553	
326.26606406	
326.26997437	
326.27332966	
326.27650216	
326.27957552	
326.28265123	
326.28562956	
326.28902578	
326.29263097	
326.29607915	
326.29924160	
326.30197464	
326.30496511	
326.30848915	
326.31161509	
326.31444085	
326.31833054	
326.32198197	
326.32556160	
326.32944589	
326.33258852	
326.33535249	
326.33840252	
326.34175111	
326.34484026	
326.34774460	
326.35073034	
326.35440412	
326.35792186	
326.36126001	
326.36508245	
326.36884054	
326.37271636	
326.37624380	
326.37927710	
326.38244478	
326.38588865	
326.38939636	
326.39290437	
326.39605959	
326.39970773	
326.40297944	
326.40622439	
326.40984560	
326.41270210	
326.41602056	
326.41909645	
326.42249286	
326.42645742	
326.42948695	
326.43231216	
326.43567395	
326.43946302	
326.44301563	
326.44636541	
326.44921666	
326.45267079	
326.45588395	
326.45892208	
326.46257161	
326.46635380	
326.46944967	
326.47223240	
326.47598644	
326.47951575	
326.48243185	
326.48610021	
326.48994433	
326.49277629	
326.49616436	
326.49986968	
326.50303462	
326.50665968	
326.51050796	
326.51425576	
326.51734093	
326.52025349	
326.52343179	
326.52615753	
326.52896186	
326.53183763	
326.53490882	
326.53861764	
326.54228589	
326.54555557	
326.54906004	
326.55287488	
326.55650756	
326.55952059	
326.56239309	
326.56599998	
326.56935697	
326.57213746	
326.57509739	
326.57819204	
326.58178463	
326.58498601	
326.58775537	
326.59113163	
326.59451071	
326.59772594	
326.60135954	
326.60504548	
326.60804071	
326.61100839	
326.61414064	
326.61693063	
326.61986929	
326.62282585	
326.62582022	
326.62903628	
326.63189725	
326.63476429	
326.63814984	
326.64102774	
326.64411209	
326.64757623	
326.65054942	
326.65377791	
326.65666174	
326.65988455	
326.66302276	
326.66625419	
326.66971775	
326.67267176	
326.67598788	
326.67889413	
326.68173877	
326.68497641	
326.68782392	
326.69105031	
326.69401526	
326.69661645	
326.70027401	
326.70333964	
326.70606823	
326.70965201	
326.71253942	
326.71563079	
326.71871559	
326.72174337	
326.72489505	
326.72779696	
326.73136274	
326.73485122	
326.73799989	
326.74143136	
326.74489309	
326.74776049	
326.75104980	
326.75406469	
326.75699002	
326.76002621	
326.76280951	
326.76627160	
326.77004551	
326.77346125	
326.77703396	
326.78037440	
326.78349084	
326.78701735	
326.78992215	
326.79270920	
326.79575247	
326.79900938	
326.80258703	
326.80590461	
326.80920655	
326.81211979	
326.81485453	
326.81830864	
326.82162736	
326.82479936	
326.82852598	
326.83215521	
326.83493775	
326.83770153	
326.84090102	
326.84389549	
326.84668374	
326.85011131	
326.85331094	
326.85620648	
326.85976101	
326.86277874	
326.86582732	
326.86854944	
326.87106187	
326.87437208	
326.87719404	
326.88047389	
326.88432473	
326.88774426	
326.89050376	
326.89347261	
326.89682743	
326.89990030	
326.90314460	
326.90583627	
326.90902490	
326.91187810	
326.91476988	
326.91844402	
326.92141306	
326.92415053	
326.92720498	
326.93028699	
326.93352455	
326.93663985	
326.93973398	
326.94307580	
326.94627370	
326.94961214	
326.95325290	
326.95673651	
326.95994246	
326.96260636	
326.96532211	
326.96872515	
326.97185046	
326.97490954	
326.97775283	
326.98087322	
326.98454014	
326.98729096	
326.98985750	
326.99281833	
326.99585983	
326.99900704	
327.00196404	
327.00535018	
327.00856230	
327.01128316	
327.01434363	
327.01768700	
327.02127484	
327.02463981	
327.02803094	
327.03149216	
327.03441145	
327.03773389	
327.04126459	
327.04429378	
327.04767269	
327.05067907	
327.05350154	
327.06570838	
327.07831683	
327.09140049	
327.10412101	
327.11663885	
327.12918872	
327.14204455	
327.15495810	
327.16797464	
327.18107934	
327.19369808	
327.20635608	
327.21898747	
327.23127689	
327.24331604	
327.25575519	
327.26862953	
327.28089151	
327.29308756	
327.30554529	
327.31760433	
327.32967554	
327.34264971	
327.35565956	
327.36860108	
327.38179476	
327.39427806	
327.40632534	
327.41842085	
327.43055633	
327.44323921	
327.45616655	
327.46914769	
327.48183278	
327.49415145	
327.50638767	
327.51817075	
327.53012531	
327.54255111	
327.55484464	
327.56717253	
327.58006854	
327.59267917	
327.60460741	
327.61705683	
327.62969269	
327.64156582	
327.65404841	
327.66738557	
327.68001206	
327.69232152	
327.70506186	
327.71747828	
327.72986235	
327.74248043	
327.75497914	
327.76712931	
327.77889227	
327.79069259	
327.80258397	
327.81459816	
327.82685615	
327.83968505	
327.85244440	
327.86464337	
327.87723919	
327.88945724	
327.90153775	
327.91412755	
327.92622717	
327.93841492	
327.95129326	
327.96385919	
327.97614516	
327.98875942	
328.00169893	
328.01412277	
328.02611072	
328.03888477	
328.05194255	
328.06433956	
328.07667173	
328.08929859	
328.10207313	
328.11500294	
328.12748266	
328.13951757	
328.15187686	
328.16407225	
328.17558752	
328.18762949	
328.19961666	
328.21178501	
328.22449173	
328.23725378	
328.24973411	
328.26173537	
328.27374443	
328.28576767	
328.29818655	
328.31066761	
328.32271720	
328.33446621	
328.34618136	
328.35838877	
328.37119252	
328.38347238	
328.39514935	
328.40676710	
328.41836109	
328.43052851	
328.44261545	
328.45483543	
328.46730320	
328.47912476	
328.49070482	
328.50251022	
328.51496227	
328.52766615	
328.53953853	
328.55129280	
328.56391917	
328.57626493	
328.58826276	
328.60056784	
328.61251179	
328.62430431	
328.63655968	
328.64844868	
328.66007360	
328.67188825	
328.68400982	
328.69627692	
328.70826440	
328.71986562	
328.73115269	
328.74320517	
328.75552382	
328.76767445	
328.78011486	
328.79249256	
328.80440892	
328.81565198	
328.82666714	
328.83821892	
328.85059911	
328.86293125	
328.87463193	
328.88612229	
328.89772904	
328.90993415	
328.92186207	
328.93369209	
328.94626181	
328.95804384	
328.96932404	
328.98095032	
328.99242829	
329.00446377	
329.01640498	
329.02817828	
329.04049217	
329.05209612	
329.06376213	
329.07597210	
329.08823892	
329.10040575	
329.11225941	
329.12365697	
329.13540209	
329.14714548	
329.15870758	
329.17042820	
329.18210906	
329.19419715	
329.20614238	
329.21761346	
329.22920694	
329.24095423	
329.25250535	
329.26448580	
329.27679121	
329.28868199	
329.29988314	
329.31085660	
329.32177281	
329.33305039	
329.34481519	
329.35648209	
329.36851899	
329.38023353	
329.39132947	
329.40235674	
329.41365357	
329.42499936	
329.43623238	
329.44826832	
329.46073457	
329.47263159	
329.48409639	
329.49597505	
329.50815653	
329.51963357	
329.53045770	
329.54137104	
329.55307776	
329.56501759	
329.57691111	
329.58847470	
329.59924720	
329.61067624	
329.62279678	
329.63457193	
329.64591647	
329.65705828	
329.66800353	
329.67903344	
329.69028104	
329.70197974	
329.71418970	
329.72569924	
329.73640000	
329.74731292	
329.75820955	
329.76956991	
329.78129046	
329.79318111	
329.80484069	
329.81577081	
329.82715516	
329.83920920	
329.85090733	
329.86262292	
329.87465284	
329.88636181	
329.89806938	
329.90970935	
329.92078512	
329.93163277	
329.94303764	
329.95486726	
329.96658219	
329.97829940	
329.98952136	
330.00026912	
330.01171119	
330.02289903	
330.03404833	
330.04543279	
330.05700755	
330.06894196	
330.08001510	
330.09066916	
330.10209927	
330.11366290	
330.12492043	
330.13598588	
330.14714834	
330.15830395	
330.16891540	
330.18028700	
330.19211671	
330.20308258	
330.21404183	
330.22550544	
330.23729287	
330.24907110	
330.26063493	
330.27185273	
330.28282136	
330.29354028	
330.30426711	
330.31504257	
330.32569804	
330.33668044	
330.34784404	
330.35895386	
330.36966459	
330.38095375	
330.39246354	
330.40335373	
330.41440611	
330.42522614	
330.43557516	
330.44651410	
330.45817972	
330.46989629	
330.48169858	
330.49343428	
330.50465106	
330.51548434	
330.52668786	
330.53815865	
330.54920661	
330.55994313	
330.57113138	
330.58227255	
330.59344767	
330.60441421	
330.61473449	
330.62594892	
330.63773581	
330.64922142	
330.65998718	
330.67018631	
330.68089613	
330.69225670	
330.70333151	
330.71403040	
330.72530061	
330.73689930	
330.74831767	
330.75904659	
330.76997001	
330.78092373	
330.79168989	
330.80247250	
330.81340816	
330.82467694	
330.83556574	
330.84615282	
330.85693128	
330.86852525	
330.87998465	
330.89069766	
330.90098970	
330.91152259	
330.92267300	
330.93385728	
330.94490685	
330.95627318	
330.96770477	
330.97844295	
330.98872036	
330.99982292	
331.01099300	
331.02139484	
331.03178022	
331.04288021	
331.05458555	
331.06619075	
331.07778150	
331.08903665	
331.09996538	
331.11055499	
331.12125433	
331.13230304	
331.14314880	
331.15409448	
331.16496452	
331.17598517	
331.18735386	
331.19835673	
331.20919382	
331.22036826	
331.23138732	
331.24230447	
331.25329716	
331.26371516	
331.27398246	
331.28451292	
331.29504308	
331.30526458	
331.31565905	
331.32689632	
331.33792757	
331.34826530	
331.35859571	
331.36878413	
331.37906904	
331.38937267	
331.40000407	
331.41059684	
331.42092189	
331.43121960	
331.44101716	
331.45159968	
331.46263047	
331.47334774	
331.48407358	
331.49476636	
331.50517279	
331.51593045	
331.52694004	
331.53798545	
331.54864023	
331.55877351	
331.56896182	
331.57945992	
331.59039905	
331.60080485	
331.61134947	
331.62180993	
331.63169148	
331.64216071	
331.65318992	
331.66393911	
331.67414296	
331.68404902	
331.69422397	
331.70492644	
331.71516308	
331.72513941	
331.73506090	
331.74469444	
331.75482859	
331.76544605	
331.77579691	
331.78607079	
331.79689868	
331.80736410	
331.81760484	
331.82826534	
331.83883740	
331.84903663	
331.85918303	
331.86932911	
331.87995175	
331.89082731	
331.90170642	
331.91285823	
331.92381874	
331.93425549	
331.94410048	
331.95389059	
331.96438601	
331.97553183	
331.98663450	
331.99723175	
332.00709941	
332.01755152	
332.02795886	
332.03762599	
332.04786698	
332.05796482	
332.06738740	
332.07754237	
332.08852281	
332.09873395	
332.10855911	
332.11916571	
332.13026032	
332.14099770	
332.15087897	
332.16086642	
332.17152378	
332.18244345	
332.19317194	
332.20324013	
332.21359059	
332.22454651	
332.23542018	
332.24562732	
332.25578178	
332.26617798	
332.27670236	
332.28733139	
332.29744482	
332.30771759	
332.31771843	
332.32737178	
332.33773505	
332.34838491	
332.35882204	
332.36883982	
332.37836300	
332.38799682	
332.39764057	
332.40781716	
332.41795539	
332.42785023	
332.43780083	
332.44787335	
332.45801941	
332.46802758	
332.47787317	
332.48802575	
332.49816338	
332.50781431	
332.51744032	
332.52757185	
332.53816837	
332.54796350	
332.55754346	
332.56775209	
332.57842913	
332.58854362	
332.59840034	
332.60816859	
332.61770837	
332.62735903	
332.63704876	
332.64713521	
332.65743477	
332.66751063	
332.67784742	
332.68817232	
332.69853907	
332.70890636	
332.71874684	
332.72880272	
332.73865458	
332.74812192	
332.75836569	
332.76882279	
332.77912995	
332.78965097	
332.79967973	
332.80985748	
332.82043803	
332.83020270	
332.83935120	
332.84845912	
332.85787619	
332.86749525	
332.87742300	
332.88770175	
332.89776887	
332.90808183	
332.91863649	
332.92878923	
332.93853418	
332.94858362	
332.95849204	
332.96817716	
332.97854784	
332.98869918	
332.99856707	
333.00813368	
333.01761176	
333.02779449	
333.03771452	
333.04731916	
333.05698498	
333.06660482	
333.07652091	
333.08664958	
333.09689783	
333.10656743	
333.11563685	
333.12514143	
333.13504517	
333.14483259	
333.15422867	
333.16329542	
333.17217763	
333.18190089	
333.19166443	
333.20067205	
333.20959434	
333.21933731	
333.22958731	
333.23899729	
333.24801500	
333.25733412	
333.26744500	
333.27794626	
333.28845104	
333.29878615	
333.30825003	
333.31731834	
333.32681873	
333.33660503	
333.34610287	
333.35516427	
333.36447592	
333.37450938	
333.38431217	
333.39410890	
333.40389151	
333.41347230	
333.42357000	
333.43347938	
333.44351361	
333.45361211	
333.46282079	
333.47244175	
333.48272451	
333.49206700	
333.50157338	
333.51176306	
333.52169282	
333.53165554	
333.54175357	
333.55116076	
333.55984838	
333.56891573	
333.57835275	
333.58759866	
333.59648133	
333.60553901	
333.61478765	
333.62439403	
333.63381010	
333.64266861	
333.65150865	
333.66058416	
333.67023383	
333.67959696	
333.68907104	
333.69869560	
333.70854895	
333.71894752	
333.72913972	
333.73889314	
333.74813923	
333.75724116	
333.76628397	
333.77517115	
333.78451539	
333.79408547	
333.80336383	
333.81278687	
333.82204710	
333.83165494	
333.84166363	
333.85123355	
333.86055305	
333.86949340	
333.87815076	
333.88695888	
333.89657954	
333.90606449	
333.91511632	
333.92462525	
333.93397673	
333.94291815	
333.95179438	
333.96059936	
333.96945217	
333.97853583	
333.98769982	
333.99694183	
334.00661521	
334.01595601	
334.02496882	
334.03470725	
334.04453581	
334.05446881	
334.06448298	
334.07371468	
334.08238768	
334.09094963	
334.09984860	
334.10927274	
334.11827503	
334.12743438	
334.13701626	
334.14674837	
334.15648018	
334.16595243	
334.17514267	
334.18379746	
334.19314257	
334.20307275	
334.21243171	
334.22186679	
334.23147488	
334.24107248	
334.25034840	
334.25913008	
334.26823037	
334.27787728	
334.28763721	
334.29728732	
334.30687415	
334.31617842	
334.32496194	
334.33402132	
334.34347413	
334.35243088	
334.36153582	
334.37114337	
334.38028296	
334.38948523	
334.39928670	
334.40878212	
334.41829010	
334.42732841	
334.43640417	
334.44559279	
334.45451525	
334.46373706	
334.47301997	
334.48265185	
334.49230331	
334.50190677	
334.51130411	
334.52080873	
334.53051776	
334.53989005	
334.54929979	
334.55829915	
334.56722058	
334.57675307	
334.58573421	
334.59417820	
334.60334504	
334.61264811	
334.62121370	
334.62951225	
334.63836453	
334.64755435	
334.65630295	
334.66473465	
334.67365890	
334.68319086	
334.69248741	
334.70185450	
334.71125672	
334.71991451	
334.72837361	
334.73699437	
334.74594508	
334.75551353	
334.76527590	
334.77445489	
334.78294611	
334.79156727	
334.80062790	
334.80993431	
334.81929930	
334.82797319	
334.83632942	
334.84524985	
334.85419768	
334.86327948	
334.87232038	
334.88074895	
334.88891555	
334.89720756	
334.90624444	
334.91565890	
334.92459799	
334.93339827	
334.94256404	
334.95189426	
334.96115351	
334.97059905	
334.97977988	
334.98896330	
334.99836301	
335.00764296	
335.01695254	
335.02607363	
335.03524854	
335.04420111	
335.05247975	
335.06050361	
335.06928159	
335.07822872	
335.08712101	
335.09596046	
335.10441761	
335.11321707	
335.12193237	
335.13034714	
335.13936856	
335.14889123	
335.15786016	
335.16684781	
335.17623115	
335.18521762	
335.19386679	
335.20289558	
335.21177753	
335.22053951	
335.22985134	
335.23853142	
335.24721113	
335.25598602	
335.26406217	
335.27261104	
335.28108960	
335.28936661	
335.29844393	
335.30777619	
335.31691415	
335.32554644	
335.33347789	
335.34174938	
335.35056668	
335.35922450	
335.36740801	
335.37593479	
335.38490091	
335.39397563	
335.40293776	
335.41167341	
335.42084322	
335.42999970	
335.43846046	
335.44647628	
335.45461748	
335.46292570	
335.47136778	
335.48035076	
335.48934791	
335.49838920	
335.50720017	
335.51527515	
335.52405554	
335.53326858	
335.54236654	
335.55177122	
335.56044197	
335.56819107	
335.57597469	
335.58428714	
335.59284581	
335.60169041	
335.61033571	
335.61894974	
335.62795928	
335.63660077	
335.64539720	
335.65460371	
335.66382177	
335.67258545	
335.68081365	
335.68949390	
335.69813543	
335.70627460	
335.71510076	
335.72371275	
335.73226957	
335.74112467	
335.74931094	
335.75796412	
335.76677677	
335.77535415	
335.78424802	
335.79280779	
335.80126080	
335.80981533	
335.81816849	
335.82653124	
335.83488833	
335.84366861	
335.85265121	
335.86106262	
335.86935399	
335.87816096	
335.88724734	
335.89636640	
335.90534161	
335.91410927	
335.92257227	
335.93087920	
335.93955823	
335.94854606	
335.95772354	
335.96614537	
335.97396645	
335.98244675	
335.99064726	
335.99823754	
336.00646328	
336.01484608	
336.02316471	
336.03196430	
336.04096467	
336.05009299	
336.05867458	
336.06644856	
336.07418258	
336.08255381	
336.09091101	
336.09911201	
336.10712402	
336.11472900	
336.12299802	
336.13156999	
336.13998833	
336.14862925	
336.15721426	
336.16557785	
336.17409864	
336.18295075	
336.19140302	
336.19987034	
336.20878209	
336.21767670	
336.22610779	
336.23370779	
336.24194306	
336.25024703	
336.25850369	
336.26739492	
336.27614931	
336.28456589	
336.29258238	
336.30030891	
336.30784713	
336.31545234	
336.32300888	
336.33061773	
336.33841518	
336.34667509	
336.35512978	
336.36341848	
336.37171206	
336.37977425	
336.38741584	
336.39556879	
336.40380955	
336.41125736	
336.41934251	
336.42755563	
336.43518314	
336.44287174	
336.45068654	
336.45864167	
336.46646893	
336.47404140	
336.48209867	
336.49028517	
336.49804239	
336.50563076	
336.51312416	
336.52138001	
336.52948215	
336.53703666	
336.54511652	
336.55311004	
336.56144282	
336.56996336	
336.57803501	
336.58649036	
336.59456875	
336.60232389	
336.61001232	
336.61746636	
336.62558861	
336.63377313	
336.64161695	
336.64950879	
336.65770716	
336.66580752	
336.67403822	
336.68211696	
336.68953126	
336.69737240	
336.70554502	
336.71387108	
336.72217012	
336.73004302	
336.73794363	
336.74571979	
336.75302614	
336.76022812	
336.76816088	
336.77669824	
336.78492313	
336.79307307	
336.80110809	
336.80888300	
336.81667880	
336.82437741	
336.83262175	
336.84086843	
336.84905704	
336.85730072	
336.86497157	
336.87278335	
336.88033224	
336.88818491	
336.89653925	
336.90451938	
336.91246521	
336.92012463	
336.92757197	
336.93535969	
336.94357875	
336.95155984	
336.95953504	
336.96726059	
336.97489800	
336.98270317	
336.99021743	
336.99843829	
337.00642566	
337.01438472	
337.02281514	
337.03104247	
337.03943743	
337.04715679	
337.05427896	
337.06187134	
337.07014716	
337.07872063	
337.08653385	
337.09378847	
337.10171136	
337.10989461	
337.11769954	
337.12577078	
337.13353972	
337.14139157	
337.14975054	
337.15782774	
337.16610937	
337.17402927	
337.18172482	
337.18931312	
337.19700156	
337.20468231	
337.21197293	
337.21956544	
337.22768575	
337.23587495	
337.24393871	
337.25189557	
337.25914738	
337.26688803	
337.27538925	
337.28354115	
337.29160451	
337.29915329	
337.30630548	
337.31373045	
337.32123999	
337.32905503	
337.33718981	
337.34527592	
337.35348892	
337.36137501	
337.36856768	
337.37592691	
337.38321010	
337.39020231	
337.39790501	
337.40616690	
337.41443594	
337.42218136	
337.42994791	
337.43809981	
337.44558270	
337.45299486	
337.46079932	
337.46866983	
337.47608885	
337.48300503	
337.49055301	
337.49831433	
337.50583832	
337.51308203	
337.52044447	
337.52808729	
337.53590812	
337.54381690	
337.55154110	
337.55921539	
337.56646220	
337.57424232	
337.58259207	
337.59061352	
337.59791355	
337.60552194	
337.61303533	
337.62017453	
337.62782049	
337.63567453	
337.64351875	
337.65063267	
337.65778139	
337.66563400	
337.67369826	
337.68139043	
337.68891486	
337.69650037	
337.70357132	
337.71057839	
337.71779386	
337.72535564	
337.73284849	
337.73975805	
337.74733088	
337.75539082	
337.76314969	
337.77055272	
337.77802691	
337.78607405	
337.79420706	
337.80240555	
337.80990286	
337.81683453	
337.82413228	
337.83176314	
337.83919468	
337.84673585	
337.85496261	
337.86329430	
337.87100876	
337.87821861	
337.88528931	
337.89275330	
337.90092403	
337.90886240	
337.91659653	
337.92430989	
337.93222195	
337.93981284	
337.94694336	
337.95463765	
337.96208691	
337.96901993	
337.97622750	
337.98323712	
337.99053890	
337.99842666	
338.00577376	
338.01337214	
338.02134117	
338.02849396	
338.03586936	
338.04323012	
338.04976727	
338.05631570	
338.06366668	
338.07156985	
338.07877366	
338.08563306	
338.09317061	
338.10066156	
338.10814931	
338.11567106	
338.12287259	
338.13064621	
338.13870988	
338.14635475	
338.15389714	
338.16116719	
338.16818161	
338.17590388	
338.18371896	
338.19102385	
338.19831564	
338.20584818	
338.21347244	
338.22069450	
338.22749581	
338.23474181	
338.24206263	
338.24896526	
338.25652803	
338.26471947	
338.27270297	
338.28047919	
338.28808960	
338.29497940	
338.30173013	
338.30910438	
338.31641420	
338.32396593	
338.33114676	
338.33752230	
338.34466180	
338.35201859	
338.35889972	
338.36582141	
338.37242792	
338.37897900	
338.38597440	
338.39276526	
338.39997208	
338.40722309	
338.41396053	
338.42141753	
338.42942062	
338.43738653	
338.44484249	
338.45196521	
338.45926033	
338.46680687	
338.47441879	
338.48169578	
338.48925491	
338.49661344	
338.50305430	
338.50978675	
338.51722612	
338.52442880	
338.53170346	
338.53957853	
338.54724488	
338.55400629	
338.56068851	
338.56785741	
338.57488586	
338.58202866	
338.58936066	
338.59644264	
338.60307481	
338.61012381	
338.61733777	
338.62445894	
338.63167050	
338.63897382	
338.64592903	
338.65228246	
338.65947281	
338.66720887	
338.67423935	
338.68094382	
338.68825559	
338.69552379	
338.70242006	
338.70969276	
338.71722214	
338.72471868	
338.73226905	
338.73994687	
338.74765389	
338.75527639	
338.76279539	
338.76965519	
338.77610418	
338.78245916	
338.78867755	
338.79539795	
338.80212854	
338.80841426	
338.81501496	
338.82202959	
338.82935182	
338.83699354	
338.84410130	
338.85075814	
338.85765153	
338.86468675	
338.87208904	
338.87950061	
338.88693380	
338.89418006	
338.90055889	
338.90694056	
338.91345968	
338.92020641	
338.92758799	
338.93440447	
338.94066957	
338.94726868	
338.95446763	
338.96129240	
338.96774732	
338.97502576	
338.98273318	
338.98973340	
338.99654211	
339.00372907	
339.01035944	
339.01649393	
339.02249901	
339.02854940	
339.03481689	
339.04167400	
339.04875437	
339.05552735	
339.06273037	
339.06981560	
339.07611049	
339.08260912	
339.08932015	
339.09612526	
339.10282979	
339.10967354	
339.11682503	
339.12381554	
339.13049799	
339.13675766	
339.14294788	
339.14920624	
339.15577785	
339.16221003	
339.16892966	
339.17643465	
339.18312051	
339.18930926	
339.19610695	
339.20269758	
339.20902197	
339.21524049	
339.22178402	
339.22871806	
339.23542312	
339.24210561	
339.24876025	
339.25592564	
339.26328750	
339.26994230	
339.27670720	
339.28338606	
339.28997995	
339.29662065	
339.30270501	
339.30861531	
339.31463802	
339.32144558	
339.32830703	
339.33521438	
339.34208344	
339.34810464	
339.35399174	
339.36035263	
339.36699230	
339.37377500	
339.38091814	
339.38768137	
339.39447578	
339.40166262	
339.40894229	
339.41615866	
339.42274114	
339.42883305	
339.43502485	
339.44129010	
339.44735989	
339.45380932	
339.46063456	
339.46763187	
339.47455957	
339.48112641	
339.48780263	
339.49480525	
339.50203713	
339.50942850	
339.51681268	
339.52333537	
339.52992116	
339.53727826	
339.54383086	
339.54971414	
339.55603750	
339.56317825	
339.56999815	
339.57638686	
339.58314034	
339.58955835	
339.59588502	
339.60273599	
339.61000328	
339.61730071	
339.62385609	
339.62995167	
339.63643177	
339.64295382	
339.64942789	
339.65591509	
339.66222453	
339.66865701	
339.67515741	
339.68194422	
339.68857652	
339.69526067	
339.70182097	
339.70802921	
339.71490122	
339.72160680	
339.72803561	
339.73506607	
339.74197034	
339.74871403	
339.75569179	
339.76266093	
339.76905181	
339.77493732	
339.78110956	
339.78714445	
339.79357306	
339.80050100	
339.80712517	
339.81373936	
339.82060261	
339.82696909	
339.83349164	
339.84010726	
339.84616059	
339.85236848	
339.85844532	
339.86499601	
339.87194173	
339.87864338	
339.88566706	
339.89210177	
339.89770226	
339.90387358	
339.91057968	
339.91728314	
339.92356004	
339.92987263	
339.93627240	
339.94251148	
339.94913552	
339.95612216	
339.96279314	
339.96876425	
339.97448872	
339.98061381	
339.98718562	
339.99354970	
339.99986182	
340.00586803	
340.01212405	
340.01839756	
340.02483063	
340.03187971	
340.03873905	
340.04557232	
340.05204622	
340.05870528	
340.06496183	
340.07078257	
340.07750006	
340.08380503	
340.08941023	
340.09566924	
340.10263395	
340.10963549	
340.11577574	
340.12134055	
340.12772709	
340.13464887	
340.14099611	
340.14724196	
340.15376847	
340.15998153	
340.16576349	
340.17157969	
340.17760442	
340.18352226	
340.18907842	
340.19506522	
340.20133906	
340.20741458	
340.21342939	
340.21989529	
340.22689946	
340.23309170	
340.23907897	
340.24526168	
340.25148217	
340.25793626	
340.26399436	
340.26999475	
340.27645570	
340.28260309	
340.28846248	
340.29449902	
340.30087344	
340.30717548	
340.31364230	
340.32063549	
340.32703993	
340.33335005	
340.33933126	
340.34506908	
340.35168700	
340.35801089	
340.36408885	
340.37010958	
340.37641092	
340.38350713	
340.39057542	
340.39737897	
340.40373903	
340.41036200	
340.41675411	
340.42308457	
340.42999466	
340.43632364	
340.44218007	
340.44860796	
340.45542668	
340.46144672	
340.46758136	
340.47391169	
340.48013875	
340.48624848	
340.49159837	
340.49755814	
340.50391595	
340.50983685	
340.51594545	
340.52197077	
340.52768128	
340.53370295	
340.54032536	
340.54701316	
340.55313218	
340.55941239	
340.56556078	
340.57111912	
340.57685893	
340.58254236	
340.58867530	
340.59502491	
340.60086946	
340.60699354	
340.61362277	
340.62001282	
340.62564073	
340.63174883	
340.63795923	
340.64388960	
340.65004362	
340.65577999	
340.66167479	
340.66815808	
340.67441719	
340.68044268	
340.68658420	
340.69227723	
340.69808052	
340.70382434	
340.70989976	
340.71664674	
340.72339130	
340.72998057	
340.73640698	
340.74311508	
340.74947072	
340.75542096	
340.76162847	
340.76737319	
340.77300032	
340.77926729	
340.78536246	
340.79081156	
340.79594566	
340.80180826	
340.80842788	
340.81505017	
340.82168845	
340.82771394	
340.83324076	
340.83861814	
340.84377272	
340.84968452	
340.85603669	
340.86257576	
340.86858607	
340.87424288	
340.88040092	
340.88666844	
340.89330950	
340.89985203	
340.90596003	
340.91195086	
340.91832353	
340.92488918	
340.93100710	
340.93674652	
340.94270031	
340.94879501	
340.95495972	
340.96135357	
340.96782106	
340.97448789	
340.98065741	
340.98600365	
340.99177701	
340.99788205	
341.00384034	
341.01030749	
341.01624954	
341.02181407	
341.02763384	
341.03351239	
341.03940123	
341.04524140	
341.05155057	
341.05759372	
341.06366928	
341.07029433	
341.07619413	
341.08149923	
341.08673860	
341.09194354	
341.09759980	
341.10340461	
341.10888120	
341.11428627	
341.12041221	
341.12647231	
341.13210887	
341.13760942	
341.14324179	
341.14906786	
341.15514308	
341.16170620	
341.16793877	
341.17373107	
341.17939136	
341.18549769	
341.19136006	
341.19714910	
341.20357697	
341.20964268	
341.21557495	
341.22166739	
341.22748841	
341.23320783	
341.23939769	
341.24532018	
341.25063871	
341.25634778	
341.26192315	
341.26756503	
341.27337620	
341.27863936	
341.28442304	
341.29020302	
341.29531870	
341.30069146	
341.30631069	
341.31188776	
341.31723625	
341.32300385	
341.32884114	
341.33449206	
341.34076245	
341.34729004	
341.35314524	
341.35818141	
341.36296360	
341.36801874	
341.37334708	
341.37917059	
341.38554070	
341.39147403	
341.39683756	
341.40193144	
341.40739606	
341.41307913	
341.41823618	
341.42384019	
341.42949214	
341.43486080	
341.44090510	
341.44664261	
341.45172577	
341.45712563	
341.46246563	
341.46743618	
341.47300961	
341.47881338	
341.48419987	
341.48969171	
341.49490692	
341.50047131	
341.50626595	
341.51129407	
341.51652162	
341.52264307	
341.52887465	
341.53445705	
341.53968226	
341.54463850	
341.54960886	
341.55496243	
341.56014507	
341.56557384	
341.57176089	
341.57796750	
341.58347771	
341.58832249	
