325.42454914	
325.42462906	
325.42411303	
325.42339083	
325.42308710	
325.42292980	
325.42223018	
325.42238599	
325.42197921	
325.42178778	
325.42222347	
325.42240177	
325.42273717	
325.42210216	
325.42226559	
325.42205580	
325.42154712	
325.42141199	
325.42142559	
325.42094922	
325.42011576	
325.42044200	
325.42028706	
325.42009516	
325.41953603	
325.41912443	
325.41873273	
325.41870745	
325.41836178	
325.41809815	
325.41792633	
325.41773132	
325.41784225	
325.41708679	
325.41697614	
325.41672575	
325.41637726	
325.41612630	
325.41556693	
325.41503333	
325.41446569	
325.41377443	
325.41363164	
325.41351075	
325.41299044	
325.41301015	
325.41285051	
325.41241179	
325.41184058	
325.41111400	
325.41090279	
325.41091814	
325.41101338	
325.41122250	
325.41131103	
325.41157533	
325.41178553	
325.41170983	
325.41145184	
325.41127172	
325.41147792	
325.41155389	
325.41188574	
325.41217416	
325.41207269	
325.41161241	
325.41153943	
325.41137769	
325.41061477	
325.40990693	
325.41004617	
325.40998677	
325.40936576	
325.40942670	
325.40940560	
325.40938279	
325.40909742	
325.40840454	
325.40842580	
325.40833164	
325.40838197	
325.40879266	
325.40858226	
325.40816989	
325.40790644	
325.40795499	
325.40739011	
325.40664925	
325.40659817	
325.40684016	
325.40675873	
325.40627239	
325.40646218	
325.40649918	
325.40644877	
325.40680048	
325.40623857	
325.40621383	
325.40658332	
325.40676051	
325.40673323	
325.40613228	
325.40567659	
325.40584461	
325.40613683	
325.40632752	
325.40589729	
325.40520250	
325.40505103	
325.40486835	
325.40506587	
325.40453691	
325.40400893	
325.40350435	
325.40336214	
325.40378654	
325.40366467	
325.40351710	
325.40360580	
325.40346223	
325.40274390	
325.40225487	
325.40165133	
325.40110136	
325.40072528	
325.40042634	
325.39986789	
325.39907597	
325.39922579	
325.39928256	
325.39920828	
325.39904107	
325.39837065	
325.39768064	
325.39765883	
325.39741151	
325.39660304	
325.39643235	
325.39651939	
325.39616836	
325.39547928	
325.39483982	
325.39421293	
325.39425560	
325.39439518	
325.39427123	
325.39435243	
325.39404383	
325.39362060	
325.39355667	
325.39299611	
325.39262223	
325.39287881	
325.39289214	
325.39310554	
325.39314622	
325.39327774	
325.39369985	
325.39356136	
325.39320573	
325.39303525	
325.39322279	
325.39298314	
325.39299655	
325.39275632	
325.39196734	
325.39144339	
325.39155110	
325.39176114	
325.39135832	
325.39131460	
325.39125267	
325.39131995	
325.39154211	
325.39104445	
325.39050730	
325.39059611	
325.39020200	
325.38963450	
325.38964728	
325.38936298	
325.38917671	
325.38953938	
325.38963573	
325.38970717	
325.38968822	
325.38928001	
325.38930473	
325.38960932	
325.38983583	
325.38968843	
325.38896640	
325.38836100	
325.38844552	
325.38820319	
325.38804701	
325.38805702	
325.38734810	
325.38743602	
325.38737193	
325.38677564	
325.38691598	
325.38660893	
325.38619523	
325.38583898	
325.38527588	
325.38478087	
325.38423585	
325.38448824	
325.38453261	
325.38421064	
325.38441138	
325.38399308	
325.38352367	
325.38335427	
325.38330778	
325.38370455	
325.38361730	
325.38377030	
325.38403878	
325.38395052	
325.38361358	
325.38306282	
325.38260282	
325.38242024	
325.38227011	
325.38199932	
325.38139642	
325.38121409	
325.38167573	
325.38141161	
325.38106690	
325.38108244	
325.38076653	
325.38044238	
325.38039408	
325.38011836	
325.37948248	
325.37922049	
325.37898440	
325.37867409	
325.37904391	
325.37941280	
325.37892260	
325.37870249	
325.37833323	
325.37777972	
325.37731987	
325.37690222	
325.37694208	
325.37702035	
325.37674117	
325.37642740	
325.37644211	
325.37577460	
325.37522814	
325.37475730	
325.37452532	
325.37406897	
325.37367317	
325.37363939	
325.37316718	
325.37336072	
325.37330792	
325.37333208	
325.37368579	
325.37348354	
325.37326271	
325.37285381	
325.37243788	
325.37214425	
325.37182896	
325.37120701	
325.37107965	
325.37128718	
325.37090200	
325.37087766	
325.37066374	
325.37032184	
325.37022912	
325.37023126	
325.37049958	
325.37035932	
325.36993196	
325.36946697	
325.36916461	
325.36855055	
325.36801817	
325.36756726	
325.36735383	
325.36682392	
325.36597826	
325.36552711	
325.36514693	
325.36533303	
325.36494967	
325.36425633	
325.36386266	
325.36325151	
325.36329462	
325.36292105	
325.36228944	
325.36254576	
325.36202600	
325.36138027	
325.36122084	
325.36084638	
325.36087269	
325.36087923	
325.36085071	
325.36078312	
325.36060318	
325.36009976	
325.36019314	
325.36063762	
325.36033764	
325.36027708	
325.36032099	
325.35998292	
325.35984443	
325.35959826	
325.35967098	
325.35948543	
325.35901311	
325.35931565	
325.35898031	
325.35846387	
325.35805527	
325.35792215	
325.35757715	
325.35717354	
325.35666533	
325.35612949	
325.35598421	
325.35619992	
325.35592509	
325.35602690	
325.35579091	
325.35525131	
325.35517321	
325.35479948	
325.35447353	
325.35375035	
325.35394950	
325.35387149	
325.35351001	
325.35317212	
325.35323075	
325.35329575	
325.35313446	
325.35329186	
325.35322203	
325.35359063	
325.35361211	
325.35326734	
325.35334919	
325.35362972	
325.35316098	
325.35249089	
325.35225693	
325.35252110	
325.35218899	
325.35212562	
325.35194059	
325.35131329	
325.35158373	
325.35144535	
325.35142703	
325.35103505	
325.35033094	
325.35000338	
325.34996909	
325.35015622	
325.34982106	
325.34968632	
325.34950136	
325.34897538	
325.34893422	
325.34863487	
325.34821644	
325.34767463	
325.34762792	
325.34730004	
325.34700356	
325.34688234	
325.34652595	
325.34628799	
325.34624438	
325.34650062	
325.34612559	
325.34596227	
325.34572956	
325.34562387	
325.34526103	
325.34482155	
325.34483309	
325.34497786	
325.34489476	
325.34449829	
325.34416479	
325.34365405	
325.34359203	
325.34372633	
325.34358643	
325.34313254	
325.34274784	
325.34274009	
325.34268802	
325.34282604	
325.34284895	
325.34236978	
325.34260704	
325.34275630	
325.34279211	
325.34270206	
325.34280501	
325.34251425	
325.34185040	
325.34171687	
325.34158793	
325.34124197	
325.34098451	
325.34076301	
325.34080628	
325.34098662	
325.34057326	
325.34026126	
325.33982281	
325.33985680	
325.34004503	
325.33964305	
325.33985543	
325.33957739	
325.33947832	
325.33967558	
325.33926419	
325.33912333	
325.33876282	
325.33850981	
325.33817516	
325.33844324	
325.33814267	
325.33772070	
325.33778813	
325.33754721	
325.33774323	
325.33731959	
325.33650629	
325.33651658	
325.33632221	
325.33600243	
325.33554891	
325.33572959	
325.33623974	
325.33571968	
325.33567975	
325.33577167	
325.33544241	
325.33516440	
325.33521470	
325.33561018	
325.33550220	
325.33548273	
325.33562086	
325.33562229	
325.33554443	
325.33518626	
325.33493969	
325.33464492	
325.33441397	
325.33387345	
325.33361112	
325.33328255	
325.33255981	
325.33279314	
325.33278612	
325.33223919	
325.33181499	
325.33192613	
325.33177227	
325.33111910	
325.33050965	
325.33020919	
325.33024557	
325.32973065	
325.32963936	
325.32987619	
325.32997280	
325.33034198	
325.33058957	
325.33065485	
325.33012104	
325.32999562	
325.33004314	
325.32964670	
325.32935564	
325.32888154	
325.32845266	
325.32861087	
325.32824424	
325.32744112	
325.32688113	
325.32691375	
325.32740934	
325.32747048	
325.32758774	
325.32794592	
325.32788879	
325.32768336	
325.32773204	
325.32714206	
325.32673744	
325.32628116	
325.32576391	
325.32530253	
325.32534760	
325.32564989	
325.32532647	
325.32540454	
325.32566131	
325.32570988	
325.32605727	
325.32632075	
325.32645657	
325.32614920	
325.32557753	
325.32551647	
325.32578333	
325.32609097	
325.32593232	
325.32572607	
325.32561878	
325.32571616	
325.32599674	
325.32612910	
325.32597990	
325.32563640	
325.32523909	
325.32495688	
325.32510875	
325.32499550	
325.32508005	
325.32479605	
325.32451276	
325.32414442	
325.32405275	
325.32407849	
325.32340664	
325.32298971	
325.32304156	
325.32316401	
325.32322193	
325.32312867	
325.32331239	
325.32352834	
325.32283140	
325.32217811	
325.32150637	
325.32152267	
325.32144737	
325.32094523	
325.32056871	
325.32066089	
325.32045161	
325.32047340	
325.32086394	
325.32085903	
325.32123581	
325.32124527	
325.32128906	
325.32108113	
325.32074588	
325.32102796	
325.32056027	
325.32022971	
325.32021874	
325.31956078	
325.31905786	
325.31901906	
325.31890659	
325.31906711	
325.31878663	
325.31861183	
325.31877336	
325.31850769	
325.31859516	
325.31852300	
325.31835404	
325.31841866	
325.31873284	
325.31825714	
325.31838544	
325.31874428	
325.31866776	
325.31907803	
325.31904189	
325.31919527	
325.31894256	
325.31868151	
325.31854513	
325.31832469	
325.31865338	
325.31836303	
325.31833773	
325.31794737	
325.31787472	
325.31771727	
325.31752220	
325.31779329	
325.31788045	
325.31803631	
325.31748793	
325.31721274	
325.31743414	
325.31723245	
325.31667168	
325.31687125	
325.31709257	
325.31678106	
325.31632164	
325.31572413	
325.31577765	
325.31602731	
325.31594647	
325.31573124	
325.31541162	
325.31515586	
325.31447664	
325.31413250	
325.31422645	
325.31368868	
325.31358395	
325.31319798	
325.31261168	
325.31230880	
325.31218803	
325.31209163	
325.31211145	
325.31207392	
325.31209458	
325.31197609	
325.31195079	
325.31207436	
325.31150644	
325.31145130	
325.31138870	
325.31144928	
325.31142692	
325.31098057	
325.31088205	
325.31046058	
325.30967384	
325.31000185	
325.30976349	
325.30966267	
325.30968564	
325.30964858	
325.31014541	
325.31043878	
325.31077115	
325.31058932	
325.31085180	
325.31125380	
325.31153062	
325.31160282	
325.31120051	
325.31105655	
325.31116051	
325.31085841	
325.31022760	
325.30961929	
325.30936906	
325.30968074	
325.30924122	
325.30930999	
325.30906334	
325.30839464	
325.30813937	
325.30824480	
325.30855432	
325.30855895	
325.30862499	
325.30835606	
325.30787957	
325.30770218	
325.30793685	
325.30743802	
325.30729484	
325.30710189	
325.30695099	
325.30740910	
325.30766912	
325.30795864	
325.30759344	
325.30737857	
325.30696013	
325.30632400	
325.30669783	
325.30711720	
325.30739952	
325.30727682	
325.30751779	
325.30724016	
325.30669193	
325.30633637	
325.30581820	
325.30604641	
325.30631431	
325.30629673	
325.30582826	
325.30609499	
325.30636877	
325.30609949	
325.30605642	
325.30573111	
325.30531190	
325.30475675	
325.30442641	
325.30450325	
325.30425367	
325.30446391	
325.30454081	
325.30397832	
325.30358931	
325.30377941	
325.30405735	
325.30400249	
325.30364773	
325.30358630	
325.30338495	
325.30325255	
325.30343352	
325.30340715	
325.30291134	
325.30249958	
325.30206614	
325.30157224	
325.30193667	
325.30200169	
325.30232122	
325.30252250	
325.30272214	
325.30310980	
325.30308388	
325.30334999	
325.30323645	
325.30260062	
325.30266503	
325.30303395	
325.30283875	
325.30235960	
325.30248014	
325.30226894	
325.30196445	
325.30206012	
325.30229700	
325.30261776	
325.30234904	
325.30203269	
325.30182452	
325.30168923	
325.30189683	
325.30167680	
325.30105046	
325.30135566	
325.30102786	
325.30083989	
325.30081847	
325.30048868	
325.30017439	
325.29956082	
325.29948101	
325.29894337	
325.29836268	
325.29811652	
325.29793890	
325.29770742	
325.29765482	
325.29769336	
325.29748161	
325.29739926	
325.29700270	
325.29666729	
325.29635078	
325.29625562	
325.29591346	
325.29594990	
325.29570229	
325.29490764	
325.29524949	
325.29484773	
325.29486662	
325.29516803	
325.29460993	
325.29471491	
325.29509000	
325.29499964	
325.29474208	
325.29464129	
325.29411940	
325.29350708	
325.29303610	
325.29296572	
325.29263327	
325.29206546	
325.29164518	
325.29114401	
325.29104968	
325.29119046	
325.29127739	
325.29065629	
325.29051409	
325.29081418	
325.29081329	
325.29106451	
325.29144990	
325.29092737	
325.29099882	
325.29146747	
325.29149067	
325.29139724	
325.29134163	
325.29094856	
325.29069285	
325.29030094	
325.28981980	
325.28993264	
325.28930669	
325.28909232	
325.28883397	
325.28863666	
325.28895724	
325.28905234	
325.28903273	
325.28916448	
325.28952058	
325.28990112	
325.28951726	
325.28890016	
325.28909661	
325.28928120	
325.28912730	
325.28942719	
325.28919473	
325.28889298	
325.28910985	
325.28856940	
325.28797122	
325.28825566	
325.28783042	
325.28775508	
325.28759693	
325.28716352	
325.28692451	
325.28641678	
325.28675707	
325.28706329	
325.28719119	
325.28703244	
325.28669082	
325.28646078	
325.28638827	
325.28589191	
325.28578830	
325.28619408	
325.28578222	
325.28541667	
325.28543337	
325.28571771	
325.28612737	
325.28611165	
325.28618728	
325.28594784	
325.28539900	
325.28510463	
325.28517057	
325.28526838	
325.28553610	
325.28546070	
325.28498625	
325.28507787	
325.28495942	
325.28483219	
325.28466192	
325.28422447	
325.28380973	
325.28396634	
325.28442511	
325.28413571	
325.28416844	
325.28428961	
325.28439232	
325.28479976	
325.28435467	
325.28418494	
325.28395278	
325.28365950	
325.28334056	
325.28263208	
325.28227830	
325.28192132	
325.28159187	
325.28095648	
325.28052433	
325.28044090	
325.28015689	
325.28018901	
325.28063738	
325.28054845	
325.28061451	
325.28034632	
325.28013903	
325.27994683	
325.28003452	
325.27989634	
325.27980051	
325.28028335	
325.28043777	
325.28058321	
325.28083748	
325.28042947	
325.27972976	
325.27987260	
325.27952148	
325.27950532	
325.27929827	
325.27886603	
325.27878343	
325.27883181	
325.27907874	
325.27914603	
325.27925669	
325.27895973	
325.27878327	
325.27909007	
325.27938887	
325.27972467	
325.27962158	
325.27975372	
325.27979837	
325.27933693	
325.27892235	
325.27889904	
325.27895585	
325.27845200	
325.27871366	
325.27864242	
325.27823621	
325.27823112	
325.27799510	
325.27779110	
325.27738216	
325.27707749	
325.27683135	
325.27685825	
325.27724859	
325.27739008	
325.27739196	
325.27721869	
325.27689729	
325.27666939	
325.27697804	
325.27688638	
325.27630719	
325.27577563	
325.27522614	
325.27492588	
325.27500474	
325.27506814	
325.27517125	
325.27557193	
325.27535992	
325.27517300	
325.27507127	
325.27532905	
325.27548145	
325.27538093	
325.27487331	
325.27486235	
325.27523395	
325.27516822	
325.27529073	
325.27553370	
325.27519632	
325.27474177	
325.27469323	
325.27405571	
325.27398328	
325.27439601	
325.27480249	
325.27517843	
325.27535703	
325.27492886	
325.27460222	
325.27485954	
325.27478075	
325.27434627	
325.27369640	
325.27354176	
325.27331667	
325.27296098	
325.27282045	
325.27269265	
325.27221861	
325.27228029	
325.27193355	
325.27196766	
325.27190785	
325.27143055	
325.27115060	
325.27035419	
325.27066759	
325.27091708	
325.27073231	
325.27081052	
325.27122389	
325.27137828	
325.27118221	
325.27107973	
325.27119836	
325.27128302	
325.27117693	
325.27130719	
325.27148162	
325.27097533	
325.27092851	
325.27055564	
325.27064519	
325.27065450	
325.26988807	
325.27000725	
325.27022834	
325.27053946	
325.27015930	
325.27018494	
325.27049237	
325.26997143	
325.26989567	
325.27011122	
325.27028900	
325.27009791	
325.26954216	
325.26968763	
325.26965260	
325.26956315	
325.26996824	
325.26989728	
325.26931471	
325.26928125	
325.26965898	
325.26957776	
325.26983847	
325.26967711	
325.26939755	
325.26888554	
325.26817970	
325.26784193	
325.26809237	
325.26837432	
325.26806270	
325.26772260	
325.26771176	
325.26796106	
325.26799792	
325.26766665	
325.26744736	
325.26713016	
325.26722053	
325.26718462	
325.26664363	
325.26624472	
325.26633418	
325.26638196	
325.26635305	
325.26623908	
325.26586690	
325.26554038	
325.26536823	
325.26550607	
325.26563933	
325.26558487	
325.26516634	
325.26515275	
325.26516065	
325.26498579	
325.26498770	
325.26477435	
325.26413697	
325.26354803	
325.26320349	
325.26309313	
325.26264458	
325.26285133	
325.26295176	
325.26277615	
325.26257176	
325.26205293	
325.26237746	
325.26241318	
325.26240694	
325.26247374	
325.26211228	
325.26232685	
325.26190302	
325.26163831	
325.26165004	
325.26095397	
325.26084740	
325.26064472	
325.26027848	
325.26006454	
325.26014727	
325.26003719	
325.25942092	
325.25948716	
325.25978740	
325.25978456	
325.25926760	
325.25888257	
325.25901204	
325.25911541	
325.25927911	
325.25939690	
325.25911276	
325.25884219	
325.25873673	
325.25899752	
325.25875055	
325.25825189	
325.25835618	
325.25868183	
325.25913026	
325.25953585	
325.25946966	
325.25924391	
325.25961271	
325.25934328	
325.25905188	
325.25947540	
325.25905024	
325.25855068	
325.25815677	
325.25745965	
325.25712562	
325.25739112	
325.25720299	
325.25687233	
325.25727381	
325.25743228	
325.25773048	
325.25801550	
325.25749445	
325.25673920	
325.25677523	
325.25631430	
325.25565095	
325.25512011	
325.25506527	
325.25518643	
325.25526744	
325.25546804	
325.25530430	
325.25500619	
325.25498007	
325.25467495	
325.25425893	
325.25442612	
325.25389588	
325.25379126	
325.25408063	
325.25403036	
325.25402507	
325.25390626	
325.25357466	
325.25374323	
325.25419271	
325.25370795	
325.25349153	
325.25367668	
325.25387153	
325.25423863	
325.25428886	
325.25387897	
325.25336713	
325.25326306	
325.25329225	
325.25333788	
325.25343976	
325.25308845	
325.25309003	
325.25273940	
325.25251742	
325.25217023	
325.25153870	
325.25152213	
325.25157373	
325.25170761	
325.25147551	
325.25173083	
325.25137778	
325.25117954	
325.25093243	
325.25069999	
325.25063822	
325.25021574	
325.25008378	
325.25020774	
325.24991294	
325.24949189	
325.24964226	
325.24962634	
325.24920840	
325.24861805	
325.24813304	
325.24823734	
325.24820117	
325.24781161	
325.24798171	
325.24834200	
325.24833295	
325.24810756	
325.24786003	
325.24813117	
325.24800892	
325.24804360	
325.24812829	
325.24740719	
325.24717652	
325.24663872	
325.24688841	
325.24691098	
325.24691115	
325.24710994	
325.24668710	
325.24633408	
325.24587006	
325.24574491	
325.24562742	
325.24583841	
325.24596346	
325.24543255	
325.24572031	
325.24622835	
325.24643144	
325.24679819	
325.24671322	
325.24620496	
325.24627096	
325.24616941	
325.24636831	
325.24689592	
325.24676981	
325.24677773	
325.24659965	
325.24669107	
325.24640355	
325.24595883	
325.24566437	
325.24587798	
325.24583149	
325.24554340	
325.24582554	
325.24578854	
325.24597053	
325.24617581	
325.24603305	
325.24552135	
325.24524561	
325.24550826	
325.24554108	
325.24580344	
325.24615142	
325.24577065	
325.24577604	
325.24599185	
325.24585615	
325.24579467	
325.24525142	
325.24476604	
325.24478800	
325.24510095	
325.24476129	
325.24471176	
325.24474696	
325.24439482	
325.24431077	
325.24423669	
325.24387908	
325.24316057	
325.24339121	
325.24328313	
325.24352131	
325.24405873	
325.24421795	
325.24428705	
325.24441130	
325.24478993	
325.24495235	
325.24467807	
325.24475326	
325.24463605	
325.24401740	
325.24419098	
325.24406865	
325.24366843	
325.24377949	
325.24374553	
325.24326463	
325.24337379	
325.24334817	
325.24306107	
325.24261272	
325.24209724	
325.24218220	
325.24195111	
325.24149863	
325.24094933	
325.24109981	
325.24159498	
325.24162195	
325.24159964	
325.24108693	
325.24040015	
325.23993435	
325.23978844	
325.23961540	
325.23939965	
325.23946086	
325.23927937	
325.23880892	
325.23821923	
325.23827874	
325.23879786	
325.23829016	
325.23761091	
325.23706783	
325.23684285	
325.23718841	
325.23677310	
325.23655768	
325.23646944	
325.23639687	
325.23652212	
325.23642537	
325.23594873	
325.23611195	
325.23642071	
325.23629968	
325.23650456	
325.23658584	
325.23678301	
325.23661377	
325.23677550	
325.23685999	
325.23622916	
325.23586707	
325.23593965	
325.23548645	
325.23496220	
325.23451340	
325.23419590	
325.23407374	
325.23376260	
325.23337006	
325.23288190	
325.23241624	
325.23221192	
325.23209310	
325.23226092	
325.23239066	
325.23263010	
325.23295294	
325.23261476	
325.23282580	
325.23313307	
325.23283547	
325.23297214	
325.23260200	
325.23206531	
325.23227633	
325.23235453	
325.23185418	
325.23122197	
325.23076941	
325.23067963	
325.23086410	
325.23110304	
325.23098609	
325.23113148	
325.23150516	
325.23163143	
325.23123480	
325.23110600	
325.23165451	
325.23142055	
325.23129984	
325.23109632	
325.23128054	
325.23127990	
325.23082030	
325.23100129	
325.23071905	
325.23057688	
325.23058900	
325.23048999	
325.23057150	
325.23069956	
325.23088749	
325.23085545	
325.23116140	
325.23083777	
325.23036887	
325.23031066	
325.23001152	
325.22945325	
325.22929272	
325.22913669	
325.22905749	
325.22907355	
325.22903557	
325.22943620	
325.22943154	
325.22976648	
325.22963699	
325.22956342	
325.23014629	
325.23033001	
325.23046453	
325.22998727	
325.22994934	
325.22989495	
325.22942995	
325.22943305	
325.22965745	
325.22946861	
325.22965068	
325.22985744	
325.22970804	
325.22960240	
325.22897726	
325.22847057	
325.22785931	
325.22778722	
325.22780683	
325.22798147	
325.22783647	
325.22744922	
325.22737415	
325.22766370	
325.22771205	
325.22715496	
325.22683162	
325.22667418	
325.22694665	
325.22690144	
325.22697760	
325.22698111	
325.22697584	
325.22703948	
325.22659551	
325.22606192	
325.22596300	
325.22604265	
325.22570320	
325.22513056	
325.22474423	
325.22464870	
325.22491668	
325.22507318	
325.22532635	
325.22514283	
325.22521671	
325.22572395	
325.22604900	
325.22607710	
325.22548892	
325.22545105	
325.22578938	
325.22615852	
325.22617604	
325.22583002	
325.22596428	
325.22618863	
325.22623347	
325.22643225	
325.22619562	
325.22643641	
325.22634672	
325.22632314	
325.22667939	
325.22626594	
325.22569916	
325.22536042	
325.22538196	
325.22515609	
325.22455469	
325.22461966	
325.22446712	
325.22385170	
325.22385664	
325.22363464	
325.22385480	
325.22436558	
325.22433615	
325.22456377	
325.22499278	
325.22518659	
325.22509143	
325.22511929	
325.22508906	
325.22466646	
325.22475709	
325.22479280	
325.22443081	
325.22395798	
325.22419729	
325.22448808	
325.22386043	
325.22398346	
325.22357199	
325.22360739	
325.22418931	
325.22410889	
325.22445905	
325.22477413	
325.22447114	
325.22444509	
325.22445546	
325.22459662	
325.22440399	
325.22412815	
325.22460562	
325.22443549	
325.22401789	
325.22428683	
325.22443710	
325.22447059	
325.22490057	
325.22442106	
325.22401082	
325.22369463	
325.22357690	
325.22403621	
325.22438238	
325.22459092	
325.22427023	
325.22361522	
325.22362325	
325.22379453	
325.22339785	
325.22332611	
325.22357809	
325.22398830	
325.22396048	
325.22419226	
325.22450816	
325.22467058	
325.22436200	
325.22428508	
325.22427420	
325.22368575	
325.22338141	
325.22316600	
325.22281426	
325.22277892	
325.22306011	
325.22305836	
325.22296681	
325.22324019	
325.22348394	
325.22322197	
325.22276567	
325.22256206	
325.22220111	
325.22199211	
325.22239429	
325.22238793	
325.22253685	
325.22233064	
325.22261561	
325.22238646	
325.22193490	
325.22207826	
325.22208650	
325.22225779	
325.22223607	
325.22260739	
325.22231668	
325.22222270	
325.22211141	
325.22174132	
325.22187942	
325.22151581	
325.22128101	
325.22081121	
325.22028839	
325.22004938	
325.21998248	
325.21979562	
325.21975735	
325.21981252	
325.21987922	
325.21957577	
325.21939219	
325.21909101	
325.21837223	
325.21833265	
325.21826823	
325.21809808	
325.21808671	
325.21796689	
325.21777143	
325.21794749	
325.21781743	
325.21725575	
325.21727753	
325.21717473	
325.21672989	
325.21682974	
325.21669264	
325.21696744	
325.21754022	
325.21751353	
325.21717839	
325.21667817	
325.21652768	
325.21686847	
325.21683941	
325.21663049	
325.21637839	
325.21592362	
325.21611812	
325.21581227	
325.21552622	
325.21515983	
325.21463740	
325.21466589	
325.21498469	
325.21467164	
325.21470136	
325.21458353	
325.21427897	
325.21395262	
325.21335964	
325.21317842	
325.21274846	
325.21242106	
325.21266216	
325.21237171	
325.21170445	
325.21186594	
325.21134501	
325.21094808	
325.21114545	
325.21149407	
325.21115018	
325.21112390	
325.21076733	
325.21080189	
325.21136048	
325.21111344	
325.21113184	
325.21094575	
325.21085771	
325.21044890	
325.20981369	
325.20954082	
325.20903402	
325.20890400	
325.20886727	
325.20862576	
325.20896940	
325.20897380	
325.20841169	
325.20805685	
325.20766858	
325.20758947	
325.20764747	
325.20702694	
325.20691134	
325.20682855	
325.20706808	
325.20739626	
325.20715854	
325.20717807	
325.20709177	
325.20659371	
325.20624409	
325.20612473	
325.20584965	
325.20570528	
325.20596200	
325.20623513	
325.20611687	
325.20638165	
325.20634095	
325.20612559	
325.20598030	
325.20587810	
325.20585738	
325.20538351	
325.20520791	
325.20535133	
325.20540643	
325.20547055	
325.20525941	
325.20543143	
325.20540827	
325.20552881	
325.20590387	
325.20569662	
325.20584744	
325.20601971	
325.20624169	
325.20588922	
325.20535034	
325.20553922	
325.20529333	
325.20526805	
325.20571601	
325.20549770	
325.20543702	
325.20523246	
325.20503995	
325.20461885	
325.20414169	
325.20417126	
325.20371735	
325.20385569	
325.20353751	
325.20341630	
325.20357758	
325.20317054	
325.20299597	
325.20319016	
325.20284202	
325.20256721	
325.20253139	
325.20237249	
325.20260610	
325.20225494	
325.20251246	
325.20247025	
325.20227474	
325.20276459	
325.20305251	
325.20317038	
325.20327689	
325.20278996	
325.20247483	
325.20222100	
325.20228692	
325.20215858	
325.20200248	
325.20222636	
325.20187748	
325.20151401	
325.20146578	
325.20125991	
325.20093112	
325.20092513	
325.20095150	
325.20067713	
325.20062698	
325.20054116	
325.20039001	
325.20081807	
325.20056721	
325.20075008	
325.20124985	
325.20162360	
325.20151496	
325.20100966	
325.20065965	
325.20057266	
325.20033141	
325.20044522	
325.20089587	
325.20067540	
325.20071194	
325.20087313	
325.20104620	
325.20055846	
325.20000520	
325.20002378	
325.19964632	
325.19899869	
325.19867143	
325.19827203	
325.19793609	
325.19810448	
325.19846795	
325.19845890	
325.19817048	
325.19844336	
325.19807999	
325.19786050	
325.19842071	
325.19848501	
325.19832908	
325.19852831	
325.19865859	
325.19873532	
325.19844024	
325.19796920	
325.19762960	
325.19769883	
325.19736628	
325.19715040	
325.19730790	
325.19741162	
325.19746253	
325.19696551	
325.19650128	
325.19616145	
325.19584423	
325.19554179	
325.19568527	
325.19559739	
325.19518121	
325.19458191	
325.19451762	
325.19462042	
325.19443731	
325.19420634	
325.19380687	
325.19403648	
325.19394009	
325.19378282	
325.19401372	
325.19410144	
325.19422516	
325.19392259	
325.19403738	
325.19363356	
325.19341054	
325.19316206	
325.19297452	
325.19312202	
325.19270160	
325.19238051	
325.19202550	
325.19232798	
325.19279593	
325.19251144	
325.19254198	
325.19260230	
325.19282952	
325.19295067	
325.19257489	
325.19243459	
325.19271196	
325.19251195	
325.19250557	
325.19258731	
325.19252500	
325.19256559	
325.19186911	
325.19213510	
325.19220596	
325.19163907	
325.19197363	
325.19247073	
325.19287489	
325.19333166	
325.19327195	
325.19323869	
325.19312681	
325.19319767	
325.19330172	
325.19303113	
325.19260226	
325.19225609	
325.19203286	
325.19233793	
325.19244633	
325.19227772	
325.19198490	
325.19169972	
325.19179086	
325.19141468	
325.19097991	
325.19092973	
325.19070782	
325.19003756	
325.19004227	
325.19019240	
325.19018544	
325.19028112	
325.19007713	
325.19041130	
325.19028996	
325.19047456	
325.19076300	
325.19072551	
325.19109408	
325.19131498	
325.19158954	
325.19130443	
325.19081658	
325.19112593	
325.19118778	
325.19104368	
325.19070424	
325.19001727	
325.19011366	
325.19025979	
325.18984909	
325.18917008	
325.18879690	
325.18844855	
325.18821293	
325.18826807	
325.18783170	
325.18733703	
325.18721132	
325.18669178	
325.18624669	
325.18620487	
325.18661301	
325.18668614	
325.18668022	
325.18669185	
325.18690438	
325.18670444	
325.18636069	
325.18647192	
325.18607176	
325.18640227	
325.18622554	
325.18602543	
325.18630706	
325.18582254	
325.18596105	
325.18613371	
325.18590102	
325.18583891	
325.18529112	
325.18482825	
325.18450521	
325.18463000	
325.18425994	
325.18422445	
325.18451414	
325.18423603	
325.18429584	
325.18463640	
325.18432086	
325.18369578	
325.18390871	
325.18384586	
325.18391705	
325.18378601	
325.18317726	
325.18280607	
325.18228828	
325.18247975	
325.18290111	
325.18308776	
325.18323792	
325.18342605	
325.18337114	
325.18297097	
325.18299211	
325.18290293	
325.18296328	
325.18298610	
325.18293272	
325.18247647	
325.18270274	
325.18256130	
325.18252985	
325.18239403	
325.18235107	
325.18301126	
325.18284414	
325.18233556	
325.18255410	
325.18305821	
325.18285956	
325.18259531	
325.18263132	
325.18278033	
325.18275271	
325.18235928	
325.18202497	
325.18219075	
325.18258542	
325.18271144	
325.18211408	
325.18226936	
325.18197440	
325.18184807	
325.18190685	
325.18186717	
325.18218463	
325.18215908	
325.18173761	
325.18161235	
325.18202346	
325.18159974	
325.18167969	
325.18173007	
325.18143611	
325.18136897	
325.18110363	
325.18089688	
325.18060839	
325.18037521	
325.18030967	
325.17996979	
325.17966187	
325.17948034	
325.17891223	
325.17915363	
325.17951486	
325.17911782	
325.17903474	
325.17873891	
325.17859898	
325.17859965	
325.17807333	
325.17806959	
325.17778727	
325.17733966	
325.17728819	
325.17704068	
325.17721746	
325.17681591	
325.17666510	
325.17707397	
325.17729352	
325.17732781	
325.17729879	
325.17722757	
325.17663746	
325.17626166	
325.17616191	
325.17630973	
325.17627974	
325.17585758	
325.17532935	
325.17561003	
325.17538804	
325.17524866	
325.17573805	
325.17562059	
325.17511418	
325.17534714	
325.17592644	
325.17537485	
325.17473498	
325.17448804	
325.17487849	
325.17488515	
325.17433345	
325.17390985	
325.17359741	
325.17334185	
325.17349779	
325.17371171	
325.17321611	
325.17257381	
325.17288739	
325.17320989	
325.17295624	
325.17317366	
325.17306502	
325.17271285	
325.17262067	
325.17253639	
325.17233138	
325.17246540	
325.17244820	
325.17208511	
325.17211246	
325.17221156	
325.17218199	
325.17175432	
325.17156018	
325.17132530	
325.17139439	
325.17159826	
325.17122398	
325.17074524	
325.17102856	
325.17085555	
325.17034923	
325.17042546	
325.17034391	
325.16989730	
325.16949942	
325.16942696	
325.16922776	
325.16883460	
325.16891979	
325.16949371	
325.16964441	
325.16991477	
325.16985223	
325.16969401	
325.16990577	
325.16958969	
325.16919453	
325.16881233	
325.16906857	
325.16964671	
325.16918151	
325.16927499	
325.16956882	
325.16964762	
325.16931278	
325.16913044	
325.16892383	
325.16894082	
325.16921835	
325.16909561	
325.16938185	
325.16954270	
325.16922648	
325.16869797	
325.16865676	
325.16850747	
325.16848379	
325.16841717	
325.16782645	
325.16800801	
325.16846807	
325.16807421	
325.16745989	
325.16684790	
325.16707466	
325.16748337	
325.16701146	
325.16646489	
325.16661135	
325.16709498	
325.16664041	
325.16671805	
325.16698181	
325.16706131	
325.16708028	
325.16719522	
325.16689329	
325.16615305	
325.16572206	
325.16580702	
325.16556040	
325.16552447	
325.16555313	
325.16557211	
325.16552922	
325.16517698	
325.16530763	
325.16517676	
325.16498169	
325.16518202	
325.16533438	
325.16545772	
325.16584101	
325.16596729	
325.16617446	
325.16595944	
325.16540874	
325.16510225	
325.16523839	
325.16515842	
325.16488846	
325.16468264	
325.16481578	
325.16480533	
325.16473643	
325.16466578	
325.16494645	
325.16468895	
325.16426693	
325.16443012	
325.16481373	
325.16486226	
325.16423431	
325.16382231	
325.16389421	
325.16377819	
325.16394731	
325.16427077	
325.16399964	
325.16369429	
325.16355150	
325.16341672	
325.16344349	
325.16366440	
325.16315917	
325.16340583	
325.16361293	
325.16322341	
325.16310854	
325.16318174	
325.16333382	
325.16325920	
325.16300935	
325.16294465	
325.16318612	
325.16343066	
325.16377023	
325.16411349	
325.16428140	
325.16387838	
325.16337370	
325.16350043	
325.16340022	
325.16341566	
325.16350352	
325.16296253	
325.16280750	
325.16302106	
325.16315738	
325.16314790	
325.16338917	
325.16345125	
325.16291075	
325.16259241	
325.16280522	
325.16310131	
325.16303160	
325.16299177	
325.16297325	
325.16296406	
325.16282887	
325.16235926	
325.16241790	
325.16221497	
325.16181373	
325.16134209	
325.16138602	
325.16104859	
325.16022811	
325.15988543	
325.15968525	
325.15950271	
325.15941714	
325.15952153	
325.15925047	
325.15882763	
325.15909151	
325.15887933	
325.15840761	
325.15860003	
325.15810225	
325.15793382	
325.15781517	
325.15803859	
325.15785893	
325.15767897	
325.15750490	
325.15731021	
325.15749282	
325.15695473	
325.15641673	
325.15622361	
325.15633477	
325.15625529	
325.15637291	
325.15656668	
325.15687606	
325.15652047	
325.15599365	
325.15627110	
325.15588813	
325.15583246	
325.15594203	
325.15611860	
325.15663549	
325.15693938	
325.15741269	
325.15753653	
325.15741643	
325.15778276	
325.15777286	
325.15745213	
325.15772077	
325.15783851	
325.15762776	
325.15720608	
325.15726973	
325.15687376	
325.15678162	
325.15675380	
325.15617220	
325.15627603	
325.15641129	
325.15635956	
325.15630175	
325.15618412	
325.15643423	
325.15668490	
325.15670559	
325.15679227	
325.15650247	
325.15613961	
325.15619666	
325.15657404	
325.15615196	
325.15552840	
325.15524758	
325.15480561	
325.15504251	
325.15513755	
325.15499489	
325.15506725	
325.15532479	
325.15526395	
325.15489012	
325.15507378	
325.15531489	
325.15552085	
325.15588691	
325.15613226	
325.15585499	
325.15541035	
325.15571214	
325.15539095	
325.15496033	
325.15522038	
325.15550094	
325.15604096	
325.15616488	
325.15658576	
325.15636854	
325.15577058	
325.15609447	
325.15647207	
325.15674941	
325.15663725	
325.15678198	
325.15654423	
325.15671892	
325.15702031	
325.15696589	
325.15703447	
325.15667104	
325.15704339	
325.15701550	
325.15710215	
325.15705246	
325.15650859	
325.15645332	
325.15609980	
325.15610830	
325.15647862	
325.15618018	
325.15576995	
325.15586553	
325.15607216	
325.15572652	
325.15554232	
325.15516047	
325.15469155	
325.15490340	
325.15474638	
325.15428294	
325.15372459	
325.15379472	
325.15389670	
325.15338895	
325.15374181	
325.15404560	
325.15347989	
325.15310610	
325.15336839	
325.15360444	
325.15365099	
325.15359877	
325.15327493	
325.15354510	
325.15389941	
325.15385522	
325.15430923	
325.15413333	
325.15404268	
325.15409396	
325.15410093	
325.15387205	
325.15358404	
325.15338891	
325.15336724	
325.15374879	
325.15383683	
325.15343039	
325.15320687	
325.15303307	
325.15259211	
325.15240961	
325.15185615	
325.15170476	
325.15166589	
325.15191689	
325.15209719	
325.15239598	
325.15269291	
325.15262840	
325.15250825	
325.15190809	
325.15174133	
325.15140585	
325.15158923	
325.15177681	
325.15143463	
325.15154884	
325.15194136	
325.15187338	
325.15179476	
325.15149173	
325.15159985	
325.15221842	
325.15240604	
325.15235920	
325.15253054	
325.15277575	
325.15265739	
325.15237167	
325.15193005	
325.15178043	
325.15153174	
325.15128621	
325.15153316	
325.15146027	
325.15124874	
325.15141888	
325.15120653	
325.15067404	
325.15092368	
325.15073788	
325.15020900	
325.15027715	
325.14969973	
325.14909625	
325.14887530	
325.14900024	
325.14902815	
325.14876864	
325.14859937	
325.14904728	
325.14871313	
325.14802041	
325.14762535	
325.14752699	
325.14716666	
325.14734817	
325.14768748	
325.14788557	
325.14827815	
325.14804533	
325.14759767	
325.14760486	
325.14724240	
325.14725860	
325.14766025	
325.14728667	
325.14751536	
325.14762055	
325.14764738	
325.14780161	
325.14797299	
325.14774512	
325.14752168	
325.14774115	
325.14788969	
325.14765355	
325.14752433	
325.14705051	
325.14656633	
325.14632887	
325.14620463	
325.14589532	
325.14547272	
325.14531497	
325.14491994	
325.14492035	
325.14536520	
325.14581781	
325.14628955	
325.14664548	
325.14635538	
325.14596628	
325.14604622	
325.14575409	
325.14552576	
325.14584615	
325.14559553	
325.14534260	
325.14550366	
325.14559972	
325.14566731	
325.14519293	
325.14494698	
325.14503259	
325.14450838	
325.14412266	
325.14359589	
325.14365457	
325.14418775	
325.14428515	
325.14393253	
325.14364149	
325.14398783	
325.14411244	
325.14451373	
325.14459407	
325.14408061	
325.14415157	
325.14378606	
325.14320962	
325.14338331	
325.14298542	
325.14278552	
325.14310408	
325.14347128	
325.14394301	
325.14344236	
325.14361525	
325.14350695	
325.14289808	
325.14267213	
325.14289284	
325.14261149	
325.14214924	
325.14264129	
325.14242086	
325.14211366	
325.14180176	
325.14147596	
325.14163022	
325.14182397	
325.14208393	
325.14255088	
325.14257759	
325.14273069	
325.14317500	
325.14298575	
325.14280318	
325.14237756	
325.14240037	
325.14302660	
325.14311126	
325.14282150	
325.14248981	
325.14244948	
325.14232345	
325.14178708	
325.14134876	
325.14154984	
325.14113664	
325.14101402	
325.14078011	
325.14073626	
325.14076746	
325.14055930	
325.14054324	
325.14028521	
325.13988357	
325.13999915	
325.14037217	
325.13978910	
325.13917331	
325.13938879	
325.13917797	
325.13856818	
325.13854030	
325.13819731	
325.13796316	
325.13813438	
325.13860974	
325.13838507	
325.13788703	
325.13741723	
325.13708634	
325.13707617	
325.13744972	
325.13743141	
325.13714416	
325.13673417	
325.13600468	
325.13611706	
325.13575736	
325.13542672	
325.13540741	
325.13570099	
325.13558595	
325.13489940	
325.13524604	
325.13528446	
325.13496175	
325.13454145	
325.13425481	
325.13401077	
325.13424362	
325.13478006	
325.13460221	
325.13441704	
325.13398691	
325.13335086	
325.13278892	
325.13246070	
325.13193085	
325.13140247	
325.13127971	
325.13139294	
325.13124908	
325.13087784	
325.13050928	
325.13064227	
325.13057394	
325.13028943	
325.12995659	
325.13002971	
325.13061223	
325.13008732	
325.12948370	
325.12986401	
325.12993376	
325.12985836	
325.12960794	
325.12914660	
325.12925655	
325.12877534	
325.12897053	
325.12890844	
325.12851821	
325.12820860	
325.12817749	
325.12875906	
325.12864428	
325.12839668	
325.12868813	
325.12858699	
325.12815930	
325.12810687	
325.12786516	
325.12738951	
325.12732844	
325.12776848	
325.12813350	
325.12855146	
325.12833230	
325.12835745	
325.12878997	
325.12918884	
325.12926313	
325.12921917	
325.12958451	
325.12950922	
325.12928640	
325.12914572	
325.12913377	
325.12873298	
325.12850135	
325.12845777	
325.12836590	
325.12874760	
325.12904077	
325.12872919	
325.12859697	
325.12832465	
325.12790056	
325.12761667	
325.12744873	
325.12747655	
325.12777656	
325.12828847	
325.12777330	
325.12747080	
325.12728874	
325.12699428	
325.12729133	
325.12696932	
325.12715451	
325.12741668	
325.12746751	
325.12793650	
325.12811118	
325.12859842	
325.12841112	
325.12795169	
325.12837476	
325.12875278	
325.12907681	
325.12868554	
325.12841831	
325.12854066	
325.12834961	
325.12814591	
325.12758203	
325.12780953	
325.12797144	
325.12757761	
325.12771902	
325.12752745	
325.12720903	
325.12677735	
325.12671293	
325.12674997	
325.12685783	
325.12722202	
325.12705926	
325.12692388	
325.12682953	
325.12672820	
325.12665537	
325.12698234	
325.12717380	
325.12682077	
325.12683672	
325.12699858	
325.12705295	
325.12733398	
325.12752740	
325.12731243	
325.12683034	
325.12629562	
325.12602268	
325.12586546	
325.12578553	
325.12538791	
325.12538482	
325.12511772	
325.12499283	
325.12497776	
325.12491728	
325.12536190	
325.12541807	
325.12551474	
325.12563654	
325.12529521	
325.12497581	
325.12551736	
325.12531054	
325.12489762	
325.12460566	
325.12495314	
325.12544003	
325.12539334	
325.12557457	
325.12555930	
325.12532574	
325.12528711	
325.12498972	
325.12507306	
325.12530866	
325.12518311	
325.12536912	
325.12493478	
325.12497331	
325.12515556	
325.12501373	
325.12476128	
325.12485909	
325.12534352	
325.12507170	
325.12475594	
325.12456134	
325.12465799	
325.12465615	
325.12496679	
325.12547964	
325.12509235	
325.12523557	
325.12496241	
325.12502209	
325.12571077	
325.12522313	
325.12520051	
325.12485777	
325.12491138	
325.12485259	
325.12433981	
325.12463457	
325.12473877	
325.12494651	
325.12491975	
325.12451021	
325.12421038	
325.12372384	
325.12397352	
325.12395128	
325.12363416	
325.12400866	
325.12362232	
325.12371811	
325.12383445	
325.12394354	
325.12379001	
325.12373232	
325.12396607	
325.12382987	
325.12396679	
325.12385914	
325.12427293	
325.12411546	
325.12409285	
325.12431181	
325.12377949	
325.12410820	
325.12411423	
325.12353906	
325.12392489	
325.12354488	
325.12356644	
325.12342253	
325.12278895	
325.12239679	
325.12198393	
325.12206303	
325.12207661	
325.12180732	
325.12146535	
325.12171571	
325.12216876	
325.12244769	
325.12249210	
325.12276873	
325.12260718	
325.12206298	
325.12226958	
325.12273366	
325.12290113	
325.12283999	
325.12256750	
325.12227448	
325.12183083	
325.12137132	
325.12138716	
325.12146994	
325.12185916	
325.12195469	
325.12198169	
325.12189624	
325.12161924	
325.12205496	
325.12210812	
325.12196153	
325.12184942	
325.12172699	
325.12168902	
325.12134543	
325.12133311	
325.12107219	
325.12129800	
325.12187180	
325.12203547	
325.12185381	
325.12200777	
325.12210218	
325.12225637	
325.12222224	
325.12232903	
325.12305437	
325.12246548	
325.12230138	
325.12215982	
325.12213216	
325.12210154	
325.12179506	
325.12169515	
325.12116831	
325.12111535	
325.12164174	
325.12183051	
325.12169550	
325.12202245	
325.12182253	
325.12160768	
325.12208663	
325.12160742	
325.12115175	
325.12096201	
325.12063784	
325.12072140	
325.12064668	
325.12040387	
325.12024601	
325.11985540	
325.11936753	
325.11938428	
325.11961062	
325.11911393	
325.11899199	
325.11876912	
325.11820854	
325.11773246	
325.11788606	
325.11776568	
325.11744251	
325.11762227	
325.11788850	
325.11809064	
325.11782715	
325.11786590	
325.11805077	
325.11808589	
325.11836221	
325.11815961	
325.11775149	
325.11823366	
325.11844359	
325.11827356	
325.11816398	
325.11819731	
325.11817987	
325.11772483	
325.11771041	
325.11823449	
325.11791395	
325.11730585	
325.11677076	
325.11692822	
325.11695879	
325.11672686	
325.11708337	
325.11668413	
325.11662274	
325.11628123	
325.11594201	
325.11646403	
325.11616338	
325.11619059	
325.11599551	
325.11572334	
325.11616824	
325.11576571	
325.11577347	
325.11635923	
325.11650632	
325.11613011	
325.11565743	
325.11587942	
325.11640167	
325.11649212	
325.11678635	
325.11687950	
325.11627420	
325.11618188	
325.11661208	
325.11625858	
325.11556760	
325.11505357	
325.11471122	
325.11511661	
325.11534079	
325.11505921	
325.11531601	
325.11507183	
325.11496193	
325.11546912	
325.11583438	
325.11639462	
325.11663874	
325.11710192	
325.11747846	
325.11740516	
325.11772755	
325.11746294	
325.11737384	
325.11726007	
325.11668847	
325.11705803	
325.11741555	
325.11782649	
325.11750081	
325.11699367	
325.11664795	
325.11659992	
325.11677282	
325.11690525	
325.11696799	
325.11731183	
325.11787569	
325.11762967	
325.11723395	
325.11735190	
325.11721084	
325.11709338	
325.11669714	
325.11652096	
325.11668668	
325.11606862	
325.11629184	
325.11600418	
325.11587816	
325.11623155	
325.11633479	
325.11658839	
325.11690487	
325.11670579	
325.11619265	
325.11640523	
325.11641163	
325.11647616	
325.11662018	
325.11625182	
325.11590690	
325.11612024	
325.11622568	
325.11575352	
325.11551381	
325.11566909	
325.11600651	
325.11644049	
325.11661638	
325.11688494	
325.11695069	
325.11688224	
325.11684400	
325.11699148	
325.11722097	
325.11751246	
325.11753843	
325.11765021	
325.11765515	
325.11749956	
325.11795620	
325.11786038	
325.11736632	
325.11707271	
325.11676667	
325.11671446	
325.11683709	
325.11678992	
325.11635904	
325.11652883	
325.11641042	
325.11589777	
325.11628480	
325.11602640	
325.11566133	
325.11540545	
325.11506680	
325.11486229	
325.11518918	
325.11563262	
325.11535686	
325.11486152	
325.11430173	
325.11460481	
325.11430211	
325.11371472	
325.11396110	
325.11345679	
325.11355052	
325.11408839	
325.11416330	
325.11456578	
325.11422703	
325.11412013	
325.11423390	
325.11391094	
325.11382678	
325.11336912	
325.11368905	
325.11423639	
325.11371414	
325.11313558	
325.11305307	
325.11333245	
325.11305966	
325.11257361	
325.11236328	
325.11267322	
325.11288455	
325.11319221	
325.11368408	
325.11384630	
325.11410612	
325.11392638	
325.11364916	
325.11313718	
325.11276165	
325.11290342	
325.11255791	
325.11204393	
325.11242713	
325.11293790	
325.11281558	
325.11251098	
325.11218109	
325.11189856	
325.11188678	
325.11207754	
325.11248419	
325.11243380	
325.11201957	
325.11209009	
325.11247055	
325.11206587	
325.11202426	
325.11205632	
325.11190172	
325.11162473	
325.11114489	
325.11109706	
325.11055443	
325.11088071	
325.11145083	
325.11148804	
325.11191115	
325.11199161	
325.11188630	
325.11172104	
325.11117530	
325.11145079	
325.11140544	
325.11099530	
325.11077863	
325.11015523	
325.10977423	
325.10932091	
325.10960863	
325.10966346	
325.10930587	
325.10914192	
325.10871341	
325.10875659	
325.10921564	
325.10973883	
325.11001162	
325.11010805	
325.10989704	
325.10967445	
325.10958465	
325.10992249	
325.11018805	
325.10995535	
325.10952421	
325.10977361	
325.11028264	
325.10988002	
325.10928106	
325.10872753	
325.10884412	
325.10906057	
325.10923854	
325.10967691	
325.11000901	
325.10989569	
325.10939303	
325.10882995	
325.10870941	
325.10850034	
325.10819715	
325.10863469	
325.10844052	
325.10854888	
325.10908108	
325.10913980	
325.10933996	
325.10924979	
325.10898019	
325.10921615	
325.10888719	
325.10833675	
325.10808932	
325.10771809	
325.10793456	
325.10824058	
325.10838424	
325.10834709	
325.10840540	
325.10804755	
325.10736022	
325.10698913	
325.10722681	
325.10711647	
325.10671511	
325.10690594	
325.10704367	
325.10661270	
325.10595383	
325.10573709	
325.10569236	
325.10603196	
325.10583729	
325.10539116	
325.10566456	
325.10609663	
325.10616190	
325.10646997	
325.10674890	
325.10709081	
325.10747922	
325.10772314	
325.10740364	
325.10669169	
325.10659373	
325.10648881	
325.10659468	
325.10625221	
325.10572575	
325.10564249	
325.10561324	
325.10514179	
325.10448228	
325.10463494	
325.10469488	
325.10493544	
325.10473444	
325.10452835	
325.10511998	
325.10476275	
325.10454526	
325.10427488	
325.10368435	
325.10382869	
325.10404740	
325.10423250	
325.10469470	
325.10439241	
325.10441541	
325.10472727	
325.10495339	
325.10555095	
325.10582704	
325.10634540	
325.10654481	
325.10605228	
325.10593754	
325.10590594	
325.10545511	
325.10515922	
325.10514412	
325.10554149	
325.10514921	
325.10485968	
325.10465328	
325.10414737	
325.10368361	
325.10354254	
325.10340394	
325.10364007	
325.10361960	
325.10302529	
325.10347289	
325.10328218	
325.10261871	
325.10281773	
325.10290860	
325.10323367	
325.10373907	
325.10407545	
325.10393391	
325.10385727	
325.10363184	
325.10313570	
325.10334164	
325.10361772	
325.10355628	
325.10325096	
325.10283820	
325.10290047	
325.10344247	
325.10341929	
325.10327472	
325.10365046	
325.10423324	
325.10452776	
325.10472602	
325.10490968	
325.10510049	
325.10540694	
325.10512204	
325.10485210	
325.10465128	
325.10469095	
325.10530187	
325.10482970	
325.10484144	
325.10514307	
325.10540597	
325.10578685	
325.10610005	
325.10641462	
325.10641569	
325.10638071	
325.10672911	
325.10646286	
325.10580248	
325.10532383	
325.10474054	
325.10506956	
325.10522043	
325.10542902	
325.10529416	
325.10509336	
325.10530205	
325.10474423	
325.10446842	
325.10440775	
325.10442596	
325.10412983	
325.10377517	
325.10393901	
325.10418878	
325.10453693	
325.10491317	
325.10476807	
325.10424499	
325.10430439	
325.10437807	
325.10398105	
325.10401690	
325.10454605	
325.10492123	
325.10519678	
325.10521069	
325.10483474	
325.10492641	
325.10549947	
325.10548774	
325.10520524	
325.10477900	
325.10466372	
325.10482851	
325.10475424	
325.10461259	
325.10440803	
325.10470635	
325.10475442	
325.10480939	
325.10490198	
325.10458816	
325.10493005	
325.10534990	
325.10508227	
325.10527265	
325.10577150	
325.10585622	
325.10544154	
325.10481169	
325.10502014	
325.10516066	
325.10510792	
325.10484102	
325.10480182	
325.10512868	
325.10481139	
325.10498355	
325.10516527	
325.10516810	
325.10475568	
325.10453966	
325.10486629	
325.10507909	
325.10475615	
325.10485874	
325.10490953	
325.10443565	
325.10453009	
325.10416890	
325.10450476	
325.10470627	
325.10424871	
325.10462598	
325.10439176	
325.10428556	
325.10431295	
325.10396630	
325.10421758	
325.10371565	
325.10336753	
325.10326130	
325.10354680	
325.10380559	
325.10371730	
325.10358858	
325.10390918	
325.10443073	
325.10405580	
325.10367656	
325.10321869	
325.10312823	
325.10322135	
325.10338359	
325.10329727	
325.10353322	
325.10341731	
325.10359305	
325.10393399	
325.10390196	
325.10448207	
325.10424708	
325.10393449	
325.10424004	
325.10432453	
325.10458275	
325.10478808	
325.10433664	
325.10386141	
325.10327265	
325.10316588	
325.10358161	
325.10341939	
325.10346824	
325.10320478	
325.10275003	
325.10257069	
325.10231675	
325.10224271	
325.10234143	
325.10259868	
325.10257560	
325.10295165	
325.10272518	
325.10246996	
325.10296374	
325.10298771	
325.10285152	
325.10283961	
325.10287482	
325.10253930	
325.10199697	
325.10230848	
325.10213388	
325.10185694	
325.10226318	
325.10219565	
325.10200320	
325.10215277	
325.10208482	
325.10245994	
325.10308261	
325.10320065	
325.10320289	
325.10350579	
325.10395390	
325.10347351	
325.10288504	
325.10250476	
325.10230762	
325.10217350	
325.10182906	
325.10181838	
325.10193819	
325.10210130	
325.10168318	
325.10187851	
325.10219937	
325.10207606	
325.10239561	
325.10234374	
325.10226040	
325.10229629	
325.10264894	
325.10230288	
325.10225819	
325.10240666	
325.10175749	
325.10193707	
325.10234477	
325.10240216	
325.10214599	
325.10156769	
325.10180047	
325.10207687	
325.10168057	
325.10125929	
325.10110774	
325.10071474	
325.10018439	
325.09985428	
325.10001032	
325.10020548	
325.10014439	
325.10033361	
325.10012172	
325.10042634	
325.10044549	
325.10038675	
325.10064205	
325.10024137	
325.10001231	
325.10002115	
325.09982917	
325.09933425	
325.09877067	
325.09874355	
325.09832015	
325.09821251	
325.09801312	
325.09759605	
325.09774150	
325.09810375	
325.09814813	
325.09794334	
325.09753501	
325.09691533	
325.09716710	
325.09758214	
325.09748306	
325.09715171	
325.09709764	
325.09719834	
325.09724906	
325.09753132	
325.09722331	
325.09711991	
325.09731954	
325.09728543	
325.09712244	
325.09701827	
325.09722719	
325.09671054	
325.09627987	
325.09668267	
325.09728350	
325.09729388	
325.09724700	
325.09769373	
325.09813953	
325.09799964	
325.09768596	
325.09788379	
325.09752765	
325.09703606	
325.09682246	
325.09630891	
325.09586022	
325.09615680	
325.09603934	
325.09616040	
325.09620670	
325.09578544	
325.09617788	
325.09592962	
325.09545568	
325.09508510	
325.09498888	
325.09470609	
325.09426517	
325.09426972	
325.09422810	
325.09394109	
325.09384729	
325.09348989	
325.09317495	
325.09275620	
325.09227318	
325.09214780	
325.09244906	
325.09226518	
325.09203631	
325.09188435	
325.09190471	
325.09222343	
325.09227557	
325.09237084	
325.09180676	
325.09131236	
325.09118529	
325.09080455	
325.09085823	
325.09136285	
325.09093384	
325.09091266	
325.09119216	
325.09081019	
325.09082408	
325.09117715	
325.09143316	
325.09177909	
325.09156473	
325.09104570	
325.09108763	
325.09115213	
325.09140785	
325.09147506	
325.09110771	
325.09141557	
325.09185648	
325.09222651	
325.09243836	
325.09237856	
325.09266546	
325.09313608	
325.09289637	
325.09265813	
325.09313698	
325.09314806	
325.09325575	
325.09289899	
325.09299404	
325.09347611	
325.09379314	
325.09386960	
325.09373858	
325.09354252	
325.09319676	
325.09367635	
325.09381919	
325.09418666	
325.09397609	
325.09417723	
325.09458513	
