0.56912475	
0.56912475	
0.56912475	
0.56660526	
0.56660526	
0.56407133	
0.56407133	
0.56407133	
0.56152298	
0.56152298	
0.55896024	
0.55896024	
0.55896024	
0.55638312	
0.55638312	
0.55638312	
0.55379166	
0.55379166	
0.55118587	
0.55118587	
0.55118587	
0.54856578	
0.54856578	
0.54856578	
0.54593141	
0.54593141	
0.54593141	
0.54328279	
0.54328279	
0.54328279	
0.54061994	
0.54061994	
0.53794289	
0.53794289	
0.53794289	
0.53525166	
0.53525166	
0.53254628	
0.53254628	
0.53254628	
0.52982678	
0.52982678	
0.52982678	
0.52709317	
0.52709317	
0.52709317	
0.52434550	
0.52434550	
0.52158378	
0.52158378	
0.52158378	
0.51880804	
0.51880804	
0.51880804	
0.51601831	
0.51601831	
0.51601831	
0.51321463	
0.51321463	
0.51321463	
0.51039701	
0.51039701	
0.50756548	
0.50756548	
0.50472009	
0.50472009	
0.50472009	
0.50186085	
0.50186085	
0.50186085	
0.49898780	
0.49898780	
0.49898780	
0.49610097	
0.49610097	
0.49320039	
0.49320039	
0.49320039	
0.49028609	
0.49028609	
0.49028609	
0.48735810	
0.48735810	
0.48735810	
0.48441646	
0.48441646	
0.48441646	
0.48146121	
0.48146121	
0.47849237	
0.47849237	
0.47550997	
0.47550997	
0.47550997	
0.47251406	
0.47251406	
0.47251406	
0.46950468	
0.46950468	
0.46950468	
0.46648184	
0.46648184	
0.46648184	
0.46344560	
0.46344560	
0.46039600	
0.46039600	
0.46039600	
0.45733305	
0.45733305	
0.45733305	
0.45425682	
0.45425682	
0.45425682	
0.45116733	
0.45116733	
0.45116733	
0.44806463	
0.44494875	
0.44494875	
0.44494875	
0.44181974	
0.44181974	
0.44181974	
0.43867763	
0.43867763	
0.43867763	
0.43552248	
0.43552248	
0.43552248	
0.43235432	
0.43235432	
0.42917320	
0.42917320	
0.42917320	
0.42597917	
0.42597917	
0.42597917	
0.42277226	
0.42277226	
0.42277226	
0.41955252	
0.41955252	
0.41955252	
0.41632001	
0.41632001	
0.41307477	
0.41307477	
0.40981684	
0.40981684	
0.40981684	
0.40654627	
0.40654627	
0.40654627	
0.40326313	
0.40326313	
0.40326313	
0.39996745	
0.39996745	
0.39996745	
0.39665929	
0.39665929	
0.39333870	
0.39333870	
0.39333870	
0.39000573	
0.39000573	
0.39000573	
0.38666045	
0.38666045	
0.38666045	
0.38330290	
0.38330290	
0.37993314	
0.37993314	
0.37655123	
0.37655123	
0.37655123	
0.37315722	
0.37315722	
0.37315722	
0.36975118	
0.36975118	
0.36975118	
0.36633317	
0.36633317	
0.36633317	
0.36290324	
0.36290324	
0.35946146	
0.35946146	
0.35946146	
0.35600789	
0.35600789	
0.35600789	
0.35254259	
0.35254259	
0.35254259	
0.34906564	
0.34906564	
0.34557709	
0.34557709	
0.34557709	
0.34207702	
0.34207702	
0.33856549	
0.33856549	
0.33856549	
0.33504258	
0.33504258	
0.33504258	
0.33150835	
0.33150835	
0.33150835	
0.32796287	
0.32796287	
0.32796287	
0.32440622	
0.32440622	
0.32083847	
0.32083847	
0.32083847	
0.31725971	
0.31725971	
0.31725971	
0.31366999	
0.31366999	
0.31006941	
0.31006941	
0.31006941	
0.30645804	
0.30645804	
0.30283596	
0.30283596	
0.30283596	
0.29920326	
0.29920326	
0.29920326	
0.29556001	
0.29556001	
0.29556001	
0.29190630	
0.29190630	
0.29190630	
0.28824221	
0.28824221	
0.28456784	
0.28456784	
0.28456784	
0.28088327	
0.28088327	
0.28088327	
0.27718859	
0.27718859	
0.27348389	
0.27348389	
0.27348389	
0.26976926	
0.26976926	
0.26976926	
0.26604479	
0.26604479	
0.26231059	
0.26231059	
0.26231059	
0.25856674	
0.25856674	
0.25856674	
0.25481335	
0.25481335	
0.25481335	
0.25105050	
0.25105050	
0.25105050	
0.24727831	
0.24727831	
0.24349688	
0.24349688	
0.24349688	
0.23970630	
0.23970630	
0.23590669	
0.23590669	
0.23590669	
0.23209814	
0.23209814	
0.23209814	
0.22828077	
0.22828077	
0.22445468	
0.22445468	
0.22445468	
0.22061998	
0.22061998	
0.22061998	
0.21677679	
0.21677679	
0.21677679	
0.21292522	
0.21292522	
0.21292522	
0.20906538	
0.20906538	
0.20519739	
0.20519739	
0.20519739	
0.20132137	
0.20132137	
0.19743743	
0.19743743	
0.19743743	
0.19354569	
0.19354569	
0.19354569	
0.18964628	
0.18964628	
0.18964628	
0.18573932	
0.18573932	
0.18182493	
0.18182493	
0.18182493	
0.17790325	
0.17790325	
0.17790325	
0.17397439	
0.17397439	
0.17397439	
0.17003848	
0.17003848	
0.17003848	
0.16609566	
0.16609566	
0.16214605	
0.16214605	
0.15818980	
0.15818980	
0.15818980	
0.15422702	
0.15422702	
0.15422702	
0.15025787	
0.15025787	
0.15025787	
0.14628247	
0.14628247	
0.14230096	
0.14230096	
0.14230096	
0.13831348	
0.13831348	
0.13831348	
0.13432018	
0.13432018	
0.13432018	
0.13032119	
0.13032119	
0.13032119	
0.12631666	
0.12631666	
0.12230673	
0.12230673	
0.11829155	
0.11829155	
0.11829155	
0.11427126	
0.11427126	
0.11427126	
0.11024601	
0.11024601	
0.11024601	
0.10621595	
0.10621595	
0.10621595	
0.10218124	
0.10218124	
0.09814201	
0.09814201	
0.09814201	
0.09409843	
0.09409843	
0.09409843	
0.09005065	
0.09005065	
0.09005065	
0.08599882	
0.08599882	
0.08599882	
0.08194310	
0.07788364	
0.07788364	
0.07788364	
0.07382060	
0.07382060	
0.07382060	
0.06975414	
0.06975414	
0.06975414	
0.06568441	
0.06568441	
0.06568441	
0.06161159	
0.06161159	
0.05753582	
0.05753582	
0.05753582	
0.05345726	
0.05345726	
0.05345726	
0.04937609	
0.04937609	
0.04937609	
0.04529247	
0.04529247	
0.04529247	
0.04120654	
0.04120654	
0.03711849	
0.03711849	
0.03302848	
0.03302848	
0.03302848	
0.02893666	
0.02893666	
0.02893666	
0.02484321	
0.02484321	
0.02484321	
0.02074829	
0.02074829	
0.02074829	
0.01665207	
0.01665207	
0.01255472	
0.01255472	
0.01255472	
0.00845639	
0.00845639	
0.00845639	
0.00435727	
0.00435727	
0.00435727	
0.00025751	
0.00025751	
-0.00384271	
-0.00384271	
-0.00794323	
-0.00794323	
-0.00794323	
-0.01204388	
-0.01204388	
-0.01204388	
-0.01614449	
-0.01614449	
-0.01614449	
-0.02024489	
-0.02024489	
-0.02024489	
-0.02434492	
-0.02434492	
-0.02844439	
-0.02844439	
-0.02844439	
-0.03254316	
-0.03254316	
-0.03254316	
-0.03664105	
-0.03664105	
-0.03664105	
-0.04073788	
-0.04073788	
-0.04483350	
-0.04483350	
-0.04483350	
-0.04892774	
-0.04892774	
-0.05302042	
-0.05302042	
-0.05302042	
-0.05711139	
-0.05711139	
-0.05711139	
-0.06120047	
-0.06120047	
-0.06120047	
-0.06528750	
-0.06528750	
-0.06528750	
-0.06937231	
-0.06937231	
-0.07345474	
-0.07345474	
-0.07345474	
-0.07753462	
-0.07753462	
-0.07753462	
-0.08161179	
-0.08161179	
-0.08568609	
-0.08568609	
-0.08568609	
-0.08975735	
-0.08975735	
-0.09382541	
-0.09382541	
-0.09382541	
-0.09789011	
-0.09789011	
-0.09789011	
-0.10195129	
-0.10195129	
-0.10195129	
-0.10600878	
-0.10600878	
-0.10600878	
-0.11006244	
-0.11006244	
-0.11411210	
-0.11411210	
-0.11411210	
-0.11815759	
-0.11815759	
-0.11815759	
-0.12219878	
-0.12219878	
-0.12623550	
-0.12623550	
-0.12623550	
-0.13026759	
-0.13026759	
-0.13026759	
-0.13429491	
-0.13429491	
-0.13831730	
-0.13831730	
-0.13831730	
-0.14233461	
-0.14233461	
-0.14233461	
-0.14634669	
-0.14634669	
-0.14634669	
-0.15035339	
-0.15035339	
-0.15035339	
-0.15435456	
-0.15435456	
-0.15835005	
-0.15835005	
-0.15835005	
-0.16233973	
-0.16233973	
-0.16632344	
-0.16632344	
-0.16632344	
-0.17030104	
-0.17030104	
-0.17030104	
-0.17427239	
-0.17427239	
-0.17823735	
-0.17823735	
-0.17823735	
-0.18219578	
-0.18219578	
-0.18219578	
-0.18614754	
-0.18614754	
-0.18614754	
-0.19009250	
-0.19009250	
-0.19009250	
-0.19403051	
-0.19403051	
-0.19796146	
-0.19796146	
-0.19796146	
-0.20188519	
-0.20188519	
-0.20580158	
-0.20580158	
-0.20580158	
-0.20971051	
-0.20971051	
-0.20971051	
-0.21361184	
-0.21361184	
-0.21361184	
-0.21750544	
-0.21750544	
-0.22139120	
-0.22139120	
-0.22139120	
-0.22526898	
-0.22526898	
-0.22526898	
-0.22913866	
-0.22913866	
-0.22913866	
-0.23300013	
-0.23300013	
-0.23300013	
-0.23685325	
-0.23685325	
-0.24069792	
-0.24069792	
-0.24453401	
-0.24453401	
-0.24453401	
-0.24836142	
-0.24836142	
-0.24836142	
-0.25218002	
-0.25218002	
-0.25218002	
-0.25598970	
-0.25598970	
-0.25979036	
-0.25979036	
-0.25979036	
-0.26358188	
-0.26358188	
-0.26358188	
-0.26736415	
-0.26736415	
-0.26736415	
-0.27113707	
-0.27113707	
-0.27113707	
-0.27490053	
-0.27490053	
-0.27865443	
-0.27865443	
-0.28239867	
-0.28239867	
-0.28239867	
-0.28613314	
-0.28613314	
-0.28613314	
-0.28985774	
-0.28985774	
-0.28985774	
-0.29357238	
-0.29357238	
-0.29357238	
-0.29727696	
-0.29727696	
-0.30097138	
-0.30097138	
-0.30097138	
-0.30465555	
-0.30465555	
-0.30465555	
-0.30832938	
-0.30832938	
-0.30832938	
-0.31199277	
-0.31199277	
-0.31199277	
-0.31564564	
-0.31928790	
-0.31928790	
-0.31928790	
-0.32291946	
-0.32291946	
-0.32291946	
-0.32654023	
-0.32654023	
-0.32654023	
-0.33015014	
-0.33015014	
-0.33015014	
-0.33374908	
-0.33374908	
-0.33733700	
-0.33733700	
-0.33733700	
-0.34091379	
-0.34091379	
-0.34091379	
-0.34447939	
-0.34447939	
-0.34447939	
-0.34803372	
-0.34803372	
-0.34803372	
-0.35157670	
-0.35157670	
-0.35510825	
-0.35510825	
-0.35862830	
-0.35862830	
-0.35862830	
-0.36213678	
-0.36213678	
-0.36213678	
-0.36563361	
-0.36563361	
-0.36563361	
-0.36911873	
-0.36911873	
-0.36911873	
-0.37259206	
-0.37259206	
-0.37605353	
-0.37605353	
-0.37605353	
-0.37950309	
-0.37950309	
-0.37950309	
-0.38294065	
-0.38294065	
-0.38294065	
-0.38636617	
-0.38636617	
-0.38977956	
-0.38977956	
-0.39318078	
-0.39318078	
-0.39318078	
-0.39656975	
-0.39656975	
-0.39656975	
-0.39994642	
-0.39994642	
-0.39994642	
-0.40331073	
-0.40331073	
-0.40331073	
-0.40666262	
-0.40666262	
-0.41000203	
-0.41000203	
-0.41000203	
-0.41332890	
-0.41332890	
-0.41332890	
-0.41664318	
-0.41664318	
-0.41664318	
-0.41994482	
-0.41994482	
-0.42323375	
-0.42323375	
-0.42323375	
-0.42650993	
-0.42650993	
-0.42977331	
-0.42977331	
-0.42977331	
-0.43302382	
-0.43302382	
-0.43302382	
-0.43626143	
-0.43626143	
-0.43626143	
-0.43948609	
-0.43948609	
-0.43948609	
-0.44269774	
-0.44269774	
-0.44589633	
-0.44589633	
-0.44589633	
-0.44908183	
-0.44908183	
-0.44908183	
-0.45225418	
-0.45225418	
-0.45541333	
-0.45541333	
-0.45541333	
-0.45855926	
-0.45855926	
-0.46169190	
-0.46169190	
-0.46169190	
-0.46481122	
-0.46481122	
-0.46481122	
-0.46791717	
-0.46791717	
-0.46791717	
-0.47100971	
-0.47100971	
-0.47100971	
-0.47408881	
-0.47408881	
-0.47715442	
-0.47715442	
-0.47715442	
-0.48020650	
-0.48020650	
-0.48020650	
-0.48324501	
-0.48324501	
-0.48626992	
-0.48626992	
-0.48626992	
-0.48928118	
-0.48928118	
-0.48928118	
-0.49227877	
-0.49227877	
-0.49526264	
-0.49526264	
-0.49526264	
-0.49823275	
-0.49823275	
-0.49823275	
-0.50118908	
-0.50118908	
-0.50118908	
-0.50413159	
-0.50413159	
-0.50413159	
-0.50706024	
-0.50706024	
-0.50997500	
-0.50997500	
-0.50997500	
-0.51287584	
-0.51287584	
-0.51576272	
-0.51576272	
-0.51576272	
-0.51863561	
-0.51863561	
-0.51863561	
-0.52149449	
-0.52149449	
-0.52433932	
-0.52433932	
-0.52433932	
-0.52717007	
-0.52717007	
-0.52717007	
-0.52998670	
-0.52998670	
-0.52998670	
-0.53278920	
-0.53278920	
-0.53278920	
-0.53557753	
-0.53557753	
-0.53835166	
-0.53835166	
-0.53835166	
-0.54111157	
-0.54111157	
-0.54385722	
-0.54385722	
-0.54385722	
-0.54658860	
-0.54658860	
-0.54658860	
-0.54930566	
-0.54930566	
-0.54930566	
-0.55200839	
-0.55200839	
-0.55469677	
-0.55469677	
-0.55469677	
-0.55737075	
-0.55737075	
-0.55737075	
-0.56003033	
-0.56003033	
-0.56003033	
-0.56267546	
-0.56267546	
-0.56267546	
-0.56530614	
-0.56530614	
-0.56792233	
-0.56792233	
-0.57052401	
-0.57052401	
-0.57052401	
-0.57311116	
-0.57311116	
-0.57311116	
-0.57568375	
-0.57568375	
-0.57568375	
-0.57824176	
-0.57824176	
-0.58078517	
-0.58078517	
-0.58078517	
-0.58331396	
-0.58331396	
-0.58331396	
-0.58582809	
-0.58582809	
-0.58582809	
-0.58832756	
-0.58832756	
-0.58832756	
-0.59081234	
-0.59081234	
-0.59328241	
-0.59328241	
-0.59573774	
-0.59573774	
-0.59573774	
-0.59817832	
-0.59817832	
-0.59817832	
-0.60060413	
-0.60060413	
-0.60060413	
-0.60301514	
-0.60301514	
-0.60301514	
-0.60541133	
-0.60541133	
-0.60779270	
-0.60779270	
-0.60779270	
-0.61015921	
-0.61015921	
-0.61015921	
-0.61251084	
-0.61251084	
-0.61251084	
-0.61484759	
-0.61484759	
-0.61484759	
-0.61716942	
-0.61947632	
-0.61947632	
-0.61947632	
-0.62176827	
-0.62176827	
-0.62176827	
-0.62404526	
-0.62404526	
-0.62404526	
-0.62630726	
-0.62630726	
-0.62630726	
-0.62855426	
-0.62855426	
-0.63078624	
-0.63078624	
-0.63078624	
-0.63300319	
-0.63300319	
-0.63300319	
-0.63520507	
-0.63520507	
-0.63520507	
-0.63739189	
-0.63739189	
-0.63739189	
-0.63956361	
-0.63956361	
-0.64172023	
-0.64172023	
-0.64386173	
-0.64386173	
-0.64386173	
-0.64598809	
-0.64598809	
-0.64598809	
-0.64809929	
-0.64809929	
-0.64809929	
-0.65019532	
-0.65019532	
-0.65019532	
-0.65227616	
-0.65227616	
-0.65434180	
-0.65434180	
-0.65434180	
-0.65639222	
-0.65639222	
-0.65639222	
-0.65842740	
-0.65842740	
-0.65842740	
-0.66044733	
-0.66044733	
-0.66245200	
-0.66245200	
-0.66444138	
-0.66444138	
-0.66444138	
-0.66641547	
-0.66641547	
-0.66641547	
-0.66837425	
-0.66837425	
-0.66837425	
-0.67031771	
-0.67031771	
-0.67031771	
-0.67224582	
-0.67224582	
-0.67415857	
-0.67415857	
-0.67415857	
-0.67605596	
-0.67605596	
-0.67605596	
-0.67793796	
-0.67793796	
-0.67793796	
-0.67980457	
-0.67980457	
-0.68165576	
-0.68165576	
-0.68165576	
-0.68349153	
-0.68349153	
-0.68531185	
-0.68531185	
-0.68531185	
-0.68711672	
-0.68711672	
-0.68711672	
-0.68890613	
-0.68890613	
-0.68890613	
-0.69068005	
-0.69068005	
-0.69068005	
-0.69243847	
-0.69243847	
-0.69418139	
-0.69418139	
-0.69418139	
-0.69590879	
-0.69590879	
-0.69590879	
-0.69762065	
-0.69762065	
-0.69931696	
-0.69931696	
-0.69931696	
-0.70099772	
-0.70099772	
-0.70266289	
-0.70266289	
-0.70266289	
-0.70431249	
-0.70431249	
-0.70431249	
-0.70594648	
-0.70594648	
-0.70594648	
-0.70756486	
-0.70756486	
-0.70756486	
-0.70916761	
-0.70916761	
-0.71075473	
-0.71075473	
-0.71075473	
-0.71232619	
-0.71232619	
-0.71232619	
-0.71388200	
-0.71388200	
-0.71542212	
-0.71542212	
-0.71542212	
-0.71694657	
-0.71694657	
-0.71694657	
-0.71845531	
-0.71845531	
-0.71994834	
-0.71994834	
-0.71994834	
-0.72142565	
-0.72142565	
-0.72142565	
-0.72288722	
-0.72288722	
-0.72288722	
-0.72433305	
-0.72433305	
-0.72433305	
-0.72576312	
-0.72576312	
-0.72717741	
-0.72717741	
-0.72717741	
-0.72857593	
-0.72857593	
-0.72995865	
-0.72995865	
-0.72995865	
-0.73132556	
-0.73132556	
-0.73132556	
-0.73267666	
-0.73267666	
-0.73401194	
-0.73401194	
-0.73401194	
-0.73533137	
-0.73533137	
-0.73533137	
-0.73663495	
-0.73663495	
-0.73663495	
-0.73792267	
-0.73792267	
-0.73792267	
-0.73919452	
-0.73919452	
-0.74045048	
-0.74045048	
-0.74045048	
-0.74169055	
-0.74169055	
-0.74291471	
-0.74291471	
-0.74291471	
-0.74412295	
-0.74412295	
-0.74412295	
-0.74531527	
-0.74531527	
-0.74531527	
-0.74649165	
-0.74649165	
-0.74765208	
-0.74765208	
-0.74765208	
-0.74879656	
-0.74879656	
-0.74879656	
-0.74992506	
-0.74992506	
-0.74992506	
-0.75103758	
-0.75103758	
-0.75103758	
-0.75213411	
-0.75213411	
-0.75321464	
-0.75321464	
-0.75427915	
-0.75427915	
-0.75427915	
-0.75532765	
-0.75532765	
-0.75532765	
-0.75636011	
-0.75636011	
-0.75636011	
-0.75737653	
-0.75737653	
-0.75837690	
-0.75837690	
-0.75837690	
-0.75936121	
-0.75936121	
-0.75936121	
-0.76032944	
-0.76032944	
-0.76032944	
-0.76128159	
-0.76128159	
-0.76128159	
-0.76221765	
-0.76221765	
-0.76313761	
-0.76313761	
-0.76404145	
-0.76404145	
-0.76404145	
-0.76492917	
-0.76492917	
-0.76492917	
-0.76580076	
-0.76580076	
-0.76580076	
-0.76665622	
-0.76665622	
-0.76665622	
-0.76749552	
-0.76749552	
-0.76831866	
-0.76831866	
-0.76831866	
-0.76912563	
-0.76912563	
-0.76912563	
-0.76991642	
-0.76991642	
-0.76991642	
-0.77069102	
-0.77069102	
-0.77069102	
-0.77144943	
-0.77219163	
-0.77219163	
-0.77219163	
-0.77291761	
-0.77291761	
-0.77291761	
-0.77362737	
-0.77362737	
-0.77362737	
-0.77432090	
-0.77432090	
-0.77432090	
-0.77499818	
-0.77499818	
-0.77565921	
-0.77565921	
-0.77565921	
-0.77630398	
-0.77630398	
-0.77630398	
-0.77693248	
-0.77693248	
-0.77693248	
-0.77754470	
-0.77754470	
-0.77754470	
-0.77814064	
-0.77814064	
-0.77872027	
-0.77872027	
-0.77928360	
-0.77928360	
-0.77928360	
-0.77983062	
-0.77983062	
-0.77983062	
-0.78036132	
-0.78036132	
-0.78036132	
-0.78087569	
-0.78087569	
-0.78087569	
-0.78137372	
-0.78137372	
-0.78185540	
-0.78185540	
-0.78185540	
-0.78232072	
-0.78232072	
-0.78232072	
-0.78276968	
-0.78276968	
-0.78276968	
-0.78320227	
-0.78320227	
-0.78361848	
-0.78361848	
-0.78401829	
-0.78401829	
-0.78401829	
-0.78440172	
-0.78440172	
-0.78440172	
-0.78476873	
-0.78476873	
-0.78476873	
-0.78511934	
-0.78511934	
-0.78511934	
-0.78545352	
-0.78545352	
-0.78577128	
-0.78577128	
-0.78577128	
-0.78607260	
-0.78607260	
-0.78607260	
-0.78635747	
-0.78635747	
-0.78635747	
-0.78662589	
-0.78662589	
-0.78687785	
-0.78687785	
-0.78687785	
-0.78711335	
-0.78711335	
-0.78733237	
-0.78733237	
-0.78733237	
-0.78753491	
-0.78753491	
-0.78753491	
-0.78772095	
-0.78772095	
-0.78772095	
-0.78789050	
-0.78789050	
-0.78789050	
-0.78804355	
-0.78804355	
-0.78818008	
-0.78818008	
-0.78818008	
-0.78830009	
-0.78830009	
-0.78830009	
-0.78840358	
-0.78840358	
-0.78849053	
-0.78849053	
-0.78849053	
-0.78856094	
-0.78856094	
-0.78861480	
-0.78861480	
-0.78861480	
-0.78865211	
-0.78865211	
-0.78865211	
-0.78867285	
-0.78867285	
-0.78867285	
-0.78867703	
-0.78867703	
-0.78867703	
-0.78866463	
-0.78866463	
-0.78863565	
-0.78863565	
-0.78863565	
-0.78859007	
-0.78859007	
-0.78859007	
-0.78852790	
-0.78852790	
-0.78844913	
-0.78844913	
-0.78844913	
-0.78835375	
-0.78835375	
-0.78835375	
-0.78824175	
-0.78824175	
-0.78811313	
-0.78811313	
-0.78811313	
-0.78796789	
-0.78796789	
-0.78796789	
-0.78780600	
-0.78780600	
-0.78780600	
-0.78762748	
-0.78762748	
-0.78762748	
-0.78743230	
-0.78743230	
-0.78722047	
-0.78722047	
-0.78722047	
-0.78699199	
-0.78699199	
-0.78674683	
-0.78674683	
-0.78674683	
-0.78648501	
-0.78648501	
-0.78648501	
-0.78620650	
-0.78620650	
-0.78591131	
-0.78591131	
-0.78591131	
-0.78559944	
-0.78559944	
-0.78559944	
-0.78527086	
-0.78527086	
-0.78527086	
-0.78492559	
-0.78492559	
-0.78492559	
-0.78456360	
-0.78456360	
-0.78418491	
-0.78418491	
-0.78418491	
-0.78378949	
-0.78378949	
-0.78337736	
-0.78337736	
-0.78337736	
-0.78294849	
-0.78294849	
-0.78294849	
-0.78250289	
-0.78250289	
-0.78250289	
-0.78204055	
-0.78204055	
-0.78156147	
-0.78156147	
-0.78156147	
-0.78106563	
-0.78106563	
-0.78106563	
-0.78055304	
-0.78055304	
-0.78055304	
-0.78002369	
-0.78002369	
-0.78002369	
-0.77947758	
-0.77947758	
-0.77891470	
-0.77891470	
-0.77833504	
-0.77833504	
-0.77833504	
-0.77773861	
-0.77773861	
-0.77773861	
-0.77712539	
-0.77712539	
-0.77712539	
-0.77649538	
-0.77649538	
-0.77584858	
-0.77584858	
-0.77584858	
-0.77518499	
-0.77518499	
-0.77518499	
-0.77450459	
-0.77450459	
-0.77450459	
-0.77380740	
-0.77380740	
-0.77380740	
-0.77309339	
-0.77309339	
-0.77236257	
-0.77236257	
-0.77161493	
-0.77161493	
-0.77161493	
-0.77085047	
-0.77085047	
-0.77085047	
-0.77006919	
-0.77006919	
-0.77006919	
-0.76927108	
-0.76927108	
-0.76927108	
-0.76845614	
-0.76845614	
-0.76762436	
-0.76762436	
-0.76762436	
-0.76677575	
-0.76677575	
-0.76677575	
-0.76591030	
-0.76591030	
-0.76591030	
-0.76502800	
-0.76502800	
-0.76502800	
-0.76412886	
-0.76321286	
-0.76321286	
-0.76321286	
-0.76228002	
-0.76228002	
-0.76228002	
-0.76133032	
-0.76133032	
-0.76133032	
-0.76036376	
-0.76036376	
-0.76036376	
-0.75938035	
-0.75938035	
-0.75838007	
-0.75838007	
-0.75838007	
-0.75736293	
-0.75736293	
-0.75736293	
-0.75632892	
-0.75632892	
-0.75632892	
-0.75527805	
-0.75527805	
-0.75527805	
-0.75421031	
-0.75421031	
-0.75312570	
-0.75312570	
-0.75202421	
-0.75202421	
-0.75202421	
-0.75090586	
-0.75090586	
-0.75090586	
-0.74977063	
-0.74977063	
-0.74977063	
-0.74861852	
-0.74861852	
-0.74861852	
-0.74744954	
-0.74744954	
-0.74626369	
-0.74626369	
-0.74626369	
-0.74506096	
-0.74506096	
-0.74506096	
-0.74384135	
-0.74384135	
-0.74384135	
-0.74260487	
-0.74260487	
-0.74135151	
-0.74135151	
-0.74008127	
-0.74008127	
-0.74008127	
-0.73879416	
-0.73879416	
-0.73879416	
-0.73749018	
-0.73749018	
-0.73749018	
-0.73616932	
-0.73616932	
-0.73616932	
-0.73483160	
-0.73483160	
-0.73347700	
-0.73347700	
-0.73347700	
-0.73210553	
-0.73210553	
-0.73210553	
-0.73071720	
-0.73071720	
-0.73071720	
-0.72931200	
-0.72931200	
-0.72788994	
-0.72788994	
-0.72788994	
-0.72645102	
-0.72645102	
-0.72499524	
-0.72499524	
-0.72499524	
-0.72352261	
-0.72352261	
-0.72352261	
-0.72203313	
-0.72203313	
-0.72203313	
-0.72052681	
-0.72052681	
-0.72052681	
-0.71900364	
-0.71900364	
-0.71746363	
-0.71746363	
-0.71746363	
-0.71590679	
-0.71590679	
-0.71590679	
-0.71433312	
-0.71433312	
-0.71274263	
-0.71274263	
-0.71274263	
-0.71113532	
-0.71113532	
-0.70951120	
-0.70951120	
-0.70951120	
-0.70787027	
-0.70787027	
-0.70787027	
-0.70621255	
-0.70621255	
-0.70621255	
-0.70453803	
-0.70453803	
-0.70453803	
-0.70284672	
-0.70284672	
-0.70113864	
-0.70113864	
-0.70113864	
-0.69941379	
-0.69941379	
-0.69941379	
-0.69767218	
-0.69767218	
-0.69591381	
-0.69591381	
-0.69591381	
-0.69413870	
-0.69413870	
-0.69413870	
-0.69234686	
-0.69234686	
-0.69053829	
-0.69053829	
-0.69053829	
-0.68871301	
-0.68871301	
-0.68871301	
-0.68687103	
-0.68687103	
-0.68687103	
-0.68501236	
-0.68501236	
-0.68501236	
-0.68313700	
-0.68313700	
-0.68124498	
-0.68124498	
-0.68124498	
-0.67933631	
-0.67933631	
-0.67741099	
-0.67741099	
-0.67741099	
-0.67546905	
-0.67546905	
-0.67546905	
-0.67351050	
-0.67351050	
-0.67153535	
-0.67153535	
-0.67153535	
-0.66954361	
-0.66954361	
-0.66954361	
-0.66753531	
-0.66753531	
-0.66753531	
-0.66551046	
-0.66551046	
-0.66551046	
-0.66346908	
-0.66346908	
-0.66141118	
-0.66141118	
-0.66141118	
-0.65933679	
-0.65933679	
-0.65724592	
-0.65724592	
-0.65724592	
-0.65513859	
-0.65513859	
-0.65513859	
-0.65301482	
-0.65301482	
-0.65301482	
-0.65087464	
-0.65087464	
-0.64871807	
-0.64871807	
-0.64871807	
-0.64654512	
-0.64654512	
-0.64654512	
-0.64435582	
-0.64435582	
-0.64435582	
-0.64215020	
-0.64215020	
-0.64215020	
-0.63992828	
-0.63992828	
-0.63769008	
-0.63769008	
-0.63543564	
-0.63543564	
-0.63543564	
-0.63316497	
-0.63316497	
-0.63316497	
-0.63087811	
-0.63087811	
-0.63087811	
-0.62857509	
-0.62857509	
-0.62625593	
-0.62625593	
-0.62625593	
-0.62392066	
-0.62392066	
-0.62392066	
-0.62156932	
-0.62156932	
-0.62156932	
-0.61920194	
-0.61920194	
-0.61920194	
-0.61681855	
-0.61681855	
-0.61441918	
-0.61441918	
-0.61200388	
-0.61200388	
-0.61200388	
-0.60957267	
-0.60957267	
-0.60957267	
-0.60712559	
-0.60712559	
-0.60712559	
-0.60466269	
-0.60466269	
-0.60466269	
-0.60218399	
-0.60218399	
-0.59968955	
-0.59968955	
-0.59968955	
-0.59717939	
-0.59717939	
-0.59717939	
-0.59465357	
-0.59465357	
-0.59465357	
-0.59211212	
-0.59211212	
-0.59211212	
-0.58955510	
-0.58698254	
-0.58698254	
-0.58698254	
-0.58439449	
-0.58439449	
-0.58439449	
-0.58179101	
-0.58179101	
-0.58179101	
-0.57917213	
-0.57917213	
-0.57917213	
-0.57653791	
-0.57653791	
-0.57388840	
-0.57388840	
-0.57388840	
-0.57122366	
-0.57122366	
-0.57122366	
-0.56854373	
-0.56854373	
-0.56854373	
-0.56584868	
-0.56584868	
-0.56584868	
-0.56313856	
-0.56313856	
-0.56041342	
-0.56041342	
-0.55767333	
-0.55767333	
-0.55767333	
-0.55491834	
-0.55491834	
-0.55491834	
-0.55214852	
-0.55214852	
-0.55214852	
-0.54936394	
-0.54936394	
-0.54936394	
-0.54656465	
-0.54656465	
-0.54375072	
-0.54375072	
-0.54375072	
-0.54092223	
-0.54092223	
-0.54092223	
-0.53807923	
-0.53807923	
-0.53807923	
-0.53522180	
-0.53522180	
-0.53235001	
-0.53235001	
-0.52946394	
-0.52946394	
-0.52946394	
-0.52656365	
-0.52656365	
-0.52656365	
-0.52364923	
-0.52364923	
-0.52364923	
-0.52072076	
-0.52072076	
-0.52072076	
-0.51777831	
-0.51777831	
-0.51482196	
-0.51482196	
-0.51482196	
-0.51185180	
-0.51185180	
-0.51185180	
-0.50886791	
-0.50886791	
-0.50886791	
-0.50587038	
-0.50587038	
-0.50285929	
-0.50285929	
-0.50285929	
-0.49983474	
-0.49983474	
-0.49679681	
-0.49679681	
-0.49679681	
-0.49374560	
-0.49374560	
-0.49374560	
-0.49068119	
-0.49068119	
-0.49068119	
-0.48760370	
-0.48760370	
-0.48760370	
-0.48451321	
-0.48451321	
-0.48140982	
-0.48140982	
-0.48140982	
-0.47829364	
-0.47829364	
-0.47829364	
-0.47516477	
-0.47516477	
-0.47202330	
-0.47202330	
-0.47202330	
-0.46886935	
-0.46886935	
-0.46570302	
-0.46570302	
-0.46570302	
-0.46252443	
-0.46252443	
-0.46252443	
-0.45933368	
-0.45933368	
-0.45933368	
-0.45613089	
-0.45613089	
-0.45613089	
-0.45291616	
-0.45291616	
-0.44968963	
-0.44968963	
-0.44968963	
-0.44645139	
-0.44645139	
-0.44645139	
-0.44320158	
-0.44320158	
-0.43994032	
-0.43994032	
-0.43994032	
-0.43666772	
-0.43666772	
-0.43666772	
-0.43338391	
-0.43338391	
-0.43008902	
-0.43008902	
-0.43008902	
-0.42678317	
-0.42678317	
-0.42678317	
-0.42346649	
-0.42346649	
-0.42346649	
-0.42013912	
-0.42013912	
-0.42013912	
-0.41680119	
-0.41680119	
-0.41345282	
-0.41345282	
-0.41345282	
-0.41009416	
-0.41009416	
-0.40672534	
-0.40672534	
-0.40672534	
-0.40334651	
-0.40334651	
-0.40334651	
-0.39995779	
-0.39995779	
-0.39655933	
-0.39655933	
-0.39655933	
-0.39315128	
-0.39315128	
-0.39315128	
-0.38973378	
-0.38973378	
-0.38973378	
-0.38630697	
-0.38630697	
-0.38630697	
-0.38287101	
-0.38287101	
-0.37942603	
-0.37942603	
-0.37942603	
-0.37597220	
-0.37597220	
-0.37250965	
-0.37250965	
-0.37250965	
-0.36903855	
-0.36903855	
-0.36903855	
-0.36555904	
-0.36555904	
-0.36555904	
-0.36207129	
-0.36207129	
-0.35857544	
-0.35857544	
-0.35857544	
-0.35507165	
-0.35507165	
-0.35507165	
-0.35156009	
-0.35156009	
-0.35156009	
-0.34804090	
-0.34804090	
-0.34804090	
-0.34451426	
-0.34451426	
-0.34098031	
-0.34098031	
-0.33743923	
-0.33743923	
-0.33743923	
-0.33389118	
-0.33389118	
-0.33389118	
-0.33033632	
-0.33033632	
-0.33033632	
-0.32677480	
-0.32677480	
-0.32320681	
-0.32320681	
-0.32320681	
-0.31963250	
-0.31963250	
-0.31963250	
-0.31605205	
-0.31605205	
-0.31605205	
-0.31246561	
-0.31246561	
-0.31246561	
-0.30887335	
-0.30887335	
-0.30527545	
-0.30527545	
-0.30167207	
-0.30167207	
-0.30167207	
-0.29806338	
-0.29806338	
-0.29806338	
-0.29444956	
-0.29444956	
-0.29444956	
-0.29083076	
-0.29083076	
-0.29083076	
-0.28720716	
-0.28720716	
-0.28357894	
-0.28357894	
-0.28357894	
-0.27994625	
-0.27994625	
-0.27994625	
-0.27630927	
-0.27630927	
-0.27630927	
-0.27266818	
-0.27266818	
-0.27266818	
-0.26902314	
-0.26537432	
-0.26537432	
-0.26537432	
-0.26172189	
-0.26172189	
-0.26172189	
-0.25806602	
-0.25806602	
-0.25806602	
-0.25440689	
-0.25440689	
-0.25440689	
-0.25074466	
-0.25074466	
-0.24707951	
-0.24707951	
-0.24707951	
-0.24341159	
-0.24341159	
-0.24341159	
-0.23974109	
-0.23974109	
-0.23974109	
-0.23606816	
-0.23606816	
-0.23606816	
-0.23239298	
-0.23239298	
-0.22871572	
-0.22871572	
-0.22503653	
-0.22503653	
-0.22503653	
-0.22135560	
-0.22135560	
-0.22135560	
-0.21767307	
-0.21767307	
-0.21767307	
-0.21398913	
-0.21398913	
-0.21398913	
-0.21030392	
-0.21030392	
-0.20661762	
-0.20661762	
-0.20661762	
-0.20293039	
-0.20293039	
-0.20293039	
-0.19924239	
-0.19924239	
-0.19924239	
-0.19555378	
-0.19555378	
-0.19186472	
-0.19186472	
-0.18817537	
-0.18817537	
-0.18817537	
-0.18448588	
-0.18448588	
-0.18448588	
-0.18079642	
-0.18079642	
-0.18079642	
-0.17710713	
-0.17710713	
-0.17710713	
-0.17341818	
-0.17341818	
-0.16972972	
-0.16972972	
-0.16972972	
-0.16604189	
-0.16604189	
-0.16604189	
-0.16235485	
-0.16235485	
-0.16235485	
-0.15866876	
-0.15866876	
-0.15498375	
-0.15498375	
-0.15498375	
-0.15129997	
-0.15129997	
-0.14761758	
-0.14761758	
-0.14761758	
-0.14393671	
-0.14393671	
-0.14393671	
-0.14025751	
-0.14025751	
-0.14025751	
-0.13658012	
-0.13658012	
-0.13658012	
-0.13290467	
-0.13290467	
-0.12923132	
-0.12923132	
-0.12923132	
-0.12556019	
-0.12556019	
-0.12556019	
-0.12189143	
-0.12189143	
-0.11822516	
-0.11822516	
-0.11822516	
-0.11456151	
-0.11456151	
-0.11090063	
-0.11090063	
-0.11090063	
-0.10724264	
-0.10724264	
-0.10724264	
-0.10358767	
-0.10358767	
-0.10358767	
-0.09993584	
-0.09993584	
-0.09993584	
-0.09628728	
-0.09628728	
-0.09264211	
-0.09264211	
-0.09264211	
-0.08900046	
-0.08900046	
-0.08900046	
-0.08536245	
-0.08536245	
-0.08172819	
-0.08172819	
-0.08172819	
-0.07809780	
-0.07809780	
-0.07809780	
-0.07447140	
-0.07447140	
-0.07084910	
-0.07084910	
-0.07084910	
-0.06723101	
-0.06723101	
-0.06723101	
-0.06361725	
-0.06361725	
-0.06361725	
-0.06000793	
-0.06000793	
-0.06000793	
-0.05640314	
-0.05640314	
-0.05280301	
-0.05280301	
-0.05280301	
-0.04920763	
-0.04920763	
-0.04561710	
-0.04561710	
-0.04561710	
-0.04203153	
-0.04203153	
-0.04203153	
-0.03845102	
-0.03845102	
-0.03487566	
-0.03487566	
-0.03487566	
-0.03130556	
-0.03130556	
-0.03130556	
-0.02774080	
-0.02774080	
-0.02774080	
-0.02418149	
-0.02418149	
-0.02418149	
-0.02062770	
-0.02062770	
-0.01707955	
-0.01707955	
-0.01707955	
-0.01353710	
-0.01353710	
-0.01000046	
-0.01000046	
-0.01000046	
-0.00646971	
-0.00646971	
-0.00646971	
-0.00294493	
-0.00294493	
-0.00294493	
0.00057380	
0.00057380	
0.00408639	
0.00408639	
0.00408639	
0.00759276	
0.00759276	
0.00759276	
0.01109283	
0.01109283	
0.01109283	
0.01458652	
0.01458652	
0.01458652	
0.01807376	
0.01807376	
0.02155448	
0.02155448	
0.02502859	
0.02502859	
0.02502859	
0.02849603	
0.02849603	
0.02849603	
0.03195673	
0.03195673	
0.03195673	
0.03541061	
0.03541061	
0.03885760	
0.03885760	
0.03885760	
0.04229765	
0.04229765	
0.04229765	
0.04573067	
0.04573067	
0.04573067	
0.04915662	
0.04915662	
0.04915662	
0.05257542	
0.05257542	
0.05598701	
0.05598701	
0.05939133	
0.05939133	
0.05939133	
0.06278831	
0.06278831	
0.06278831	
0.06617791	
0.06617791	
0.06617791	
0.06956006	
0.06956006	
0.06956006	
0.07293471	
0.07293471	
0.07630179	
0.07630179	
0.07630179	
0.07966125	
0.07966125	
0.07966125	
0.08301305	
0.08301305	
0.08301305	
0.08635712	
0.08635712	
0.08635712	
0.08969342	
0.09302189	
0.09302189	
0.09302189	
0.09634248	
0.09634248	
0.09634248	
0.09965515	
0.09965515	
0.09965515	
0.10295984	
0.10295984	
0.10295984	
0.10625652	
0.10625652	
0.10954512	
0.10954512	
0.10954512	
0.11282561	
0.11282561	
0.11282561	
0.11609794	
0.11609794	
0.11609794	
0.11936207	
0.11936207	
0.11936207	
0.12261796	
0.12261796	
0.12586555	
0.12586555	
0.12910482	
0.12910482	
0.12910482	
0.13233571	
0.13233571	
0.13233571	
0.13555820	
0.13555820	
0.13555820	
0.13877224	
0.13877224	
0.13877224	
0.14197778	
0.14197778	
0.14517480	
0.14517480	
0.14517480	
0.14836326	
0.14836326	
0.14836326	
0.15154311	
0.15154311	
0.15154311	
0.15471433	
0.15471433	
0.15787687	
0.15787687	
0.16103071	
0.16103071	
0.16103071	
0.16417581	
0.16417581	
0.16417581	
0.16731213	
0.16731213	
0.16731213	
0.17043964	
0.17043964	
0.17043964	
0.17355831	
0.17355831	
0.17666811	
0.17666811	
0.17666811	
0.17976900	
0.17976900	
0.17976900	
0.18286096	
0.18286096	
0.18286096	
0.18594395	
0.18594395	
0.18901794	
0.18901794	
0.18901794	
0.19208291	
0.19208291	
0.19513883	
0.19513883	
0.19513883	
0.19818565	
0.19818565	
0.19818565	
0.20122337	
0.20122337	
0.20122337	
0.20425195	
0.20425195	
0.20425195	
0.20727136	
0.20727136	
0.21028157	
0.21028157	
0.21028157	
0.21328256	
0.21328256	
0.21328256	
0.21627431	
0.21627431	
0.21925678	
0.21925678	
0.21925678	
0.22222995	
0.22222995	
0.22519379	
0.22519379	
0.22519379	
0.22814829	
0.22814829	
0.22814829	
0.23109341	
0.23109341	
0.23109341	
0.23402913	
0.23402913	
0.23402913	
0.23695543	
0.23695543	
0.23987228	
0.23987228	
0.23987228	
0.24277966	
0.24277966	
0.24277966	
0.24567755	
0.24567755	
0.24856592	
0.24856592	
0.24856592	
0.25144474	
0.25144474	
0.25144474	
0.25431401	
0.25431401	
0.25717369	
0.25717369	
0.25717369	
0.26002376	
0.26002376	
0.26002376	
0.26286421	
0.26286421	
0.26286421	
0.26569500	
0.26569500	
0.26569500	
0.26851612	
0.26851612	
0.27132754	
0.27132754	
0.27132754	
0.27412925	
0.27412925	
0.27692123	
0.27692123	
0.27692123	
0.27970345	
0.27970345	
0.27970345	
0.28247588	
0.28247588	
0.28523853	
0.28523853	
0.28523853	
0.28799135	
0.28799135	
0.28799135	
0.29073433	
0.29073433	
0.29073433	
0.29346745	
0.29346745	
0.29346745	
0.29619070	
0.29619070	
0.29890404	
0.29890404	
0.29890404	
0.30160746	
0.30160746	
0.30430095	
0.30430095	
0.30430095	
0.30698448	
0.30698448	
0.30698448	
0.30965803	
0.30965803	
0.30965803	
0.31232158	
0.31232158	
0.31497511	
0.31497511	
0.31497511	
0.31761861	
0.31761861	
0.31761861	
0.32025205	
0.32025205	
0.32025205	
0.32287542	
0.32287542	
0.32287542	
0.32548870	
0.32548870	
0.32809186	
0.32809186	
0.33068489	
0.33068489	
0.33068489	
0.33326777	
0.33326777	
0.33326777	
0.33584048	
0.33584048	
0.33584048	
0.33840300	
0.33840300	
0.34095532	
0.34095532	
0.34095532	
0.34349741	
0.34349741	
0.34349741	
0.34602926	
0.34602926	
0.34602926	
0.34855084	
0.34855084	
0.34855084	
0.35106214	
0.35106214	
0.35356314	
0.35356314	
0.35605382	
0.35605382	
0.35605382	
0.35853417	
0.35853417	
0.35853417	
0.36100416	
0.36100416	
0.36100416	
0.36346377	
0.36346377	
0.36346377	
0.36591299	
0.36591299	
0.36835180	
0.36835180	
0.36835180	
0.37078018	
0.37078018	
0.37078018	
0.37319811	
0.37319811	
0.37319811	
0.37560558	
0.37560558	
0.37560558	
0.37800255	
0.38038903	
0.38038903	
0.38038903	
0.38276498	
0.38276498	
0.38276498	
0.38513039	
0.38513039	
0.38513039	
0.38748524	
0.38748524	
0.38748524	
0.38982951	
0.38982951	
0.39216318	
0.39216318	
0.39216318	
0.39448624	
0.39448624	
0.39448624	
0.39679867	
0.39679867	
0.39679867	
0.39910044	
0.39910044	
0.39910044	
0.40139154	
0.40139154	
0.40367195	
0.40367195	
0.40594165	
0.40594165	
0.40594165	
0.40820062	
0.40820062	
0.40820062	
0.41044885	
0.41044885	
0.41044885	
0.41268631	
0.41268631	
0.41268631	
0.41491299	
0.41491299	
0.41712887	
0.41712887	
0.41712887	
0.41933392	
0.41933392	
0.41933392	
0.42152814	
0.42152814	
0.42152814	
0.42371149	
0.42371149	
0.42588397	
0.42588397	
0.42804555	
0.42804555	
0.42804555	
0.43019621	
0.43019621	
0.43019621	
0.43233594	
0.43233594	
0.43233594	
0.43446472	
0.43446472	
0.43446472	
0.43658252	
0.43658252	
0.43868933	
0.43868933	
0.43868933	
0.44078513	
0.44078513	
0.44078513	
0.44286989	
0.44286989	
0.44286989	
0.44494361	
0.44494361	
0.44700626	
0.44700626	
0.44700626	
0.44905782	
0.44905782	
0.45109827	
0.45109827	
0.45109827	
0.45312760	
0.45312760	
0.45312760	
0.45514578	
0.45514578	
0.45514578	
0.45715279	
0.45715279	
0.45715279	
0.45914862	
0.45914862	
0.46113325	
0.46113325	
0.46113325	
0.46310665	
0.46310665	
0.46310665	
0.46506880	
0.46506880	
0.46701970	
0.46701970	
0.46701970	
0.46895931	
0.46895931	
0.47088762	
0.47088762	
0.47088762	
0.47280460	
0.47280460	
0.47280460	
0.47471025	
0.47471025	
0.47471025	
0.47660453	
0.47660453	
0.47660453	
0.47848743	
0.47848743	
0.48035894	
0.48035894	
0.48035894	
0.48221902	
0.48221902	
0.48221902	
0.48406766	
0.48406766	
0.48590483	
0.48590483	
0.48590483	
0.48773053	
0.48773053	
0.48773053	
0.48954473	
0.48954473	
0.49134741	
0.49134741	
0.49134741	
0.49313855	
0.49313855	
0.49313855	
0.49491813	
0.49491813	
0.49491813	
0.49668612	
0.49668612	
0.49668612	
0.49844252	
0.49844252	
0.50018730	
0.50018730	
0.50018730	
0.50192044	
0.50192044	
0.50364191	
0.50364191	
0.50364191	
0.50535171	
0.50535171	
0.50535171	
0.50704980	
0.50704980	
0.50873617	
0.50873617	
0.50873617	
0.51041081	
0.51041081	
0.51041081	
0.51207368	
0.51207368	
0.51207368	
0.51372477	
0.51372477	
0.51372477	
0.51536405	
0.51536405	
0.51699152	
0.51699152	
0.51699152	
0.51860714	
0.51860714	
0.52021090	
0.52021090	
0.52021090	
0.52180277	
0.52180277	
0.52180277	
0.52338275	
0.52338275	
0.52338275	
0.52495079	
0.52495079	
0.52650690	
0.52650690	
0.52650690	
0.52805104	
0.52805104	
0.52805104	
0.52958319	
0.52958319	
0.52958319	
0.53110334	
0.53110334	
0.53110334	
0.53261147	
0.53261147	
0.53410754	
0.53410754	
0.53559155	
0.53559155	
0.53559155	
0.53706348	
0.53706348	
0.53706348	
0.53852329	
0.53852329	
0.53852329	
0.53997098	
0.53997098	
0.54140652	
0.54140652	
0.54140652	
0.54282989	
0.54282989	
0.54282989	
0.54424108	
0.54424108	
0.54424108	
0.54564005	
0.54564005	
0.54564005	
0.54702679	
0.54702679	
0.54840128	
0.54840128	
0.54976350	
0.54976350	
0.54976350	
0.55111343	
0.55111343	
0.55111343	
0.55245105	
0.55245105	
0.55245105	
0.55377633	
0.55377633	
0.55377633	
0.55508927	
0.55508927	
0.55638983	
0.55638983	
0.55638983	
0.55767799	
0.55767799	
0.55767799	
0.55895374	
0.55895374	
0.55895374	
0.56021706	
0.56021706	
0.56021706	
0.56146792	
0.56270631	
0.56270631	
0.56270631	
0.56393220	
0.56393220	
0.56393220	
0.56514558	
0.56514558	
0.56514558	
0.56634642	
0.56634642	
0.56634642	
0.56753470	
0.56753470	
0.56871041	
0.56871041	
0.56871041	
0.56987352	
0.56987352	
0.56987352	
0.57102401	
0.57102401	
0.57102401	
0.57216186	
0.57216186	
0.57216186	
0.57328706	
0.57328706	
0.57439957	
0.57439957	
0.57549939	
0.57549939	
0.57549939	
0.57658649	
0.57658649	
0.57658649	
0.57766085	
0.57766085	
0.57766085	
0.57872245	
0.57872245	
0.57872245	
0.57977128	
0.57977128	
0.58080730	
0.58080730	
0.58080730	
0.58183050	
0.58183050	
0.58183050	
0.58284086	
0.58284086	
0.58284086	
0.58383837	
0.58383837	
0.58482299	
0.58482299	
0.58579471	
0.58579471	
0.58579471	
0.58675352	
0.58675352	
0.58675352	
0.58769938	
0.58769938	
0.58769938	
0.58863229	
0.58863229	
0.58863229	
0.58955221	
0.58955221	
0.59045914	
0.59045914	
0.59045914	
0.59135304	
0.59135304	
0.59135304	
0.59223391	
0.59223391	
0.59223391	
0.59310172	
0.59310172	
0.59395645	
0.59395645	
0.59395645	
0.59479808	
0.59479808	
0.59562659	
0.59562659	
0.59562659	
0.59644196	
0.59644196	
0.59644196	
0.59724418	
0.59724418	
0.59724418	
0.59803322	
0.59803322	
0.59803322	
0.59880906	
0.59880906	
0.59957169	
0.59957169	
0.59957169	
0.60032108	
0.60032108	
0.60032108	
0.60105721	
0.60105721	
0.60178007	
0.60178007	
0.60178007	
0.60248964	
0.60248964	
0.60318589	
0.60318589	
0.60318589	
0.60386881	
0.60386881	
0.60386881	
0.60453837	
0.60453837	
0.60453837	
0.60519457	
0.60519457	
0.60519457	
0.60583737	
0.60583737	
0.60646676	
0.60646676	
0.60646676	
0.60708273	
0.60708273	
0.60708273	
0.60768525	
0.60768525	
0.60827429	
0.60827429	
0.60827429	
0.60884986	
0.60884986	
0.60884986	
0.60941191	
0.60941191	
0.60996044	
0.60996044	
0.60996044	
0.61049543	
0.61049543	
0.61049543	
0.61101686	
0.61101686	
0.61101686	
0.61152470	
0.61152470	
0.61152470	
0.61201895	
0.61201895	
0.61249957	
0.61249957	
0.61249957	
0.61296656	
0.61296656	
0.61341989	
0.61341989	
0.61341989	
0.61385955	
0.61385955	
0.61385955	
0.61428551	
0.61428551	
0.61469776	
0.61469776	
0.61469776	
0.61509628	
0.61509628	
0.61509628	
0.61548106	
0.61548106	
0.61548106	
0.61585206	
0.61585206	
0.61585206	
0.61620928	
0.61620928	
0.61655269	
0.61655269	
0.61655269	
0.61688228	
0.61688228	
0.61719803	
0.61719803	
0.61719803	
0.61749991	
0.61749991	
0.61749991	
0.61778792	
0.61778792	
0.61778792	
0.61806204	
0.61806204	
0.61832224	
0.61832224	
0.61832224	
0.61856851	
0.61856851	
0.61856851	
0.61880083	
0.61880083	
0.61880083	
0.61901918	
0.61901918	
0.61901918	
0.61922354	
0.61922354	
0.61941390	
0.61941390	
0.61959024	
0.61959024	
0.61959024	
0.61975254	
0.61975254	
0.61975254	
0.61990078	
0.61990078	
0.61990078	
0.62003494	
0.62003494	
0.62015501	
0.62015501	
0.62015501	
0.62026097	
0.62026097	
0.62026097	
0.62035280	
0.62035280	
0.62035280	
0.62043049	
0.62043049	
0.62043049	
0.62049401	
0.62049401	
0.62054335	
0.62054335	
0.62057849	
0.62057849	
0.62057849	
0.62059942	
0.62059942	
0.62059942	
0.62060611	
0.62060611	
0.62060611	
0.62059855	
0.62059855	
0.62059855	
0.62057672	
0.62057672	
0.62054060	
0.62054060	
0.62054060	
0.62049019	
0.62049019	
0.62049019	
0.62042545	
0.62042545	
0.62042545	
0.62034637	
0.62034637	
0.62034637	
0.62025294	
0.62014514	
0.62014514	
0.62014514	
0.62002295	
0.62002295	
0.62002295	
0.61988636	
0.61988636	
0.61988636	
0.61973534	
0.61973534	
0.61973534	
0.61956988	
0.61956988	
0.61938996	
0.61938996	
0.61938996	
0.61919557	
0.61919557	
0.61919557	
0.61898669	
0.61898669	
0.61898669	
0.61876331	
0.61876331	
0.61876331	
0.61852540	
0.61852540	
0.61827294	
0.61827294	
0.61800594	
0.61800594	
0.61800594	
0.61772435	
0.61772435	
0.61772435	
0.61742818	
0.61742818	
0.61742818	
0.61711740	
0.61711740	
0.61711740	
0.61679199	
0.61679199	
0.61645195	
0.61645195	
0.61645195	
0.61609725	
0.61609725	
0.61609725	
0.61572787	
0.61572787	
0.61572787	
0.61534381	
0.61534381	
0.61494504	
0.61494504	
0.61453154	
0.61453154	
0.61453154	
0.61410331	
0.61410331	
0.61410331	
0.61366032	
0.61366032	
0.61366032	
0.61320257	
0.61320257	
0.61320257	
0.61273002	
0.61273002	
0.61224267	
0.61224267	
0.61224267	
0.61174051	
0.61174051	
0.61174051	
0.61122350	
0.61122350	
0.61122350	
0.61069165	
0.61069165	
0.61014493	
0.61014493	
0.61014493	
0.60958332	
0.60958332	
0.60900682	
0.60900682	
0.60900682	
0.60841540	
0.60841540	
0.60841540	
0.60780905	
0.60780905	
0.60780905	
0.60718775	
0.60718775	
0.60718775	
0.60655149	
0.60655149	
0.60590026	
0.60590026	
0.60590026	
0.60523402	
0.60523402	
0.60523402	
0.60455278	
0.60455278	
0.60385652	
0.60385652	
0.60385652	
0.60314521	
0.60314521	
0.60241885	
0.60241885	
0.60241885	
0.60167741	
0.60167741	
0.60167741	
0.60092089	
0.60092089	
0.60092089	
0.60014927	
0.60014927	
0.60014927	
0.59936253	
0.59936253	
0.59856066	
0.59856066	
0.59856066	
0.59774364	
0.59774364	
0.59774364	
0.59691145	
0.59691145	
0.59606409	
0.59606409	
0.59606409	
0.59520154	
0.59520154	
0.59520154	
0.59432378	
0.59432378	
0.59343079	
0.59343079	
0.59343079	
0.59252257	
0.59252257	
0.59252257	
0.59159909	
0.59159909	
0.59159909	
0.59066035	
0.59066035	
0.59066035	
0.58970632	
0.58970632	
0.58873700	
0.58873700	
0.58873700	
0.58775237	
0.58775237	
0.58675241	
0.58675241	
0.58675241	
0.58573711	
0.58573711	
0.58573711	
0.58470645	
0.58470645	
0.58366043	
0.58366043	
0.58366043	
0.58259903	
0.58259903	
0.58259903	
0.58152222	
0.58152222	
0.58152222	
0.58043001	
0.58043001	
0.58043001	
0.57932237	
0.57932237	
0.57819930	
0.57819930	
0.57819930	
0.57706077	
0.57706077	
0.57590677	
0.57590677	
0.57590677	
0.57473729	
0.57473729	
0.57473729	
0.57355232	
0.57355232	
0.57355232	
0.57235185	
0.57235185	
0.57113585	
0.57113585	
0.57113585	
0.56990432	
0.56990432	
0.56990432	
0.56865725	
0.56865725	
0.56865725	
0.56739461	
0.56739461	
0.56739461	
0.56611641	
0.56611641	
0.56482261	
0.56482261	
0.56351323	
0.56351323	
0.56351323	
0.56218823	
0.56218823	
0.56218823	
0.56084761	
0.56084761	
0.56084761	
0.55949135	
0.55949135	
0.55811945	
0.55811945	
0.55811945	
0.55673190	
0.55673190	
0.55673190	
0.55532867	
0.55532867	
0.55532867	
0.55390976	
0.55390976	
0.55390976	
0.55247516	
0.55247516	
0.55102485	
0.55102485	
0.54955883	
0.54955883	
0.54955883	
0.54807709	
0.54807709	
0.54807709	
0.54657961	
0.54657961	
0.54657961	
0.54506638	
0.54506638	
0.54506638	
0.54353739	
0.54353739	
0.54199264	
0.54199264	
0.54199264	
0.54043212	
0.54043212	
0.54043212	
0.53885580	
0.53885580	
0.53885580	
0.53726369	
0.53726369	
0.53726369	
0.53565578	
0.53403205	
0.53403205	
0.53403205	
0.53239251	
0.53239251	
0.53239251	
0.53073713	
0.53073713	
0.53073713	
0.52906591	
0.52906591	
0.52906591	
0.52737885	
0.52737885	
0.52567594	
0.52567594	
0.52567594	
0.52395716	
0.52395716	
0.52395716	
0.52222252	
0.52222252	
0.52222252	
0.52047201	
0.52047201	
0.52047201	
0.51870562	
0.51870562	
0.51692334	
0.51692334	
0.51512517	
0.51512517	
0.51512517	
0.51331110	
0.51331110	
0.51331110	
0.51148114	
0.51148114	
0.51148114	
0.50963527	
0.50963527	
0.50963527	
0.50777350	
0.50777350	
0.50589581	
0.50589581	
0.50589581	
0.50400221	
0.50400221	
0.50400221	
0.50209269	
0.50209269	
0.50209269	
0.50016725	
0.50016725	
0.49822590	
0.49822590	
0.49626862	
0.49626862	
0.49626862	
0.49429542	
0.49429542	
0.49429542	
0.49230630	
0.49230630	
0.49230630	
0.49030126	
0.49030126	
0.49030126	
0.48828030	
0.48828030	
0.48624342	
0.48624342	
0.48624342	
0.48419063	
0.48419063	
0.48419063	
0.48212192	
0.48212192	
0.48212192	
0.48003731	
0.48003731	
0.47793679	
0.47793679	
0.47793679	
0.47582037	
0.47582037	
0.47368806	
0.47368806	
0.47368806	
0.47153986	
0.47153986	
0.47153986	
0.46937577	
0.46937577	
0.46937577	
0.46719582	
0.46719582	
0.46719582	
0.46500000	
0.46500000	
0.46278833	
0.46278833	
0.46278833	
0.46056081	
0.46056081	
0.46056081	
0.45831746	
0.45831746	
0.45605829	
0.45605829	
0.45605829	
0.45378330	
0.45378330	
0.45149253	
0.45149253	
0.45149253	
0.44918597	
0.44918597	
0.44918597	
0.44686365	
0.44686365	
0.44686365	
0.44452558	
0.44452558	
0.44452558	
0.44217178	
0.44217178	
0.43980227	
0.43980227	
0.43980227	
0.43741706	
0.43741706	
0.43741706	
0.43501619	
0.43501619	
0.43259966	
0.43259966	
0.43259966	
0.43016751	
0.43016751	
0.43016751	
0.42771976	
0.42771976	
0.42525643	
0.42525643	
0.42525643	
0.42277755	
0.42277755	
0.42277755	
0.42028315	
0.42028315	
0.42028315	
0.41777326	
0.41777326	
0.41777326	
0.41524791	
0.41524791	
0.41270713	
0.41270713	
0.41270713	
0.41015095	
0.41015095	
0.40757941	
0.40757941	
0.40757941	
0.40499254	
0.40499254	
0.40499254	
0.40239039	
0.40239039	
0.39977299	
0.39977299	
0.39977299	
0.39714038	
0.39714038	
0.39714038	
0.39449261	
0.39449261	
0.39449261	
0.39182972	
0.39182972	
0.39182972	
0.38915175	
0.38915175	
0.38645875	
0.38645875	
0.38645875	
0.38375078	
0.38375078	
0.38102787	
0.38102787	
0.38102787	
0.37829009	
0.37829009	
0.37829009	
0.37553750	
0.37553750	
0.37553750	
0.37277013	
0.37277013	
0.36998806	
0.36998806	
0.36998806	
0.36719135	
0.36719135	
0.36719135	
0.36438005	
0.36438005	
0.36438005	
0.36155423	
0.36155423	
0.36155423	
0.35871395	
0.35871395	
0.35585929	
0.35585929	
0.35299032	
0.35299032	
0.35299032	
0.35010710	
0.35010710	
0.35010710	
0.34720972	
0.34720972	
0.34720972	
0.34429824	
0.34429824	
0.34137275	
0.34137275	
