332.99966259	
332.99951312	
333.00014551	
333.00018345	
333.00017323	
333.00089910	
333.00148781	
333.00175960	
333.00131039	
333.00106885	
333.00138885	
333.00154765	
333.00150000	
333.00113463	
333.00074257	
333.00077178	
333.00091220	
333.00121296	
333.00100111	
333.00092278	
333.00085222	
333.00073140	
333.00066442	
333.00010407	
333.00003917	
333.00057257	
333.00047448	
332.99981839	
333.00017491	
333.00079234	
333.00129392	
333.00106102	
333.00027859	
332.99978564	
332.99943674	
332.99899764	
332.99885897	
332.99877085	
332.99821465	
332.99857683	
332.99931454	
332.99937427	
332.99906933	
332.99867627	
332.99872210	
332.99911577	
332.99919610	
332.99910718	
332.99937225	
332.99986999	
333.00035148	
333.00004893	
332.99924886	
332.99926338	
332.99913299	
332.99863176	
332.99858911	
332.99857247	
332.99909388	
332.99961890	
332.99929240	
332.99922364	
332.99956624	
332.99984200	
332.99995875	
332.99985650	
333.00024811	
333.00015851	
332.99942348	
332.99956713	
332.99942931	
332.99893555	
332.99885250	
332.99918270	
332.99939550	
332.99978835	
332.99994441	
332.99934941	
332.99970000	
333.00049604	
333.00043575	
333.00007480	
332.99976604	
332.99976605	
333.00011821	
333.00045767	
333.00025014	
332.99958454	
332.99990257	
333.00043810	
333.00013706	
332.99975669	
333.00017434	
333.00035724	
333.00034838	
333.00098172	
333.00156917	
333.00142031	
333.00138441	
333.00130250	
333.00085443	
333.00102326	
333.00100404	
333.00057613	
333.00018253	
332.99966169	
332.99912781	
332.99932835	
332.99949950	
332.99940152	
332.99946083	
332.99960726	
332.99971769	
333.00013809	
333.00095838	
333.00071492	
333.00039924	
333.00034598	
332.99974525	
332.99966163	
332.99938862	
332.99953167	
333.00026859	
333.00007538	
333.00006889	
333.00010360	
332.99983725	
332.99952566	
332.99965453	
332.99992913	
332.99961923	
332.99913852	
332.99870654	
332.99860715	
332.99855132	
332.99851434	
332.99833192	
332.99808003	
332.99853204	
332.99932872	
333.00002606	
333.00045268	
333.00084354	
333.00100279	
333.00122146	
333.00162612	
333.00109597	
333.00114362	
333.00106128	
333.00061552	
333.00109473	
333.00097750	
333.00032367	
332.99999704	
332.99957068	
332.99915711	
332.99878538	
332.99838770	
332.99873875	
332.99922347	
332.99920445	
332.99917207	
332.99970842	
333.00037183	
333.00056503	
333.00041684	
332.99992367	
332.99963662	
332.99967659	
332.99954741	
332.99917037	
332.99869198	
332.99842208	
332.99889311	
332.99938133	
332.99902139	
332.99863472	
332.99863586	
332.99917155	
332.99999089	
333.00069325	
333.00091379	
333.00033412	
333.00012958	
333.00046817	
333.00054933	
333.00017203	
332.99960904	
332.99980947	
333.00065248	
333.00138386	
333.00149020	
333.00111502	
333.00110116	
333.00072185	
333.00070780	
333.00129248	
333.00127365	
333.00158858	
333.00224853	
333.00207282	
333.00192246	
333.00171649	
333.00170815	
333.00224549	
333.00249637	
333.00229932	
333.00175447	
333.00163243	
333.00200959	
333.00207424	
333.00191348	
333.00213095	
333.00254563	
333.00248219	
333.00209430	
333.00193907	
333.00217861	
333.00213510	
333.00219581	
333.00288604	
333.00323832	
333.00349678	
333.00300544	
333.00210772	
333.00145046	
333.00068306	
333.00054636	
333.00028571	
333.00034126	
333.00111022	
333.00139795	
333.00112601	
333.00041775	
333.00004288	
332.99980933	
333.00005135	
333.00020205	
332.99957085	
332.99894001	
332.99884547	
332.99922661	
332.99961590	
332.99993968	
333.00025192	
333.00020734	
332.99966585	
332.99956237	
332.99926487	
332.99940812	
332.99953928	
332.99916192	
332.99932049	
332.99918558	
332.99890248	
332.99926584	
333.00010622	
333.00059077	
333.00098113	
333.00132360	
333.00170924	
333.00150125	
333.00123676	
333.00123406	
333.00118704	
333.00121409	
333.00117920	
333.00123653	
333.00087143	
333.00056361	
333.00067041	
333.00035702	
333.00012137	
333.00064860	
333.00081485	
333.00103624	
333.00131069	
333.00083294	
333.00087491	
333.00128099	
333.00125026	
333.00136859	
333.00165316	
333.00197705	
333.00223506	
333.00174909	
333.00078569	
333.00020121	
332.99998084	
332.99964880	
332.99982273	
333.00004728	
332.99956769	
332.99981496	
333.00016882	
333.00035412	
333.00089015	
333.00131141	
333.00128357	
333.00124683	
333.00158037	
333.00176004	
333.00195418	
333.00182108	
333.00183528	
333.00209480	
333.00215018	
333.00244826	
333.00194346	
333.00115749	
333.00141404	
333.00152225	
333.00171293	
333.00239972	
333.00274251	
333.00292255	
333.00245071	
333.00165621	
333.00166374	
333.00172415	
333.00193271	
333.00239060	
333.00261291	
333.00231712	
333.00193229	
333.00149414	
333.00141130	
333.00183578	
333.00149955	
333.00161286	
333.00167185	
333.00114023	
333.00093682	
333.00102478	
333.00070336	
333.00057037	
333.00034282	
333.00017092	
333.00091254	
333.00118931	
333.00145546	
333.00205137	
333.00201186	
333.00187376	
333.00213060	
333.00200996	
333.00138885	
333.00116988	
333.00093091	
333.00024595	
332.99964060	
332.99901694	
332.99901191	
332.99964305	
333.00028168	
333.00068058	
333.00033923	
332.99958003	
332.99946114	
333.00003333	
333.00011698	
332.99979332	
332.99976635	
332.99973538	
332.99962020	
332.99953711	
332.99916419	
332.99869572	
332.99868429	
332.99916778	
332.99905001	
332.99879922	
332.99896297	
332.99892652	
332.99905693	
332.99904967	
332.99869148	
332.99857130	
332.99840727	
332.99800153	
332.99820001	
332.99843534	
332.99841053	
332.99852602	
332.99838181	
332.99818379	
332.99837653	
332.99867353	
332.99925044	
332.99950639	
332.99909539	
332.99880175	
332.99833581	
332.99812383	
332.99836158	
332.99863809	
332.99928551	
332.99940930	
332.99892105	
332.99917174	
332.99933698	
332.99900385	
332.99869760	
332.99812096	
332.99815028	
332.99865756	
332.99866261	
332.99847419	
332.99891016	
332.99928572	
332.99921150	
332.99965842	
332.99990843	
332.99928543	
332.99870349	
332.99853364	
332.99810875	
332.99762372	
332.99806889	
332.99838498	
332.99812698	
332.99768616	
332.99722336	
332.99768194	
332.99772572	
332.99735649	
332.99736378	
332.99703106	
332.99702932	
332.99755403	
332.99816568	
332.99858985	
332.99839110	
332.99812951	
332.99785045	
332.99771191	
332.99759046	
332.99741744	
332.99783351	
332.99813721	
332.99828847	
332.99824220	
332.99804039	
332.99816159	
332.99840414	
332.99810189	
332.99809452	
332.99808690	
332.99746739	
332.99770598	
332.99789982	
332.99794606	
332.99851413	
332.99910072	
332.99983748	
333.00001801	
332.99996718	
333.00040609	
333.00025154	
332.99975101	
332.99995555	
333.00018126	
332.99969722	
332.99942114	
332.99947350	
332.99984257	
333.00050199	
333.00025435	
332.99964978	
332.99914312	
332.99894712	
332.99932087	
332.99927018	
332.99926175	
332.99929661	
332.99918113	
332.99902538	
332.99933255	
332.99943742	
332.99889257	
332.99850058	
332.99835236	
332.99840009	
332.99796436	
332.99813765	
332.99855004	
332.99889307	
332.99959738	
333.00018737	
333.00047030	
333.00085332	
333.00114906	
333.00094933	
333.00112620	
333.00095629	
333.00073889	
333.00044471	
333.00020620	
333.00076297	
333.00101695	
333.00115147	
333.00083167	
333.00043408	
333.00092481	
333.00139281	
333.00105845	
333.00046521	
333.00054853	
333.00094504	
333.00103246	
333.00099579	
333.00092485	
333.00070015	
333.00051915	
333.00034371	
333.00016350	
332.99990658	
332.99970099	
333.00018062	
333.00025524	
332.99979042	
332.99932176	
332.99933414	
332.99967523	
332.99966459	
332.99924919	
332.99869015	
332.99839575	
332.99863040	
332.99869904	
332.99813577	
332.99771572	
332.99761191	
332.99772795	
332.99769702	
332.99758090	
332.99764549	
332.99759911	
332.99766562	
332.99821932	
332.99864393	
332.99910235	
332.99983822	
333.00001438	
333.00022068	
333.00060210	
333.00091381	
333.00093869	
333.00109862	
333.00171533	
333.00162540	
333.00140448	
333.00106881	
333.00073516	
333.00035215	
332.99993736	
333.00039183	
333.00098004	
333.00061571	
332.99996600	
333.00022479	
333.00071691	
333.00103365	
333.00110442	
333.00072451	
333.00011050	
332.99984967	
333.00016516	
333.00041070	
333.00078924	
333.00055218	
333.00014658	
333.00029003	
332.99990139	
332.99945466	
332.99960811	
332.99967578	
332.99969756	
332.99938104	
332.99928433	
332.99926884	
332.99941159	
332.99967361	
332.99983735	
333.00028074	
333.00060696	
333.00041452	
333.00044874	
333.00048987	
333.00056226	
333.00115884	
333.00150632	
333.00153487	
333.00103353	
333.00105641	
333.00147147	
333.00160663	
333.00140317	
333.00135880	
333.00108601	
333.00118251	
333.00191692	
333.00238821	
333.00243723	
333.00204866	
333.00216452	
333.00225899	
333.00234562	
333.00208135	
333.00189256	
333.00170306	
333.00080792	
333.00097930	
333.00090569	
333.00051531	
333.00032772	
332.99964022	
332.99985599	
332.99984332	
332.99945346	
332.99956553	
332.99997089	
333.00067456	
333.00080142	
333.00105190	
333.00160785	
333.00210347	
333.00176166	
333.00123279	
333.00096770	
333.00017895	
333.00030494	
333.00104308	
333.00088640	
333.00074180	
333.00124328	
333.00094511	
333.00014514	
332.99959891	
332.99979309	
332.99976389	
332.99957665	
333.00028416	
333.00061705	
333.00080843	
333.00069333	
333.00083091	
333.00129060	
333.00146988	
333.00135466	
333.00123854	
333.00166446	
333.00159267	
333.00088616	
333.00025993	
332.99978369	
332.99983607	
332.99963531	
332.99883784	
332.99869836	
332.99906952	
332.99916287	
332.99953423	
332.99947775	
332.99904995	
332.99886567	
332.99857368	
332.99837463	
332.99850356	
332.99838548	
332.99846706	
332.99889759	
332.99915555	
332.99912320	
332.99908028	
332.99966890	
332.99949854	
332.99925943	
332.99914428	
332.99895205	
332.99927131	
332.99938780	
332.99913544	
332.99903948	
332.99923154	
332.99921321	
332.99894217	
332.99873536	
332.99899920	
332.99909446	
332.99921560	
332.99911975	
332.99885515	
332.99876589	
332.99864716	
332.99900624	
332.99911731	
332.99957434	
332.99982547	
332.99971251	
332.99994582	
333.00041595	
333.00043849	
332.99992457	
332.99996094	
333.00057629	
333.00049230	
333.00041033	
333.00098540	
333.00083441	
333.00011766	
333.00004594	
333.00022880	
332.99988865	
332.99971709	
332.99939204	
332.99882551	
332.99887813	
332.99936600	
332.99920168	
332.99919815	
332.99971914	
332.99998633	
332.99966786	
332.99890795	
332.99834485	
332.99780735	
332.99813909	
332.99847772	
332.99852413	
332.99883233	
332.99905883	
332.99908264	
332.99902892	
332.99951063	
332.99949601	
332.99933980	
332.99982487	
332.99974563	
332.99935676	
332.99949706	
332.99929899	
332.99952811	
333.00014563	
332.99983157	
332.99989675	
332.99988461	
332.99935740	
332.99970316	
332.99997013	
333.00013529	
333.00082209	
333.00132889	
333.00121332	
333.00074538	
333.00056703	
333.00101977	
333.00170811	
333.00161083	
333.00090352	
333.00099185	
333.00088197	
333.00082985	
333.00136243	
333.00107135	
333.00121324	
333.00180733	
333.00144506	
333.00062270	
332.99993646	
332.99947929	
332.99959214	
332.99984695	
332.99951059	
332.99918733	
332.99930596	
332.99963457	
333.00016536	
333.00063913	
333.00114666	
333.00087521	
333.00020637	
333.00047329	
333.00045293	
333.00054628	
333.00038393	
333.00024525	
333.00091792	
333.00101527	
333.00120579	
333.00116154	
333.00085018	
333.00044225	
333.00041772	
333.00047323	
333.00008488	
332.99983096	
332.99957247	
332.99960647	
333.00008374	
333.00035280	
333.00054683	
333.00051314	
333.00006339	
333.00027754	
333.00032504	
333.00033964	
333.00055415	
333.00067817	
333.00094837	
333.00065063	
333.00032221	
333.00080051	
333.00077627	
333.00000410	
332.99956757	
332.99962760	
332.99946689	
332.99963157	
332.99956697	
332.99953712	
332.99957158	
332.99956904	
332.99975933	
332.99928813	
332.99891409	
332.99889920	
332.99952099	
332.99964629	
332.99929323	
332.99895286	
332.99871264	
332.99894938	
332.99870398	
332.99834639	
332.99869444	
332.99915396	
332.99917609	
332.99884332	
332.99924597	
332.99951196	
332.99946217	
332.99975378	
332.99932461	
332.99867832	
332.99841658	
332.99858651	
332.99890608	
332.99870296	
332.99826012	
332.99809787	
332.99829286	
332.99851933	
332.99849594	
332.99869944	
332.99926048	
332.99932713	
332.99905366	
332.99886147	
332.99846640	
332.99822107	
332.99855462	
332.99909324	
332.99940724	
332.99915298	
332.99886437	
332.99882576	
332.99885957	
332.99924810	
332.99987064	
332.99976063	
332.99914355	
332.99894420	
332.99926466	
332.99970981	
332.99933997	
332.99881463	
332.99840285	
332.99831828	
332.99859733	
332.99869530	
332.99846824	
332.99847465	
332.99887134	
332.99942962	
332.99986712	
332.99976991	
332.99962735	
333.00009846	
333.00025782	
332.99969994	
332.99941831	
332.99959761	
332.99998724	
332.99984030	
332.99965572	
332.99943387	
332.99926253	
332.99909285	
332.99864296	
332.99866455	
332.99853628	
332.99829025	
332.99853764	
332.99862513	
332.99908248	
332.99938840	
332.99940497	
332.99920790	
332.99871704	
332.99900795	
332.99942495	
332.99911054	
332.99929995	
332.99974152	
332.99977812	
333.00031189	
333.00097385	
333.00120797	
333.00103133	
333.00107067	
333.00121323	
333.00127268	
333.00108734	
333.00111045	
333.00126202	
333.00123136	
333.00079005	
333.00052735	
333.00074501	
333.00053486	
333.00037799	
333.00080914	
333.00092851	
333.00026722	
332.99999623	
333.00005600	
333.00023924	
333.00005715	
332.99976734	
332.99989673	
332.99947068	
332.99969487	
333.00015970	
332.99963353	
332.99923581	
332.99969460	
333.00045428	
333.00035467	
333.00053705	
333.00095554	
333.00071627	
333.00033629	
333.00053587	
333.00046106	
333.00012969	
333.00073287	
333.00053383	
333.00011632	
333.00010012	
333.00046519	
333.00099240	
333.00106441	
333.00141352	
333.00180161	
333.00149866	
333.00159236	
333.00177605	
333.00138299	
333.00122616	
333.00142297	
333.00175511	
333.00188547	
333.00194063	
333.00143443	
333.00104205	
333.00098495	
333.00099061	
333.00128381	
333.00170880	
333.00226972	
333.00227294	
333.00215819	
333.00227988	
333.00198883	
333.00163753	
333.00167256	
333.00211030	
333.00179756	
333.00086831	
333.00088672	
333.00100603	
333.00082613	
333.00089654	
333.00084934	
333.00040640	
332.99993318	
332.99990801	
332.99958675	
332.99943694	
333.00002801	
333.00008757	
333.00016247	
333.00076060	
333.00136365	
333.00157627	
333.00158615	
333.00149359	
333.00133364	
333.00098746	
333.00091715	
333.00147960	
333.00139869	
333.00089560	
333.00059023	
333.00056299	
333.00048371	
333.00003996	
333.00025430	
333.00091262	
333.00137719	
333.00197195	
333.00249638	
333.00232984	
333.00139736	
333.00140184	
333.00165742	
333.00165439	
333.00193312	
333.00190607	
333.00217762	
333.00249195	
333.00263232	
333.00229725	
333.00191657	
333.00162232	
333.00148613	
333.00186717	
333.00175842	
333.00166845	
333.00198600	
333.00235738	
333.00241272	
333.00218273	
333.00217462	
333.00251353	
333.00272455	
333.00277264	
333.00244931	
333.00247172	
333.00281868	
333.00225986	
333.00184417	
333.00147010	
333.00115543	
333.00090359	
333.00102275	
333.00110530	
333.00095078	
333.00138925	
333.00137068	
333.00140531	
333.00123677	
333.00056437	
332.99994082	
333.00007384	
333.00032921	
333.00016114	
333.00029580	
333.00029723	
333.00032875	
332.99994159	
332.99992646	
333.00035468	
333.00054621	
333.00028300	
332.99989492	
333.00040243	
333.00081378	
333.00096092	
333.00107978	
333.00099464	
333.00055023	
333.00026357	
332.99993562	
332.99965540	
332.99931951	
332.99878509	
332.99881399	
332.99906680	
332.99944700	
332.99983559	
332.99950983	
332.99956312	
332.99992257	
332.99985989	
332.99955709	
332.99965354	
333.00010873	
332.99960302	
332.99905012	
332.99861722	
332.99864163	
332.99865642	
332.99819817	
332.99857921	
332.99915210	
332.99912146	
332.99901883	
332.99883824	
332.99855849	
332.99809036	
332.99806330	
332.99807751	
332.99753861	
332.99795371	
332.99892701	
332.99888293	
332.99877858	
332.99923087	
332.99937482	
332.99892841	
332.99857382	
332.99873057	
332.99865872	
332.99816154	
332.99755024	
332.99748755	
332.99728532	
332.99715765	
332.99710111	
332.99708896	
332.99761699	
332.99775164	
332.99826060	
332.99903619	
332.99875226	
332.99812580	
332.99837499	
332.99894005	
332.99892044	
332.99841868	
332.99823326	
332.99819234	
332.99803288	
332.99774245	
332.99767419	
332.99751087	
332.99730494	
332.99748633	
332.99778580	
332.99834357	
332.99850806	
332.99828548	
332.99787296	
332.99813312	
332.99823428	
332.99795640	
332.99799615	
332.99806388	
332.99829144	
332.99873461	
332.99875618	
332.99852542	
332.99899474	
332.99908975	
332.99905692	
332.99934306	
332.99904220	
332.99883895	
332.99877154	
332.99901838	
332.99904890	
332.99905404	
332.99991141	
332.99978655	
332.99924363	
332.99904858	
332.99945990	
333.00019730	
333.00015593	
333.00038766	
333.00043572	
333.00021230	
333.00013283	
333.00025799	
333.00047652	
333.00063138	
333.00077234	
333.00085901	
333.00100817	
333.00073549	
333.00106178	
333.00153045	
333.00143314	
333.00139911	
333.00176266	
333.00161534	
333.00133111	
333.00131398	
333.00141831	
333.00198615	
333.00192160	
333.00137785	
333.00151547	
333.00143683	
333.00101466	
333.00059521	
333.00048381	
333.00067208	
333.00040356	
333.00067537	
333.00083139	
333.00073913	
333.00068941	
333.00059230	
333.00111189	
333.00089499	
333.00050303	
333.00110086	
333.00136932	
333.00152718	
333.00187860	
333.00189790	
333.00182087	
333.00184370	
333.00150079	
333.00095320	
333.00067460	
333.00067963	
333.00037733	
333.00052399	
333.00078499	
333.00006388	
333.00022957	
333.00095289	
333.00144154	
333.00141272	
333.00108951	
333.00153880	
333.00172024	
333.00110762	
333.00111291	
333.00132547	
333.00107282	
333.00122096	
333.00175503	
333.00142201	
333.00119743	
333.00186628	
333.00155195	
333.00105669	
333.00131294	
333.00166421	
333.00130116	
333.00121884	
333.00191962	
333.00167502	
333.00150408	
333.00166796	
333.00163443	
333.00153722	
333.00166843	
333.00151060	
333.00097018	
333.00071113	
333.00037955	
333.00064653	
333.00113609	
333.00100750	
333.00095840	
333.00104486	
333.00054363	
333.00035236	
333.00028854	
332.99983258	
332.99991532	
333.00042201	
333.00097522	
333.00089177	
333.00007592	
332.99973443	
333.00013861	
333.00003322	
332.99982038	
332.99964250	
332.99935859	
332.99907323	
332.99883018	
332.99897460	
332.99870990	
332.99877346	
332.99911303	
332.99935971	
332.99984824	
333.00034210	
333.00042723	
332.99983433	
332.99915655	
332.99896899	
332.99943385	
333.00019823	
333.00030054	
332.99993813	
333.00022071	
333.00002608	
332.99981425	
332.99999863	
332.99977427	
332.99978692	
332.99936503	
332.99916817	
332.99917515	
332.99878306	
332.99849024	
332.99806305	
332.99826079	
332.99874147	
332.99913681	
332.99979879	
332.99978981	
332.99954245	
332.99974962	
333.00017502	
333.00061561	
333.00108986	
333.00129984	
333.00146232	
333.00159059	
333.00117724	
333.00076168	
333.00015137	
332.99943595	
332.99975586	
333.00055061	
333.00052722	
333.00045147	
333.00024200	
333.00019239	
333.00062744	
333.00018555	
333.00025609	
333.00109571	
333.00127612	
333.00062631	
333.00036766	
333.00009401	
332.99927405	
332.99880884	
332.99825449	
332.99849888	
332.99857326	
332.99779771	
332.99816871	
332.99829833	
332.99791825	
332.99806974	
332.99842897	
332.99909617	
332.99903565	
332.99874777	
332.99920623	
332.99952555	
332.99959538	
332.99957224	
332.99952204	
332.99955950	
332.99927685	
332.99956923	
333.00017121	
332.99999681	
332.99971143	
332.99926279	
332.99901281	
332.99892446	
332.99883841	
332.99873911	
332.99821968	
332.99792505	
332.99798917	
332.99828735	
332.99887604	
332.99904835	
332.99887824	
332.99940390	
332.99977000	
332.99952381	
332.99946375	
332.99962355	
332.99941550	
332.99882956	
332.99888541	
332.99921851	
332.99910344	
332.99898887	
332.99929874	
332.99974245	
332.99947039	
332.99891367	
332.99926141	
333.00007615	
332.99990475	
332.99964948	
332.99971371	
332.99935504	
332.99949278	
332.99963392	
332.99904215	
332.99896531	
332.99915277	
332.99925718	
332.99903055	
332.99860391	
332.99885474	
332.99926920	
332.99989078	
332.99989721	
332.99945734	
332.99913733	
332.99919950	
332.99958849	
332.99965439	
332.99994821	
333.00016729	
333.00039529	
333.00026525	
332.99977676	
332.99984627	
332.99973233	
332.99943705	
332.99911758	
332.99873714	
332.99864512	
332.99876630	
332.99891407	
332.99940985	
332.99975842	
332.99977198	
333.00009532	
333.00020599	
333.00035679	
333.00037109	
332.99978833	
332.99918044	
332.99921244	
332.99918307	
332.99902172	
332.99911915	
332.99898201	
332.99914877	
332.99931974	
332.99897147	
332.99918584	
332.99934328	
332.99885635	
332.99889676	
332.99956631	
332.99995156	
333.00028476	
333.00081231	
333.00080666	
333.00049454	
333.00007027	
332.99957729	
332.99975700	
332.99964120	
332.99881552	
332.99912174	
332.99985979	
332.99972857	
332.99962228	
332.99977642	
332.99969427	
332.99977935	
333.00029713	
333.00071335	
333.00114982	
333.00153656	
333.00108335	
333.00098493	
333.00137912	
333.00117838	
333.00089730	
333.00077968	
333.00022607	
332.99960679	
332.99964904	
333.00031265	
333.00054842	
333.00017510	
332.99982757	
332.99954200	
332.99985221	
332.99990295	
332.99947187	
332.99950747	
332.99959052	
332.99941439	
332.99967858	
333.00032369	
333.00031177	
332.99972455	
332.99919629	
332.99919865	
332.99932044	
332.99924934	
332.99973208	
332.99963793	
332.99963260	
333.00002679	
333.00027701	
333.00010197	
332.99945516	
332.99990201	
332.99987253	
332.99971542	
333.00037611	
333.00056423	
333.00017003	
333.00021747	
333.00007207	
332.99950558	
332.99979337	
332.99963003	
332.99886802	
332.99889151	
332.99877391	
332.99848498	
332.99910712	
333.00001744	
333.00061124	
333.00076235	
333.00065097	
333.00103268	
333.00135173	
333.00110127	
333.00049449	
333.00060558	
333.00085587	
333.00024212	
332.99976671	
332.99940324	
332.99977270	
332.99977547	
332.99958853	
332.99945245	
332.99901123	
332.99937217	
332.99948224	
332.99938307	
332.99996788	
332.99993650	
332.99977952	
333.00050331	
333.00076567	
333.00020495	
332.99941235	
332.99906342	
332.99892749	
332.99910078	
332.99978048	
332.99991702	
332.99965038	
332.99966566	
333.00000211	
333.00057490	
333.00102945	
333.00114609	
333.00086181	
333.00033777	
333.00032208	
333.00057640	
333.00087358	
333.00154431	
333.00169424	
333.00185675	
333.00175941	
333.00158775	
333.00215432	
333.00247464	
333.00232126	
333.00244637	
333.00296144	
333.00249533	
333.00199322	
333.00213193	
333.00214261	
333.00170841	
333.00145928	
333.00157425	
333.00138259	
333.00123250	
333.00099617	
333.00082965	
333.00063415	
333.00071034	
333.00127658	
333.00101731	
333.00082713	
333.00122656	
333.00158644	
333.00188106	
333.00135913	
333.00064644	
333.00083799	
333.00155642	
333.00166930	
333.00158619	
333.00190995	
333.00162709	
333.00147165	
333.00158611	
333.00137809	
333.00144435	
333.00183220	
333.00227669	
333.00248607	
333.00225982	
333.00226597	
333.00242866	
333.00187268	
333.00148937	
333.00097948	
333.00081792	
333.00063564	
333.00009101	
333.00033002	
333.00079180	
333.00101179	
333.00065754	
333.00016914	
333.00004797	
332.99966297	
332.99978772	
333.00048798	
333.00075439	
333.00079248	
333.00090630	
333.00126794	
333.00119797	
333.00052611	
333.00068071	
333.00083081	
333.00016225	
333.00038035	
333.00111966	
333.00147355	
333.00157280	
333.00175090	
333.00224058	
333.00218907	
333.00141938	
333.00140093	
333.00207599	
333.00209393	
333.00194284	
333.00190404	
333.00178390	
333.00148843	
333.00135280	
333.00181114	
333.00148430	
333.00061069	
333.00053825	
333.00099704	
333.00080913	
333.00066086	
333.00035312	
332.99960079	
332.99904950	
332.99871664	
332.99846714	
332.99810870	
332.99852484	
332.99864787	
332.99868926	
332.99879214	
332.99842654	
332.99803235	
332.99811836	
332.99803198	
332.99749720	
332.99767909	
332.99766819	
332.99733083	
332.99783707	
332.99879801	
332.99898102	
332.99907416	
332.99952288	
333.00003266	
332.99985111	
332.99986264	
333.00062478	
333.00110081	
333.00073316	
333.00049251	
333.00071740	
333.00012196	
333.00006535	
333.00026320	
332.99960919	
332.99968455	
332.99966695	
332.99905443	
332.99866748	
332.99869409	
332.99905298	
332.99875914	
332.99860673	
332.99877131	
332.99872330	
332.99858137	
332.99852757	
332.99861347	
332.99882739	
332.99931095	
332.99970351	
332.99994518	
333.00049578	
333.00067432	
333.00088911	
333.00066212	
332.99973051	
332.99902665	
332.99841387	
332.99800293	
332.99783165	
332.99771450	
332.99793793	
332.99825468	
332.99806258	
332.99846885	
332.99851320	
332.99777158	
332.99760216	
332.99795406	
332.99859332	
332.99887177	
332.99878906	
332.99884758	
332.99911687	
332.99927952	
332.99963052	
332.99983255	
333.00000077	
333.00014259	
333.00022112	
333.00041054	
333.00030966	
333.00064280	
333.00095514	
333.00052365	
332.99995063	
332.99979586	
332.99962760	
332.99952276	
332.99951351	
332.99929520	
332.99917736	
332.99882412	
332.99850279	
332.99896717	
332.99977555	
333.00013049	
333.00036439	
333.00035393	
332.99989742	
332.99996934	
332.99966645	
332.99920422	
332.99965328	
332.99982694	
332.99935146	
332.99914310	
332.99930887	
332.99938952	
332.99933488	
332.99887668	
332.99876912	
332.99874526	
332.99850673	
332.99858856	
332.99876440	
332.99924612	
332.99950504	
332.99938883	
332.99981930	
332.99978640	
332.99964834	
333.00018760	
332.99991807	
332.99998821	
333.00070026	
333.00107469	
333.00076094	
333.00020908	
332.99983409	
332.99932768	
332.99964813	
332.99981114	
332.99931794	
332.99882687	
332.99886618	
332.99964374	
332.99996852	
333.00015913	
333.00059476	
333.00065053	
333.00090674	
333.00114856	
333.00108620	
333.00147724	
333.00153509	
333.00103512	
333.00042320	
332.99978521	
332.99934059	
332.99921983	
332.99959184	
332.99984255	
332.99977341	
333.00000435	
332.99998529	
333.00025959	
333.00048595	
332.99978675	
332.99952122	
332.99958256	
332.99951181	
333.00002795	
333.00059411	
333.00085182	
333.00057739	
332.99979063	
332.99969382	
332.99982598	
333.00003658	
333.00025243	
333.00062139	
333.00129149	
333.00177842	
333.00175027	
333.00169004	
333.00220308	
333.00265514	
333.00230773	
333.00176368	
333.00162394	
333.00177212	
333.00197301	
333.00136551	
333.00096615	
333.00064981	
333.00015479	
333.00051820	
333.00047382	
333.00038564	
333.00096546	
333.00095461	
333.00036734	
332.99972029	
332.99907186	
332.99917020	
332.99957524	
332.99988373	
333.00043714	
333.00053582	
333.00038588	
332.99989776	
332.99993213	
333.00029546	
332.99975633	
332.99968383	
333.00008439	
333.00019504	
333.00047266	
333.00057899	
333.00086275	
333.00153900	
333.00201379	
333.00197006	
333.00151415	
333.00121016	
333.00104980	
333.00090457	
333.00106388	
333.00147922	
333.00109527	
333.00091442	
333.00152449	
333.00155644	
333.00175006	
333.00231290	
333.00223689	
333.00198275	
333.00168755	
333.00127830	
333.00142420	
333.00187816	
333.00201945	
333.00219540	
333.00259310	
333.00291101	
333.00311170	
333.00291512	
333.00261726	
333.00204730	
333.00188121	
333.00163694	
333.00073560	
333.00089700	
333.00075391	
332.99980453	
332.99955356	
332.99954010	
332.99940729	
332.99962522	
333.00024914	
333.00009252	
333.00002548	
332.99988873	
332.99918928	
332.99880057	
332.99868834	
332.99930377	
332.99950032	
332.99922562	
332.99941974	
332.99977824	
332.99955470	
332.99963060	
333.00016314	
333.00062261	
333.00079055	
333.00062984	
333.00075977	
333.00028318	
333.00029375	
333.00110721	
333.00161257	
333.00209308	
333.00186379	
333.00163926	
333.00142791	
333.00075157	
333.00025698	
333.00019983	
333.00054088	
333.00034180	
333.00025823	
333.00056595	
333.00048472	
333.00047109	
333.00035274	
332.99987824	
332.99986882	
333.00006901	
333.00020251	
333.00042221	
333.00069808	
333.00058129	
333.00009477	
332.99955217	
332.99949045	
332.99962150	
332.99944244	
332.99908825	
332.99923162	
332.99919442	
332.99838473	
332.99799362	
332.99841144	
332.99890648	
332.99923399	
332.99985578	
333.00000696	
333.00000547	
332.99981996	
332.99975586	
332.99941998	
332.99921293	
332.99988490	
333.00019311	
332.99995725	
333.00000471	
332.99975164	
332.99900811	
332.99871751	
332.99857874	
332.99847702	
332.99874437	
332.99895112	
332.99897801	
332.99869665	
332.99860823	
332.99913618	
332.99926721	
332.99931662	
332.99897809	
332.99847793	
332.99804676	
332.99768173	
332.99787607	
332.99842149	
332.99886042	
332.99863236	
332.99858284	
332.99876743	
332.99867935	
332.99884313	
332.99885514	
332.99914999	
332.99914131	
332.99854095	
332.99896838	
332.99959250	
332.99934683	
332.99931312	
332.99980598	
333.00003605	
332.99980310	
332.99934409	
332.99885208	
332.99829387	
332.99837069	
332.99893747	
332.99894997	
332.99842786	
332.99854567	
332.99898815	
332.99945866	
332.99973838	
332.99925127	
332.99935859	
332.99935806	
332.99941373	
332.99950476	
332.99927557	
332.99945925	
332.99941794	
332.99954174	
333.00001500	
332.99975108	
332.99918746	
332.99935141	
332.99930779	
332.99951251	
332.99977952	
332.99972066	
332.99929340	
332.99899387	
332.99948965	
332.99967921	
332.99911899	
332.99858219	
332.99901762	
332.99953052	
332.99905871	
332.99839557	
332.99802343	
332.99773518	
332.99817744	
332.99858740	
332.99851741	
332.99856685	
332.99904985	
332.99964876	
332.99959508	
332.99965682	
332.99944656	
332.99876597	
332.99850981	
332.99831011	
332.99844514	
332.99902512	
332.99903855	
332.99925707	
332.99970880	
332.99960078	
332.99905660	
332.99857658	
332.99903875	
332.99945612	
332.99920428	
332.99905836	
332.99881197	
332.99886302	
332.99933244	
332.99901450	
332.99903989	
332.99989666	
333.00020554	
333.00061555	
333.00049425	
332.99964799	
332.99916114	
332.99923444	
332.99944149	
332.99936431	
332.99971216	
333.00011121	
333.00053343	
333.00109000	
333.00151161	
333.00175104	
333.00163238	
333.00098909	
333.00091301	
333.00126495	
333.00115908	
333.00130561	
333.00140854	
333.00133306	
333.00085238	
333.00006023	
332.99999663	
333.00060657	
333.00072094	
333.00093489	
333.00152539	
333.00148927	
333.00155951	
333.00117685	
333.00017410	
332.99990742	
332.99994491	
333.00011690	
332.99989030	
332.99957542	
332.99974724	
332.99948956	
332.99967891	
333.00050633	
333.00113421	
333.00108244	
333.00050196	
333.00025369	
333.00062076	
333.00121443	
333.00126697	
333.00141615	
333.00151244	
333.00085134	
333.00086712	
333.00097592	
333.00050191	
333.00022823	
333.00028429	
333.00084940	
333.00152879	
333.00174744	
333.00149220	
333.00097995	
333.00088647	
333.00062977	
333.00012693	
333.00012072	
332.99988494	
333.00014189	
333.00028624	
332.99976467	
332.99993741	
332.99992335	
332.99951012	
332.99984719	
333.00061325	
333.00048444	
332.99989290	
333.00007809	
333.00071718	
333.00128477	
333.00132414	
333.00076297	
333.00044557	
333.00064734	
333.00066401	
333.00040658	
333.00069024	
333.00134284	
333.00108487	
333.00101671	
333.00104847	
333.00048378	
333.00004830	
332.99969525	
333.00001567	
333.00038283	
333.00058375	
333.00119708	
333.00158290	
333.00150638	
333.00139714	
333.00084148	
333.00015981	
332.99992362	
332.99955856	
332.99964348	
333.00033329	
333.00092699	
333.00127867	
333.00126105	
333.00081790	
333.00011712	
332.99992914	
333.00054372	
333.00125157	
333.00160993	
333.00147587	
333.00090840	
333.00076152	
333.00115368	
333.00093542	
333.00033458	
333.00025139	
333.00040248	
333.00055668	
333.00077210	
333.00033327	
332.99965823	
332.99947569	
332.99923542	
332.99953736	
332.99965261	
332.99931966	
332.99964435	
332.99973831	
332.99912684	
332.99891004	
332.99902393	
332.99893391	
332.99873440	
332.99890381	
332.99916908	
332.99917993	
332.99895146	
332.99884299	
332.99895868	
332.99914615	
332.99949564	
332.99955796	
332.99918617	
332.99908598	
332.99954070	
332.99921376	
332.99932788	
332.99932183	
332.99862141	
332.99891234	
332.99961806	
332.99958213	
332.99934931	
332.99955531	
332.99998378	
333.00056680	
333.00100058	
333.00150247	
333.00129887	
333.00124522	
333.00103027	
333.00068165	
333.00115131	
333.00079197	
333.00071844	
333.00078009	
333.00005398	
332.99959298	
332.99925816	
332.99909277	
332.99920907	
332.99965313	
332.99997275	
332.99965598	
332.99918990	
332.99901328	
332.99936467	
333.00007856	
333.00006109	
332.99982599	
333.00031068	
333.00038098	
333.00005292	
333.00041290	
333.00058641	
333.00071908	
333.00117759	
333.00105904	
333.00059364	
333.00072424	
333.00123665	
333.00091533	
333.00092214	
333.00080667	
333.00014444	
332.99994880	
332.99993334	
333.00027102	
333.00072713	
333.00041766	
333.00050640	
333.00061151	
333.00062113	
333.00059367	
333.00055986	
333.00095270	
333.00070772	
333.00091121	
333.00133849	
333.00131871	
333.00104718	
333.00063718	
333.00021789	
333.00027696	
333.00030166	
332.99979468	
332.99933152	
332.99874690	
332.99893284	
332.99936370	
332.99903587	
332.99913930	
332.99964289	
333.00006517	
333.00022218	
333.00000991	
332.99976575	
332.99997543	
333.00058827	
333.00084543	
333.00078442	
333.00035741	
333.00018525	
333.00002875	
332.99953662	
332.99938031	
332.99894739	
332.99863030	
332.99850329	
332.99837744	
332.99872906	
332.99894659	
332.99863303	
332.99804955	
332.99756462	
332.99802709	
332.99878781	
332.99867631	
332.99805216	
332.99811516	
332.99884905	
332.99924684	
332.99955221	
332.99964668	
332.99924913	
332.99930111	
332.99947785	
332.99907065	
332.99841600	
332.99826520	
332.99884870	
332.99913073	
332.99892357	
332.99923991	
332.99915888	
332.99901850	
332.99962643	
332.99951691	
332.99925809	
332.99887739	
332.99839711	
332.99868895	
332.99909467	
332.99914728	
332.99933867	
332.99947753	
332.99930423	
332.99944397	
332.99946126	
332.99955128	
332.99960533	
332.99903122	
332.99861480	
332.99867875	
332.99907232	
332.99956291	
333.00019469	
333.00045732	
333.00045814	
333.00046673	
333.00011304	
333.00031861	
333.00024211	
333.00027356	
333.00084719	
333.00060346	
333.00023444	
333.00010526	
333.00026665	
333.00011081	
332.99990739	
333.00003848	
333.00023723	
332.99990151	
332.99961968	
332.99992390	
332.99962175	
332.99921394	
332.99942167	
332.99946138	
332.99947654	
333.00008856	
333.00002582	
332.99940232	
332.99893822	
332.99908078	
332.99905392	
332.99846202	
332.99854363	
332.99924692	
332.99984385	
332.99973683	
332.99967324	
332.99933012	
332.99903193	
332.99899854	
332.99851632	
332.99860484	
332.99887821	
332.99850383	
332.99847674	
332.99912020	
332.99969628	
332.99998303	
333.00002278	
333.00026054	
333.00050547	
333.00091673	
333.00079335	
333.00003062	
332.99942587	
332.99943928	
332.99934901	
332.99880729	
332.99849452	
332.99826052	
332.99856841	
332.99910389	
332.99968820	
333.00006737	
333.00013754	
333.00000247	
333.00010260	
333.00065336	
333.00104488	
333.00136797	
333.00100264	
333.00017041	
333.00029637	
333.00084819	
333.00107599	
333.00102919	
333.00091776	
333.00087454	
333.00096474	
333.00116710	
333.00112687	
333.00051370	
333.00049097	
333.00122694	
333.00132028	
333.00114791	
333.00084436	
333.00085255	
333.00115529	
333.00132037	
333.00122839	
333.00053857	
333.00021043	
333.00053447	
333.00025060	
333.00020331	
333.00099112	
333.00103675	
333.00059765	
333.00055600	
333.00074298	
333.00062539	
333.00045130	
333.00011899	
333.00012661	
333.00066551	
333.00108911	
333.00138459	
333.00136020	
333.00122561	
333.00132721	
333.00157673	
333.00118886	
333.00039245	
333.00000123	
333.00031824	
333.00039507	
333.00039782	
333.00035882	
333.00022327	
333.00009570	
333.00002261	
333.00015185	
333.00041565	
333.00056891	
332.99994765	
332.99985928	
332.99979286	
332.99981435	
332.99965716	
332.99938747	
332.99913280	
332.99886059	
332.99903884	
332.99936317	
332.99961398	
332.99975657	
332.99967650	
332.99933707	
332.99978129	
332.99972093	
332.99890104	
332.99874509	
332.99889365	
332.99925755	
332.99989170	
332.99999666	
332.99982347	
333.00028688	
333.00031164	
333.00036828	
333.00057427	
333.00027879	
333.00063154	
333.00085705	
333.00086942	
333.00080143	
333.00096788	
333.00150619	
333.00173945	
333.00186958	
333.00219541	
333.00200460	
333.00180288	
333.00143411	
333.00120289	
333.00188318	
333.00225937	
333.00193505	
333.00106442	
333.00046588	
333.00038477	
333.00087773	
333.00084729	
333.00060325	
333.00047388	
333.00038327	
333.00045225	
332.99983824	
332.99947442	
332.99935701	
332.99879725	
332.99846916	
332.99862720	
332.99916139	
332.99950772	
332.99933986	
332.99911759	
332.99950776	
332.99963610	
332.99951109	
332.99929548	
332.99877792	
332.99916136	
332.99951601	
332.99971294	
333.00032908	
333.00022711	
333.00032646	
333.00084876	
333.00091569	
333.00100478	
333.00136400	
333.00107357	
333.00024135	
333.00054173	
333.00110093	
333.00060816	
333.00028599	
333.00030632	
333.00027736	
333.00060566	
333.00031299	
332.99980810	
332.99978793	
332.99978120	
332.99990210	
332.99959958	
332.99896428	
332.99927235	
332.99989966	
332.99955245	
332.99898754	
332.99901499	
332.99946009	
332.99942418	
332.99876592	
332.99903962	
332.99935188	
332.99875759	
332.99890030	
332.99900920	
332.99838706	
332.99849752	
332.99876362	
332.99834343	
332.99779538	
332.99759112	
332.99771403	
332.99789143	
332.99790900	
332.99820269	
332.99838511	
332.99823771	
332.99860521	
332.99861655	
332.99837298	
332.99808761	
332.99818941	
332.99868639	
332.99899659	
332.99938542	
332.99966709	
332.99949284	
332.99959840	
332.99956772	
332.99912672	
332.99922909	
332.99910933	
332.99898963	
332.99926837	
332.99984300	
333.00026917	
332.99988532	
332.99952056	
332.99962202	
332.99939892	
332.99920894	
332.99905169	
332.99852140	
332.99843122	
332.99908139	
332.99927273	
332.99953599	
333.00001846	
333.00017465	
333.00056793	
333.00064093	
333.00023512	
333.00043565	
333.00038909	
332.99986300	
332.99974691	
333.00014373	
333.00009788	
332.99965249	
332.99991921	
332.99999153	
333.00029325	
333.00109359	
333.00078864	
333.00037764	
333.00071919	
333.00033476	
333.00003520	
333.00042416	
333.00055768	
333.00052431	
333.00052884	
333.00011624	
332.99991291	
333.00036068	
333.00079141	
333.00058961	
333.00060611	
333.00100445	
333.00102958	
333.00137947	
333.00110739	
333.00100570	
333.00090310	
333.00018446	
332.99986989	
332.99946730	
332.99980367	
333.00008666	
332.99982876	
332.99981284	
333.00027296	
333.00083426	
333.00128705	
333.00115100	
333.00063139	
333.00099695	
333.00094687	
333.00094921	
333.00131575	
333.00104599	
333.00090307	
333.00125652	
333.00162355	
333.00135970	
333.00069953	
333.00026948	
333.00040231	
333.00018840	
333.00015960	
333.00023903	
333.00022971	
333.00070146	
333.00075887	
333.00060361	
333.00091951	
333.00076256	
333.00022716	
333.00013451	
333.00025744	
333.00053704	
333.00046612	
333.00074462	
333.00138329	
333.00105597	
333.00097755	
333.00168276	
333.00169857	
333.00096360	
333.00052843	
333.00063526	
333.00101111	
333.00131580	
333.00159290	
333.00209965	
333.00166900	
333.00082246	
333.00051375	
333.00009336	
332.99961919	
332.99989112	
332.99984054	
332.99934983	
332.99919770	
332.99947905	
332.99987530	
332.99999039	
332.99962898	
332.99970704	
333.00038945	
333.00043917	
333.00042444	
333.00054332	
333.00023131	
332.99970028	
332.99990803	
332.99971241	
332.99885071	
332.99880935	
332.99908569	
332.99927431	
332.99904793	
332.99849984	
332.99865986	
332.99934702	
332.99972787	
332.99959912	
332.99917186	
332.99880890	
332.99840727	
332.99840888	
332.99847446	
332.99821900	
332.99817101	
332.99858243	
332.99941911	
332.99925470	
332.99931227	
333.00023207	
333.00055573	
333.00096779	
333.00096538	
333.00054661	
333.00003700	
332.99947736	
332.99906039	
332.99919412	
332.99922329	
332.99920001	
332.99936305	
332.99961318	
333.00007565	
333.00021818	
333.00065013	
333.00096659	
333.00068546	
333.00013414	
332.99989181	
332.99985848	
332.99962568	
332.99917920	
332.99878273	
332.99847086	
332.99845079	
332.99833140	
332.99864630	
332.99895199	
332.99915425	
332.99936010	
332.99931001	
332.99991785	
333.00064975	
333.00047892	
333.00019461	
333.00054751	
333.00108770	
333.00168753	
333.00198632	
333.00147768	
333.00055652	
333.00012731	
333.00001522	
332.99958210	
332.99885910	
332.99858390	
332.99892667	
332.99882411	
332.99876671	
332.99903078	
332.99943768	
333.00026607	
333.00095722	
333.00131486	
333.00167042	
333.00151122	
333.00135543	
333.00169962	
333.00193466	
333.00204960	
333.00198746	
333.00236860	
333.00260881	
333.00190126	
333.00102235	
333.00124876	
333.00127317	
333.00056899	
333.00075371	
333.00132743	
333.00097838	
333.00016812	
332.99958614	
332.99921340	
332.99875591	
332.99861751	
332.99923408	
332.99994914	
332.99985989	
332.99921484	
332.99893637	
332.99922570	
332.99952970	
332.99975657	
333.00009753	
333.00027440	
333.00077267	
333.00114291	
333.00077857	
333.00064586	
333.00046889	
333.00047005	
333.00093488	
333.00070312	
333.00059498	
333.00052417	
333.00043277	
333.00068667	
333.00057334	
333.00086318	
333.00145836	
333.00137206	
333.00094255	
333.00027890	
333.00011586	
333.00059116	
333.00059334	
333.00022206	
333.00023542	
333.00046868	
333.00074241	
333.00091550	
333.00085335	
333.00058218	
333.00017969	
332.99983560	
332.99924447	
332.99865492	
332.99818053	
332.99823810	
332.99871657	
332.99911880	
332.99950897	
332.99985996	
333.00031771	
333.00059816	
333.00052535	
332.99997217	
332.99985011	
333.00055557	
333.00044506	
333.00027667	
333.00030178	
332.99996048	
333.00029921	
333.00095623	
333.00083226	
333.00070506	
333.00098319	
333.00110179	
333.00106242	
333.00051186	
333.00021850	
333.00072744	
333.00110476	
333.00113463	
333.00090934	
333.00049067	
333.00031132	
333.00014446	
332.99993992	
332.99960247	
332.99897147	
332.99832303	
332.99844870	
332.99871452	
332.99846596	
332.99872586	
332.99864160	
332.99820464	
332.99854788	
332.99886623	
332.99874264	
332.99874266	
332.99882115	
332.99891908	
332.99916222	
332.99944416	
332.99934948	
332.99936456	
332.99974468	
332.99980172	
333.00007985	
332.99993912	
332.99969543	
333.00025163	
333.00092590	
333.00077591	
333.00001387	
332.99955839	
332.99967868	
333.00018161	
333.00013165	
332.99963429	
332.99934040	
332.99935442	
332.99961840	
332.99948633	
332.99966186	
333.00000624	
333.00016179	
333.00001085	
332.99924584	
332.99894561	
332.99901442	
332.99939629	
332.99993721	
333.00049151	
333.00065254	
333.00015604	
332.99965565	
332.99991499	
332.99986118	
332.99986453	
333.00060777	
333.00079142	
333.00067469	
333.00091964	
333.00150816	
333.00199654	
333.00183896	
333.00158546	
333.00133456	
333.00136541	
333.00156942	
333.00127310	
333.00130751	
333.00151966	
333.00153796	
333.00102744	
333.00026663	
333.00019939	
333.00018851	
332.99985387	
332.99944582	
332.99917933	
332.99886949	
332.99855403	
332.99870306	
332.99888234	
332.99928822	
332.99921426	
332.99921287	
332.99920996	
332.99889314	
332.99894745	
332.99877746	
332.99862528	
332.99910895	
332.99914124	
332.99836793	
332.99816884	
332.99800068	
332.99794069	
332.99863620	
332.99894656	
332.99929178	
332.99978049	
332.99938198	
332.99933215	
332.99933401	
332.99897253	
332.99929730	
332.99957975	
332.99954380	
332.99984377	
332.99990161	
332.99936450	
332.99885555	
332.99881409	
332.99879756	
332.99891906	
332.99890819	
332.99846498	
332.99834532	
332.99891851	
332.99975745	
332.99960944	
332.99901379	
332.99926318	
332.99912613	
332.99919312	
332.99980053	
332.99942636	
332.99929070	
332.99943514	
332.99911140	
332.99862415	
332.99888009	
332.99911222	
332.99914129	
332.99937294	
332.99915442	
332.99921907	
332.99937724	
332.99907504	
332.99903961	
332.99888080	
332.99846000	
332.99856674	
332.99907546	
332.99979092	
332.99993284	
333.00005404	
333.00040944	
333.00080692	
333.00130814	
333.00134695	
333.00120398	
333.00090825	
333.00057609	
333.00018830	
332.99954713	
332.99932430	
332.99927812	
332.99952719	
333.00001469	
332.99972492	
332.99905684	
332.99849370	
332.99875340	
332.99968602	
333.00012268	
333.00000061	
332.99962010	
332.99995938	
332.99995873	
332.99922101	
332.99874948	
332.99903225	
332.99945513	
332.99938600	
332.99969626	
332.99994972	
332.99992854	
332.99984448	
332.99954217	
332.99963616	
333.00001143	
333.00016311	
332.99985685	
332.99983828	
332.99976097	
332.99988202	
333.00054674	
333.00085006	
333.00105902	
333.00069347	
333.00072616	
333.00136603	
333.00100727	
333.00040469	
333.00061254	
333.00034463	
332.99953788	
332.99941134	
332.99930016	
332.99956418	
332.99965545	
332.99979016	
333.00046067	
333.00074920	
333.00069864	
333.00039008	
333.00022084	
333.00056366	
333.00120629	
333.00111965	
333.00076910	
333.00025163	
332.99990300	
333.00022758	
333.00012624	
333.00014273	
332.99998639	
332.99994833	
333.00064678	
333.00112290	
333.00174397	
333.00193333	
333.00173538	
333.00160659	
333.00099983	
333.00055175	
333.00054593	
333.00000555	
332.99925750	
332.99862405	
332.99803328	
332.99796654	
332.99830770	
332.99850558	
332.99853054	
332.99826886	
332.99813814	
332.99833553	
332.99894158	
332.99899320	
332.99840137	
332.99843426	
332.99895745	
332.99902111	
332.99839006	
332.99788886	
332.99750236	
332.99793573	
332.99853302	
332.99877277	
332.99907748	
332.99926468	
332.99904042	
332.99908796	
332.99985318	
333.00057010	
333.00097503	
333.00118887	
333.00120759	
333.00142805	
333.00205571	
333.00164972	
333.00120266	
333.00160187	
333.00125732	
333.00073459	
333.00078140	
333.00056040	
333.00036424	
333.00029000	
333.00037096	
333.00015563	
333.00030595	
333.00113964	
333.00140364	
333.00112768	
333.00051288	
333.00019848	
332.99980523	
332.99928884	
332.99916986	
332.99913341	
332.99905286	
332.99935928	
332.99975780	
332.99980430	
333.00029077	
333.00094223	
333.00063359	
333.00063156	
333.00088172	
333.00018990	
333.00032445	
333.00105217	
333.00107317	
333.00115018	
333.00145385	
333.00190096	
333.00230280	
333.00216535	
333.00150931	
333.00112442	
333.00095930	
333.00103134	
333.00168649	
333.00213659	
333.00164944	
333.00105202	
333.00098995	
333.00061886	
333.00078288	
333.00073211	
332.99985557	
332.99926934	
332.99963155	
332.99971697	
332.99891350	
332.99918149	
332.99958469	
332.99992307	
333.00065755	
333.00096506	
333.00069225	
333.00017533	
332.99997189	
332.99960326	
332.99972227	
332.99991491	
332.99937653	
332.99899569	
332.99936636	
333.00006919	
333.00060493	
333.00031761	
332.99987569	
332.99973572	
332.99966225	
332.99985407	
332.99996033	
333.00015114	
333.00056854	
333.00078377	
333.00054445	
333.00030447	
332.99999439	
332.99952975	
332.99931363	
332.99901973	
332.99847820	
332.99886606	
332.99963606	
332.99992124	
332.99966888	
332.99898103	
332.99841002	
332.99848886	
332.99889356	
332.99894225	
332.99932168	
332.99931292	
332.99898745	
332.99930756	
332.99911921	
332.99878676	
332.99898916	
332.99917468	
332.99944167	
333.00001545	
333.00058210	
333.00076316	
333.00043944	
333.00039751	
333.00028571	
332.99959481	
332.99891374	
332.99847251	
332.99867944	
332.99935752	
332.99928914	
332.99880528	
332.99903282	
332.99890698	
332.99858871	
332.99878656	
332.99915665	
332.99893539	
332.99873998	
332.99949827	
333.00023624	
333.00059400	
333.00057774	
332.99999438	
332.99961797	
332.99990393	
333.00041809	
333.00028999	
333.00039399	
333.00071887	
333.00011359	
333.00002244	
332.99983838	
332.99964692	
332.99949433	
332.99926395	
332.99931930	
332.99911525	
332.99867973	
332.99833809	
332.99813780	
332.99849238	
332.99900389	
332.99863527	
332.99840026	
332.99863776	
332.99871484	
332.99907235	
332.99967356	
333.00022385	
333.00045790	
332.99988992	
332.99971457	
333.00016779	
333.00005823	
332.99971588	
332.99957712	
332.99904678	
332.99920212	
333.00007379	
333.00056331	
333.00093904	
333.00116298	
333.00154789	
333.00156574	
333.00128947	
333.00131168	
333.00152957	
333.00129926	
333.00076511	
333.00068163	
333.00085875	
333.00067887	
332.99990969	
332.99962701	
333.00006811	
332.99990544	
332.99935847	
332.99939684	
332.99910233	
332.99930330	
332.99949745	
332.99948269	
332.99983633	
332.99961124	
332.99904544	
332.99895554	
332.99874952	
332.99880081	
332.99922050	
332.99889618	
332.99879454	
332.99921459	
332.99929211	
332.99878307	
332.99856793	
332.99833768	
332.99808764	
332.99803942	
332.99779888	
332.99785077	
332.99855810	
332.99870371	
332.99887913	
332.99960666	
332.99938325	
332.99879708	
332.99896470	
332.99919386	
332.99939466	
332.99963495	
332.99924593	
332.99914308	
332.99923645	
332.99943770	
332.99923033	
332.99859225	
332.99866236	
332.99918663	
332.99901357	
332.99842330	
332.99799978	
332.99833405	
332.99900823	
332.99932369	
332.99941880	
332.99975135	
332.99991377	
332.99956240	
332.99932291	
332.99896277	
332.99867663	
332.99856011	
332.99866245	
332.99895215	
332.99940436	
332.99955231	
332.99932286	
332.99876680	
332.99900499	
332.99935911	
332.99887617	
332.99894467	
332.99913130	
332.99912621	
332.99900623	
332.99853966	
332.99887894	
332.99976865	
332.99962172	
332.99963065	
333.00044931	
333.00051704	
333.00061463	
333.00123367	
333.00154102	
333.00164750	
333.00189936	
333.00207893	
333.00232005	
333.00277100	
333.00257241	
333.00247583	
333.00227717	
333.00219926	
333.00273938	
333.00268663	
333.00225888	
333.00188372	
333.00184166	
333.00207626	
333.00203479	
333.00201960	
333.00181926	
333.00134683	
333.00124656	
333.00083828	
333.00058919	
333.00098411	
333.00131065	
333.00173543	
333.00228958	
333.00232711	
333.00235238	
333.00241308	
333.00189452	
333.00176641	
333.00174129	
333.00129158	
333.00108753	
333.00071515	
333.00030377	
333.00038852	
333.00022130	
332.99996452	
333.00011507	
333.00060841	
333.00128307	
333.00160866	
333.00158127	
333.00110738	
333.00090651	
333.00084055	
333.00031346	
333.00006092	
333.00017097	
333.00025500	
333.00043893	
333.00027333	
332.99996993	
333.00039856	
333.00071439	
333.00088869	
333.00061169	
333.00002147	
333.00035810	
333.00083525	
333.00088474	
333.00098313	
333.00145246	
333.00178135	
333.00173698	
333.00155517	
333.00178154	
333.00171109	
333.00124668	
333.00164182	
333.00190206	
333.00173891	
333.00205603	
333.00197133	
333.00137146	
333.00154971	
333.00202274	
333.00248913	
333.00213175	
333.00145191	
333.00119508	
333.00129915	
333.00150345	
333.00099567	
333.00034046	
333.00049299	
333.00107103	
333.00157449	
333.00159045	
333.00134560	
333.00096350	
333.00026875	
333.00015348	
332.99978455	
332.99977472	
333.00023578	
332.99992847	
332.99929593	
332.99911823	
332.99964161	
333.00037159	
333.00057056	
333.00026709	
333.00044791	
333.00021882	
333.00018130	
333.00031754	
332.99976294	
332.99999630	
333.00012795	
333.00014645	
333.00050932	
333.00024860	
332.99949619	
332.99957689	
332.99948671	
332.99947384	
332.99998168	
332.99984015	
332.99949780	
332.99975414	
333.00021460	
333.00016356	
332.99972617	
332.99977784	
333.00025933	
332.99983697	
332.99924791	
332.99946228	
332.99987828	
332.99951348	
332.99908040	
332.99906647	
332.99902919	
332.99942392	
333.00022813	
