333.00070631	
333.00047227	
332.99981265	
332.99962129	
332.99977304	
332.99952721	
332.99974455	
332.99983168	
332.99973216	
332.99977384	
332.99923953	
332.99878940	
332.99850288	
332.99894985	
332.99937577	
332.99891255	
332.99912198	
332.99919726	
332.99912594	
332.99970887	
332.99985895	
332.99969736	
332.99999782	
333.00025691	
333.00038733	
333.00032026	
332.99984980	
333.00006807	
332.99996929	
332.99954022	
332.99932117	
332.99877564	
332.99858331	
332.99872816	
332.99861523	
332.99854148	
332.99909134	
332.99969826	
332.99948291	
332.99973546	
333.00062205	
333.00110595	
333.00079163	
333.00056731	
333.00112443	
333.00111391	
333.00116898	
333.00111695	
333.00116246	
333.00178160	
333.00210270	
333.00184730	
333.00144719	
333.00137946	
333.00104367	
333.00068339	
333.00017860	
333.00032204	
333.00039948	
332.99961251	
332.99920163	
332.99908067	
332.99888774	
332.99862786	
332.99834581	
332.99848206	
332.99877377	
332.99856342	
332.99822355	
332.99790646	
332.99742897	
332.99697085	
332.99728476	
332.99775496	
332.99740860	
332.99685858	
332.99706436	
332.99733554	
332.99735743	
332.99749029	
332.99742860	
332.99735134	
332.99713977	
332.99676535	
332.99645606	
332.99662348	
332.99671326	
332.99629378	
332.99610853	
332.99637285	
332.99627299	
332.99608318	
332.99613079	
332.99635954	
332.99696934	
332.99764804	
332.99806741	
332.99840542	
332.99890610	
332.99928964	
332.99955743	
332.99947440	
332.99959426	
332.99996862	
333.00001343	
333.00039064	
333.00052273	
333.00011626	
333.00005144	
333.00031080	
332.99996382	
332.99929479	
332.99878802	
332.99879637	
332.99922712	
332.99918482	
332.99947043	
332.99967779	
332.99950881	
332.99960085	
332.99984804	
333.00003452	
333.00024063	
333.00042463	
333.00049041	
333.00057696	
333.00035362	
333.00058493	
333.00120213	
333.00103792	
333.00086969	
333.00066619	
333.00058019	
333.00041193	
333.00029685	
333.00076670	
333.00064373	
333.00057674	
333.00040938	
332.99976052	
332.99970641	
333.00014428	
332.99991612	
332.99960665	
332.99989403	
332.99963091	
332.99910214	
332.99923172	
332.99996425	
332.99989781	
332.99971387	
332.99960376	
332.99887660	
332.99865077	
332.99858272	
332.99815802	
332.99850841	
332.99870685	
332.99845387	
332.99912109	
332.99989320	
333.00038935	
333.00096688	
333.00134680	
333.00171108	
333.00220571	
333.00169795	
333.00119955	
333.00148896	
333.00195500	
333.00235019	
333.00235553	
333.00180456	
333.00169987	
333.00157379	
333.00072828	
333.00037764	
333.00017971	
333.00026061	
333.00013553	
332.99975577	
333.00024892	
333.00075690	
333.00102303	
333.00073449	
332.99999006	
332.99981041	
333.00004648	
333.00003218	
332.99962516	
332.99992754	
332.99990234	
332.99946917	
332.99945206	
332.99913778	
332.99894666	
332.99883818	
332.99922805	
332.99997668	
332.99991943	
332.99963141	
332.99989246	
332.99968282	
332.99918291	
332.99930694	
332.99963783	
333.00009526	
333.00046848	
333.00036869	
333.00053031	
333.00042654	
332.99999563	
333.00042614	
333.00092073	
333.00128453	
333.00172378	
333.00215635	
333.00245261	
333.00205094	
333.00197710	
333.00225544	
333.00188645	
333.00199391	
333.00234103	
333.00237786	
333.00282537	
333.00246653	
333.00165815	
333.00160473	
333.00125242	
333.00055237	
333.00082760	
333.00102921	
333.00105298	
333.00104219	
333.00071363	
333.00086998	
333.00063642	
333.00024431	
332.99987295	
332.99923606	
332.99868798	
332.99906232	
332.99976985	
332.99996838	
332.99983059	
332.99997490	
333.00019202	
333.00012248	
333.00049725	
333.00115470	
333.00141443	
333.00088824	
333.00096837	
333.00164132	
333.00126558	
333.00093846	
333.00108869	
333.00104610	
333.00145022	
333.00209691	
333.00233856	
333.00248808	
333.00210629	
333.00116519	
333.00119443	
333.00177864	
333.00220352	
333.00268877	
333.00298900	
333.00239554	
333.00172409	
333.00179174	
333.00158836	
333.00171150	
333.00215822	
333.00209727	
333.00229650	
333.00265334	
333.00294552	
333.00284592	
333.00287030	
333.00300240	
333.00246433	
333.00169307	
333.00094638	
333.00107500	
333.00158694	
333.00185415	
333.00184937	
333.00148709	
333.00106461	
333.00097516	
333.00136097	
333.00167711	
333.00198480	
333.00166642	
333.00088412	
333.00111493	
333.00165474	
333.00158739	
333.00182967	
333.00246629	
333.00241702	
333.00173446	
333.00122315	
333.00090903	
333.00099979	
333.00075906	
332.99992311	
332.99930398	
332.99918465	
332.99956895	
332.99959065	
332.99911918	
332.99852199	
332.99790303	
332.99737334	
332.99700421	
332.99667343	
332.99659304	
332.99649733	
332.99641094	
332.99697861	
332.99702131	
332.99663049	
332.99686117	
332.99720053	
332.99738374	
332.99798466	
332.99799731	
332.99802216	
332.99831775	
332.99822161	
332.99825535	
332.99778638	
332.99727521	
332.99772927	
332.99864855	
332.99902747	
332.99937762	
332.99962798	
332.99999723	
333.00039864	
333.00017935	
332.99950348	
332.99908760	
332.99902153	
332.99907528	
332.99889664	
332.99884868	
332.99916447	
332.99903997	
332.99908388	
332.99973772	
333.00016929	
333.00034391	
333.00083124	
333.00141479	
333.00150190	
333.00151569	
333.00117805	
333.00099627	
333.00121624	
333.00115423	
333.00131044	
333.00084977	
333.00021148	
333.00034799	
333.00066866	
333.00072928	
333.00076658	
333.00048885	
333.00018043	
333.00002885	
333.00001446	
333.00037351	
333.00082705	
333.00083779	
333.00048452	
333.00046123	
333.00024161	
332.99985386	
332.99995095	
332.99971249	
332.99978299	
333.00055534	
333.00050790	
333.00014322	
333.00055198	
333.00078217	
333.00018347	
332.99979538	
332.99962819	
332.99964504	
332.99986819	
333.00024677	
333.00071645	
333.00123925	
333.00111784	
333.00099236	
333.00139431	
333.00163312	
333.00172153	
333.00120705	
333.00047141	
332.99999958	
333.00019433	
333.00005802	
332.99961293	
332.99962216	
332.99978337	
333.00037149	
333.00047051	
332.99975915	
332.99985262	
333.00066046	
333.00088346	
333.00058187	
333.00078766	
333.00146701	
333.00197166	
333.00193734	
333.00186089	
333.00167684	
333.00091513	
333.00014031	
332.99976210	
332.99978266	
332.99977454	
333.00021224	
333.00073297	
333.00023248	
332.99945592	
332.99943001	
332.99993294	
333.00029512	
332.99994467	
332.99986787	
333.00020989	
332.99997832	
332.99934257	
332.99915486	
332.99917000	
332.99942912	
332.99996265	
333.00003390	
333.00027623	
333.00068984	
333.00028337	
333.00017691	
333.00015460	
332.99971058	
332.99976674	
332.99961935	
332.99987836	
332.99984892	
332.99970493	
332.99965111	
332.99976231	
332.99991086	
332.99988129	
333.00025948	
333.00070313	
333.00079623	
333.00082029	
333.00065954	
333.00016256	
333.00032512	
333.00034904	
333.00013277	
333.00007949	
333.00023214	
333.00075248	
333.00136219	
333.00102301	
333.00056489	
333.00109061	
333.00121828	
333.00137033	
333.00111214	
333.00063203	
333.00067476	
333.00022506	
332.99950032	
332.99954812	
332.99976937	
333.00004574	
333.00015594	
332.99955173	
332.99942553	
332.99949966	
332.99909381	
332.99916106	
332.99975972	
332.99936554	
332.99933531	
332.99957555	
332.99911456	
332.99914431	
332.99952913	
332.99930684	
332.99870200	
332.99901509	
332.99945477	
332.99895273	
332.99842409	
332.99799364	
332.99784922	
332.99768155	
332.99736768	
332.99702259	
332.99727940	
332.99764635	
332.99757265	
332.99804221	
332.99788135	
332.99734168	
332.99755875	
332.99788481	
332.99800420	
332.99808759	
332.99847581	
332.99852498	
332.99861605	
332.99880601	
332.99875677	
332.99847372	
332.99853756	
332.99868334	
332.99870666	
332.99918447	
332.99965666	
333.00028141	
333.00028046	
333.00006993	
332.99999994	
332.99955191	
332.99924725	
332.99897717	
332.99846369	
332.99812087	
332.99819978	
332.99856083	
332.99840688	
332.99862333	
332.99932889	
332.99909467	
332.99922536	
332.99943563	
332.99898541	
332.99850885	
332.99836313	
332.99817662	
332.99788459	
332.99809364	
332.99843797	
332.99916750	
332.99975905	
332.99952137	
332.99935849	
332.99951235	
332.99938459	
332.99964673	
332.99945952	
332.99885159	
332.99907236	
332.99952314	
332.99918710	
332.99899479	
332.99893755	
332.99872323	
332.99880550	
332.99905248	
332.99952370	
332.99956433	
332.99935778	
332.99973680	
333.00009955	
333.00042014	
333.00066910	
333.00080835	
333.00074999	
333.00002012	
332.99995916	
333.00004384	
333.00036907	
333.00065766	
333.00001265	
333.00008408	
333.00036902	
333.00031493	
333.00074177	
333.00064059	
333.00074597	
333.00081943	
333.00068958	
333.00076300	
333.00064030	
333.00027794	
332.99971256	
333.00003412	
333.00005612	
333.00016949	
333.00014258	
332.99966117	
333.00010572	
333.00001068	
332.99976582	
333.00026693	
333.00026311	
333.00015845	
333.00018765	
332.99973115	
332.99943780	
332.99925964	
332.99949834	
332.99995131	
333.00008868	
333.00017508	
333.00000957	
332.99982072	
333.00021897	
333.00061574	
333.00015319	
332.99947682	
332.99957897	
332.99984606	
333.00020952	
333.00059115	
333.00029202	
332.99989088	
333.00023412	
333.00102347	
333.00146986	
333.00176655	
333.00147721	
333.00086823	
333.00049577	
333.00031566	
333.00047860	
333.00076478	
333.00047043	
333.00060430	
333.00116974	
333.00124355	
333.00124555	
333.00083221	
333.00057823	
333.00084322	
333.00118803	
333.00161674	
333.00144845	
333.00078357	
333.00045397	
333.00021765	
333.00004967	
333.00027125	
333.00050611	
333.00058030	
333.00078540	
333.00070002	
333.00009821	
333.00019611	
333.00061759	
333.00065251	
333.00096593	
333.00143277	
333.00113144	
333.00072347	
333.00040520	
332.99979640	
332.99928623	
332.99900784	
332.99912418	
332.99907976	
332.99908141	
332.99970277	
332.99996456	
332.99974699	
332.99941559	
332.99910386	
332.99910826	
332.99874835	
332.99859794	
332.99849610	
332.99871465	
332.99877318	
332.99872231	
332.99890165	
332.99881132	
332.99871140	
332.99834430	
332.99844234	
332.99835982	
332.99828857	
332.99821755	
332.99810772	
332.99809444	
332.99812288	
332.99799465	
332.99814481	
332.99842021	
332.99800304	
332.99834889	
332.99902720	
332.99889791	
332.99886013	
332.99875683	
332.99836222	
332.99837616	
332.99882461	
332.99907892	
332.99878744	
332.99901319	
332.99924328	
332.99879133	
332.99870149	
332.99868485	
332.99837142	
332.99821473	
332.99781391	
332.99728204	
332.99739389	
332.99810554	
332.99859786	
332.99870039	
332.99841424	
332.99812153	
332.99792950	
332.99793796	
332.99863087	
332.99918384	
332.99882800	
332.99874039	
332.99878739	
332.99896393	
332.99901022	
332.99868176	
332.99865718	
332.99909456	
332.99990622	
332.99991405	
332.99927826	
332.99945300	
332.99997337	
333.00005075	
333.00009579	
332.99966457	
332.99981794	
333.00013315	
332.99969993	
332.99936205	
332.99957808	
332.99956036	
332.99926136	
332.99894679	
332.99894606	
332.99977240	
332.99988051	
332.99968828	
333.00007913	
333.00042929	
333.00035849	
333.00013650	
332.99990829	
332.99939654	
332.99892894	
332.99875341	
332.99921237	
332.99994322	
333.00001439	
332.99996822	
332.99985166	
332.99950823	
332.99976126	
333.00044879	
333.00062273	
333.00092069	
333.00122979	
333.00129147	
333.00182771	
333.00157430	
333.00084400	
333.00062575	
333.00021723	
332.99968457	
332.99994073	
333.00038297	
333.00052559	
333.00073988	
333.00089716	
333.00125976	
333.00109108	
333.00116783	
333.00176710	
333.00158589	
333.00174520	
333.00176343	
333.00184533	
333.00212532	
333.00143203	
333.00096513	
333.00067966	
333.00069225	
333.00074555	
333.00082668	
333.00140561	
333.00126657	
333.00110306	
333.00114161	
333.00073817	
333.00053898	
333.00078692	
333.00139641	
333.00193556	
333.00156701	
333.00118391	
333.00157997	
333.00188260	
333.00154064	
333.00111821	
333.00066224	
332.99999273	
333.00020567	
333.00028630	
332.99964694	
332.99973019	
332.99987632	
332.99999283	
333.00056662	
333.00074965	
333.00021773	
332.99979395	
333.00007609	
333.00066938	
333.00078344	
333.00029287	
333.00056374	
333.00051959	
332.99996981	
333.00044466	
333.00111491	
333.00170521	
333.00222350	
333.00230405	
333.00225934	
333.00201054	
333.00159777	
333.00123390	
333.00084158	
333.00040341	
333.00061709	
333.00079377	
333.00015307	
332.99997508	
332.99966114	
332.99925789	
332.99915651	
332.99889282	
332.99899686	
332.99936245	
332.99933961	
332.99946162	
332.99957743	
332.99953584	
332.99975827	
333.00030761	
333.00069537	
333.00040963	
332.99978316	
332.99922377	
332.99926901	
332.99963927	
332.99998062	
333.00014609	
333.00027933	
333.00003827	
332.99985535	
332.99982282	
332.99923443	
332.99884048	
332.99858771	
332.99821915	
332.99862825	
332.99950326	
332.99952140	
332.99955207	
332.99964444	
332.99905091	
332.99932573	
333.00028805	
333.00045050	
333.00067464	
333.00056473	
333.00025288	
333.00036253	
333.00069838	
333.00072951	
333.00045561	
333.00051521	
333.00032306	
333.00063701	
333.00067684	
333.00050368	
333.00028003	
333.00002618	
332.99994956	
332.99993604	
332.99999774	
332.99954856	
332.99913095	
332.99895483	
332.99894450	
332.99888189	
332.99849561	
332.99829539	
332.99803010	
332.99830672	
332.99901973	
332.99896794	
332.99876045	
332.99845667	
332.99885236	
332.99913138	
332.99856423	
332.99855887	
332.99856292	
332.99808007	
332.99821527	
332.99847052	
332.99823460	
332.99828048	
332.99839248	
332.99858886	
332.99837443	
332.99771633	
332.99742583	
332.99772193	
332.99766759	
332.99796750	
332.99846974	
332.99854727	
332.99897027	
332.99904716	
332.99874664	
332.99837345	
332.99856410	
332.99930098	
332.99995780	
333.00028565	
332.99994593	
332.99958860	
332.99922213	
332.99866009	
332.99904771	
332.99968925	
332.99939002	
332.99957916	
333.00019124	
333.00024741	
333.00061003	
333.00033929	
332.99964752	
332.99932044	
332.99935236	
333.00006103	
333.00040414	
333.00073900	
333.00132344	
333.00146840	
333.00113455	
333.00115004	
333.00145105	
333.00114689	
333.00052131	
333.00061784	
333.00134906	
333.00158041	
333.00146831	
333.00090572	
333.00070882	
333.00106329	
333.00071180	
333.00051856	
333.00105305	
333.00153882	
333.00201358	
333.00218715	
333.00232387	
333.00234291	
333.00238692	
333.00288250	
333.00338434	
333.00360254	
333.00299246	
333.00219629	
333.00202819	
333.00225066	
333.00233916	
333.00186086	
333.00131287	
333.00098653	
333.00108787	
333.00131394	
333.00151250	
333.00135015	
333.00065256	
333.00010540	
333.00012329	
333.00052962	
333.00044706	
333.00034024	
333.00020614	
332.99974624	
332.99971309	
332.99993443	
332.99973571	
332.99931219	
332.99941442	
332.99995565	
333.00046252	
333.00021625	
333.00030655	
333.00107904	
333.00137379	
333.00122711	
333.00060454	
333.00029727	
332.99999315	
332.99984042	
332.99982694	
332.99931945	
332.99884460	
332.99839343	
332.99797513	
332.99807757	
332.99794852	
332.99760700	
332.99777328	
332.99764079	
332.99758695	
332.99834996	
332.99910647	
332.99912097	
332.99913746	
332.99913003	
332.99914966	
332.99925566	
332.99913205	
332.99954522	
332.99989371	
332.99974162	
332.99989558	
333.00030387	
333.00017599	
333.00006084	
333.00005654	
332.99959730	
332.99898986	
332.99917653	
332.99953306	
332.99901256	
332.99902848	
332.99976914	
333.00005714	
333.00022137	
333.00031417	
333.00032539	
333.00055870	
333.00065777	
333.00092114	
333.00104088	
333.00043901	
333.00012778	
333.00054460	
333.00066079	
333.00097259	
333.00079151	
333.00006861	
332.99967728	
332.99942237	
332.99985401	
332.99984075	
332.99972546	
332.99993928	
332.99977657	
333.00004453	
333.00006862	
333.00025591	
333.00102449	
333.00081240	
333.00054730	
333.00092993	
333.00111243	
333.00142119	
333.00143150	
333.00081253	
333.00049929	
333.00006684	
332.99980977	
332.99963674	
332.99973905	
333.00031461	
333.00047936	
333.00067994	
333.00106553	
333.00161298	
333.00146405	
333.00133294	
333.00131871	
333.00102347	
333.00095592	
333.00129554	
333.00159729	
333.00174925	
333.00237644	
333.00225088	
333.00203473	
333.00242465	
333.00226484	
333.00173888	
333.00167302	
333.00140026	
333.00058371	
333.00063887	
333.00108792	
333.00137232	
333.00186425	
333.00223932	
333.00254542	
333.00213386	
333.00140943	
333.00115194	
333.00134162	
333.00192968	
333.00191578	
333.00181581	
333.00193163	
333.00154442	
333.00168434	
333.00235872	
333.00285613	
333.00289540	
333.00256859	
333.00252104	
333.00258408	
333.00242123	
333.00263237	
333.00288261	
333.00266922	
333.00252395	
333.00210087	
333.00137250	
333.00151633	
333.00184209	
333.00167074	
333.00176888	
333.00166484	
333.00166284	
333.00172030	
333.00102882	
333.00087983	
333.00085789	
333.00094734	
333.00142499	
333.00095557	
333.00041223	
333.00022490	
332.99992294	
333.00021163	
333.00050826	
333.00003636	
332.99991335	
333.00023171	
333.00028885	
332.99989288	
333.00009408	
333.00035642	
333.00007872	
332.99976935	
332.99949421	
332.99931149	
332.99906555	
332.99936125	
333.00000809	
333.00039370	
333.00002737	
332.99993262	
333.00020132	
332.99971558	
332.99970174	
333.00043551	
333.00103777	
333.00140998	
333.00140004	
333.00150212	
333.00137094	
333.00077605	
333.00066313	
333.00115578	
333.00091822	
333.00053644	
333.00070889	
333.00077580	
333.00035968	
332.99964058	
332.99947686	
332.99915919	
332.99926409	
332.99953641	
332.99946835	
332.99972037	
332.99997058	
333.00006730	
332.99995643	
333.00007474	
333.00037601	
333.00011014	
332.99956023	
332.99946302	
332.99984905	
333.00037660	
333.00013043	
332.99996454	
333.00024081	
333.00028903	
333.00043717	
333.00033330	
332.99972075	
332.99964975	
333.00004369	
332.99963847	
332.99950035	
332.99992145	
332.99976551	
332.99931895	
332.99964987	
332.99953539	
332.99929534	
332.99962643	
332.99937395	
332.99939607	
332.99936059	
332.99900959	
332.99916172	
332.99954655	
332.99929049	
332.99874751	
332.99872948	
332.99861627	
332.99884881	
332.99950517	
332.99953297	
332.99953660	
333.00006471	
333.00060842	
333.00092388	
333.00092893	
333.00098002	
333.00079539	
333.00077443	
333.00044545	
332.99958150	
332.99925450	
332.99920549	
332.99935420	
332.99965700	
332.99934293	
332.99871894	
332.99880094	
332.99892527	
332.99876434	
332.99913842	
332.99966993	
332.99970115	
332.99960407	
332.99917798	
332.99854885	
332.99866548	
332.99881625	
332.99837039	
332.99872938	
332.99913002	
332.99914191	
332.99907841	
332.99885082	
332.99885124	
332.99839774	
332.99772467	
332.99725719	
332.99727318	
332.99732495	
332.99775323	
332.99799211	
332.99741636	
332.99776866	
332.99845756	
332.99820908	
332.99819633	
332.99810938	
332.99751115	
332.99735108	
332.99785333	
332.99786357	
332.99736892	
332.99714861	
332.99736892	
332.99760106	
332.99792918	
332.99881233	
332.99939252	
332.99951090	
332.99910836	
332.99928208	
333.00006549	
333.00004480	
333.00012222	
333.00085846	
333.00147874	
333.00163401	
333.00174393	
333.00164433	
333.00110793	
333.00054499	
332.99975679	
332.99942746	
332.99943110	
332.99963006	
332.99954169	
332.99925847	
332.99934110	
332.99957732	
332.99948138	
332.99920422	
332.99922246	
332.99948354	
332.99985614	
332.99974013	
332.99922112	
332.99884065	
332.99862513	
332.99833770	
332.99850627	
332.99918841	
332.99989822	
333.00054319	
333.00118647	
333.00095581	
333.00083752	
333.00157260	
333.00205886	
333.00205579	
333.00162106	
333.00149830	
333.00188903	
333.00152805	
333.00129740	
333.00190069	
333.00147529	
333.00076357	
333.00086866	
333.00080391	
333.00090173	
333.00105107	
333.00053898	
332.99988869	
332.99951311	
332.99942351	
332.99896417	
332.99904476	
332.99903685	
332.99844791	
332.99861005	
332.99851709	
332.99865819	
332.99912463	
332.99908307	
332.99908539	
332.99919227	
332.99949480	
332.99935638	
332.99875015	
332.99860020	
332.99877746	
332.99878671	
332.99920912	
332.99966287	
332.99934568	
332.99920356	
332.99934244	
332.99974540	
333.00046831	
333.00091193	
333.00120295	
333.00083407	
333.00075831	
333.00069658	
333.00013530	
333.00056827	
333.00082958	
333.00035101	
333.00033687	
333.00066128	
333.00093757	
333.00133426	
333.00136982	
333.00139499	
333.00182547	
333.00203080	
333.00165340	
333.00106273	
333.00110910	
333.00170282	
333.00217858	
333.00178576	
333.00171045	
333.00218778	
333.00191579	
333.00125516	
333.00135355	
333.00167569	
333.00110865	
333.00032379	
332.99996720	
333.00013481	
333.00003723	
332.99946774	
332.99964207	
332.99998683	
332.99965004	
332.99979775	
332.99964318	
332.99966915	
332.99998072	
332.99991697	
333.00046101	
333.00106131	
333.00078851	
333.00081699	
333.00083136	
333.00017003	
333.00001719	
332.99974593	
332.99929608	
332.99944357	
332.99988985	
332.99968808	
332.99972734	
333.00035404	
333.00060323	
333.00102965	
333.00166550	
333.00168019	
333.00151211	
333.00142559	
333.00107411	
333.00070133	
333.00074727	
333.00055061	
333.00011222	
333.00024132	
333.00054034	
333.00017451	
332.99941860	
332.99909671	
332.99939335	
333.00009845	
333.00074734	
333.00043816	
333.00034496	
333.00114071	
333.00108464	
333.00087202	
333.00114269	
333.00070777	
332.99986150	
332.99941111	
332.99977117	
332.99981770	
332.99964777	
333.00037794	
333.00088510	
333.00044783	
333.00026033	
333.00032861	
333.00020980	
333.00011532	
333.00023433	
333.00076020	
333.00066181	
333.00027666	
333.00012475	
333.00036242	
333.00046032	
333.00015149	
332.99954747	
332.99948577	
332.99942859	
332.99899498	
332.99944198	
333.00020453	
333.00031336	
333.00002271	
333.00017694	
332.99989632	
332.99999152	
333.00082846	
333.00099357	
333.00089311	
333.00121953	
333.00130252	
333.00143977	
333.00139501	
333.00069752	
333.00068840	
333.00063044	
333.00022907	
333.00039177	
333.00064018	
333.00084339	
333.00099116	
333.00121036	
333.00180975	
333.00183346	
333.00191628	
333.00176788	
333.00087871	
333.00093321	
333.00082379	
332.99991204	
332.99927651	
332.99896927	
332.99900674	
332.99878552	
332.99898888	
332.99954121	
332.99964777	
332.99981868	
333.00000241	
333.00045714	
333.00114618	
333.00149385	
333.00145603	
333.00129280	
333.00107808	
333.00127628	
333.00097300	
333.00051732	
333.00019737	
332.99987318	
332.99996301	
333.00004067	
332.99970452	
332.99921648	
332.99886949	
332.99882564	
332.99922713	
332.99942940	
332.99982898	
333.00011760	
332.99971872	
332.99950538	
333.00003795	
333.00057169	
333.00101542	
333.00125361	
333.00066772	
333.00050447	
333.00114113	
333.00116345	
333.00073849	
333.00076380	
333.00053582	
333.00008276	
332.99965435	
332.99981693	
332.99996177	
332.99917618	
332.99891019	
332.99926418	
332.99931058	
332.99908080	
332.99874617	
332.99865081	
332.99886172	
332.99873149	
332.99840411	
332.99856315	
332.99899528	
332.99872965	
332.99814087	
332.99801188	
332.99800608	
332.99777701	
332.99735769	
332.99681426	
332.99686268	
332.99696000	
332.99701576	
332.99760034	
332.99818947	
332.99852715	
332.99900324	
332.99941362	
332.99990516	
332.99970422	
332.99923567	
332.99952272	
332.99999248	
333.00005164	
333.00028245	
333.00027290	
332.99946878	
332.99942839	
332.99981161	
332.99986942	
333.00005536	
333.00043319	
333.00024262	
332.99996907	
333.00031407	
333.00031485	
332.99996904	
333.00016235	
333.00066180	
333.00034825	
332.99960236	
332.99904716	
332.99848539	
332.99821403	
332.99782744	
332.99794720	
332.99815231	
332.99840276	
332.99878559	
332.99874830	
332.99891303	
332.99890962	
332.99883528	
332.99890563	
332.99916427	
332.99974413	
332.99973762	
332.99922863	
332.99949120	
332.99985623	
332.99975695	
332.99990573	
333.00023586	
333.00058285	
333.00109668	
333.00142143	
333.00155907	
333.00138404	
333.00103544	
333.00050436	
333.00057083	
333.00051122	
333.00036168	
333.00088186	
333.00115540	
333.00154410	
333.00150179	
333.00108293	
333.00115099	
333.00175301	
333.00144241	
333.00051829	
333.00027179	
333.00000519	
332.99988718	
333.00047649	
333.00088374	
333.00047109	
332.99995470	
333.00000677	
332.99990090	
332.99935589	
332.99934771	
332.99946029	
332.99970027	
332.99976293	
332.99934064	
332.99922740	
332.99961354	
332.99994217	
333.00023085	
333.00080948	
333.00084977	
333.00024214	
333.00017078	
333.00026125	
333.00025053	
332.99997292	
332.99942656	
332.99906806	
332.99853258	
332.99856627	
332.99920755	
332.99982837	
332.99984729	
332.99950811	
332.99941395	
332.99937901	
332.99921096	
332.99967778	
333.00034848	
333.00006247	
332.99942940	
332.99931293	
332.99948476	
332.99937719	
332.99920321	
332.99899994	
332.99840235	
332.99856729	
332.99867107	
332.99885021	
332.99916009	
332.99866212	
332.99898601	
332.99909997	
332.99875791	
332.99863381	
332.99858636	
332.99912526	
332.99960867	
332.99931041	
332.99865583	
332.99844395	
332.99810727	
332.99809911	
332.99829391	
332.99793035	
332.99830685	
332.99892833	
332.99901258	
332.99933055	
332.99991716	
333.00028666	
333.00067710	
333.00095597	
333.00089173	
333.00119451	
333.00147384	
333.00111356	
333.00050770	
333.00017902	
333.00025576	
333.00054014	
333.00056590	
333.00069352	
333.00114919	
333.00155944	
333.00179176	
333.00121606	
333.00029473	
332.99981593	
332.99942721	
332.99896473	
332.99846326	
332.99856348	
332.99920937	
332.99927802	
332.99922851	
332.99927058	
332.99926362	
332.99913816	
332.99879207	
332.99846831	
332.99812788	
332.99802089	
332.99848407	
332.99871024	
332.99899424	
332.99922527	
332.99883804	
332.99862760	
332.99868448	
332.99893941	
332.99937941	
332.99992350	
333.00055421	
333.00037324	
332.99969147	
332.99923688	
332.99946174	
332.99973529	
332.99944192	
332.99903600	
332.99901129	
332.99952220	
332.99946162	
332.99903105	
332.99852502	
332.99819576	
332.99842314	
332.99858760	
332.99814285	
332.99800398	
332.99847888	
332.99865958	
332.99817670	
332.99803610	
332.99858897	
332.99879972	
332.99921407	
332.99941367	
332.99963535	
333.00027702	
333.00011150	
332.99949080	
332.99915844	
332.99878282	
332.99879176	
332.99967900	
332.99986759	
332.99932899	
332.99899474	
332.99943322	
332.99942813	
332.99942678	
332.99962905	
332.99959983	
333.00024623	
333.00074798	
333.00084418	
333.00053267	
333.00038637	
333.00030279	
332.99996877	
332.99956308	
332.99972685	
333.00036807	
333.00010508	
332.99974959	
333.00019057	
333.00038422	
333.00001338	
332.99947337	
332.99903939	
332.99872609	
332.99841946	
332.99855973	
332.99881129	
332.99855447	
332.99849162	
332.99858708	
332.99880194	
332.99934977	
332.99930943	
332.99955282	
333.00013883	
333.00005358	
333.00013142	
333.00072619	
333.00116139	
333.00157886	
333.00136459	
333.00059111	
333.00031860	
333.00034681	
333.00004854	
333.00006107	
333.00009240	
332.99974745	
332.99996903	
333.00045161	
333.00048825	
332.99989058	
332.99929658	
332.99958674	
332.99980413	
332.99997306	
333.00047424	
333.00025647	
332.99980954	
333.00002434	
333.00000513	
332.99959111	
333.00009787	
333.00001112	
332.99985648	
333.00007637	
332.99969793	
332.99918909	
332.99947194	
333.00029201	
333.00024360	
333.00015631	
333.00014732	
332.99969684	
332.99958058	
332.99945627	
332.99910737	
332.99919368	
332.99913788	
332.99909313	
332.99939052	
332.99933564	
332.99959412	
333.00022724	
332.99997990	
332.99961447	
332.99926913	
332.99891169	
332.99884440	
332.99851110	
332.99821420	
332.99848865	
332.99877868	
332.99849298	
332.99834168	
332.99852178	
332.99869202	
332.99894746	
332.99966361	
332.99999914	
332.99947244	
332.99915513	
332.99974475	
332.99971783	
332.99916024	
332.99912425	
332.99935774	
332.99940966	
332.99947276	
332.99959146	
332.99917472	
332.99951956	
332.99970559	
332.99971074	
332.99986211	
333.00012383	
333.00065375	
333.00021505	
332.99972849	
332.99991051	
333.00017489	
333.00032127	
333.00027275	
332.99995950	
332.99960959	
332.99939115	
332.99905910	
332.99864839	
332.99865651	
332.99853998	
332.99849080	
332.99901146	
332.99889068	
332.99850186	
332.99827068	
332.99848404	
332.99917641	
332.99910072	
332.99937303	
333.00001764	
332.99987834	
332.99978684	
333.00038759	
333.00100535	
333.00094359	
333.00054513	
333.00079975	
333.00140728	
333.00132466	
333.00130782	
333.00167624	
333.00128893	
333.00076788	
333.00028061	
333.00021036	
333.00087650	
333.00112176	
333.00081895	
333.00109462	
333.00137700	
333.00107826	
333.00108803	
333.00119974	
333.00105989	
333.00126269	
333.00108484	
333.00058969	
333.00028892	
333.00013231	
333.00003610	
332.99973841	
332.99965921	
333.00001054	
333.00031169	
333.00013797	
333.00025814	
333.00033715	
332.99990394	
332.99925679	
332.99929785	
332.99980358	
332.99973549	
332.99965196	
332.99976298	
332.99938532	
332.99877383	
332.99893689	
332.99965795	
332.99971215	
332.99989360	
333.00043013	
333.00088562	
333.00108402	
333.00106166	
333.00095937	
333.00057130	
333.00065273	
333.00081287	
333.00104226	
333.00112287	
333.00109368	
333.00170142	
333.00211797	
333.00245388	
333.00260660	
333.00253279	
333.00206101	
333.00141706	
333.00126441	
333.00113816	
333.00113388	
333.00120079	
333.00104110	
333.00122368	
333.00188077	
333.00238436	
333.00260885	
333.00242142	
333.00183361	
333.00128256	
333.00108138	
333.00122240	
333.00151624	
333.00181634	
333.00175003	
333.00125407	
333.00072367	
333.00066639	
333.00100401	
333.00088456	
333.00094905	
333.00110724	
333.00070676	
333.00049229	
333.00072932	
333.00052185	
333.00000359	
333.00023797	
333.00029670	
332.99995464	
333.00026467	
333.00093361	
333.00106621	
333.00085553	
333.00122605	
333.00151888	
333.00165308	
333.00222901	
333.00249456	
333.00189239	
333.00175820	
333.00189228	
333.00117806	
333.00046275	
332.99999152	
333.00002307	
333.00004632	
332.99992595	
333.00025009	
333.00034072	
333.00060417	
333.00123857	
333.00138440	
333.00142235	
333.00184355	
333.00208913	
333.00192563	
333.00176420	
333.00121843	
333.00117592	
333.00110905	
333.00061035	
333.00068859	
333.00035296	
333.00051900	
333.00076841	
333.00014281	
333.00042470	
333.00116285	
333.00151177	
333.00202431	
333.00172500	
333.00084047	
333.00034610	
332.99982299	
332.99927319	
332.99888635	
332.99888185	
332.99865452	
332.99865802	
332.99947297	
332.99976733	
332.99968091	
332.99941116	
332.99893353	
332.99913805	
332.99902041	
332.99884825	
332.99909171	
332.99916650	
332.99881665	
332.99875820	
332.99918817	
332.99947051	
332.99943724	
332.99964906	
333.00030644	
333.00086326	
333.00116642	
333.00107377	
333.00096516	
333.00103078	
333.00079733	
333.00060799	
333.00077002	
333.00081306	
333.00108356	
333.00089340	
333.00061468	
333.00085811	
333.00137033	
333.00122301	
333.00042535	
333.00015465	
333.00045764	
333.00089547	
333.00115458	
333.00141487	
333.00139804	
333.00141349	
333.00127098	
333.00106025	
333.00076811	
333.00065663	
333.00058789	
333.00062908	
333.00126345	
333.00113825	
333.00102951	
333.00082590	
333.00001505	
332.99942361	
332.99976175	
333.00024544	
333.00006590	
332.99975801	
332.99995489	
333.00024223	
332.99969460	
332.99962530	
333.00012950	
332.99982448	
332.99977768	
333.00008552	
333.00019012	
333.00006256	
333.00023106	
333.00012991	
332.99974601	
332.99967886	
332.99940099	
332.99941795	
332.99986043	
333.00064518	
333.00100658	
333.00142711	
333.00170292	
333.00176429	
333.00136858	
333.00066934	
333.00096806	
333.00118547	
333.00073359	
333.00039883	
333.00021884	
333.00011113	
332.99977575	
332.99941651	
332.99912520	
332.99896926	
332.99874015	
332.99858840	
332.99845041	
332.99854997	
332.99936129	
332.99957397	
332.99942913	
332.99927982	
332.99891651	
332.99920611	
332.99938912	
332.99882798	
332.99899779	
332.99932948	
332.99936640	
332.99983496	
333.00021556	
333.00001316	
333.00015454	
333.00085300	
333.00141853	
333.00136272	
333.00136659	
333.00149626	
333.00076977	
333.00041149	
333.00051896	
333.00012543	
332.99999179	
333.00034758	
333.00081667	
333.00080662	
333.00016732	
332.99961836	
332.99982391	
333.00005590	
332.99967336	
332.99978113	
333.00003484	
332.99969011	
332.99991338	
333.00074201	
333.00045286	
333.00017545	
332.99998863	
332.99957704	
332.99998094	
333.00004835	
332.99968545	
333.00004273	
333.00000217	
332.99924915	
332.99877235	
332.99897180	
332.99906665	
332.99899858	
332.99887628	
332.99878784	
332.99949008	
332.99994130	
332.99993151	
332.99955429	
332.99948721	
332.99968305	
332.99948096	
332.99979480	
333.00049278	
333.00106051	
333.00095136	
333.00057499	
333.00031538	
332.99980484	
332.99964265	
332.99965003	
332.99993169	
333.00036416	
333.00007076	
332.99965818	
332.99962526	
332.99950433	
332.99986138	
332.99974126	
332.99896996	
332.99886350	
332.99939107	
332.99953872	
332.99980825	
332.99999655	
332.99964951	
332.99935175	
332.99871160	
332.99835973	
332.99880321	
332.99941783	
332.99948637	
332.99942450	
332.99985498	
333.00026639	
333.00055669	
333.00107893	
333.00140973	
333.00180910	
333.00161370	
333.00144307	
333.00122279	
333.00061082	
333.00036951	
333.00005130	
332.99985666	
332.99974847	
332.99971461	
333.00019293	
333.00063903	
333.00037688	
333.00013470	
333.00033572	
333.00083863	
333.00107567	
333.00089053	
333.00090311	
333.00124829	
333.00123142	
333.00142691	
333.00121881	
333.00075400	
333.00088497	
333.00071512	
333.00072412	
333.00044159	
333.00040907	
333.00041170	
333.00054947	
333.00075293	
333.00033290	
333.00010292	
332.99964049	
332.99923307	
332.99895385	
332.99858340	
332.99811936	
332.99840530	
332.99914345	
332.99914523	
332.99941012	
332.99999318	
332.99965367	
332.99930935	
332.99973307	
332.99983141	
332.99973729	
332.99946063	
332.99966262	
332.99980911	
332.99925073	
332.99933495	
332.99913080	
332.99917562	
333.00003861	
332.99992677	
332.99931611	
332.99909289	
332.99924126	
332.99927964	
332.99909403	
332.99869227	
332.99816979	
332.99858997	
332.99880733	
332.99860400	
332.99849277	
332.99863773	
332.99930509	
332.99926390	
332.99923529	
332.99964838	
332.99998046	
333.00027523	
333.00009253	
332.99985143	
332.99949391	
332.99895631	
332.99864786	
332.99908270	
332.99929447	
332.99912654	
332.99904348	
332.99924883	
332.99919835	
332.99881181	
332.99897993	
332.99888646	
332.99881926	
332.99920718	
332.99910174	
332.99846084	
332.99881095	
332.99911137	
332.99866287	
332.99842921	
332.99823337	
332.99777825	
332.99750985	
332.99722484	
332.99674334	
332.99658891	
332.99725425	
332.99773553	
332.99759422	
332.99782932	
332.99836788	
332.99837844	
332.99831298	
332.99866594	
332.99926729	
332.99919297	
332.99877466	
332.99926195	
332.99963778	
332.99925518	
332.99852524	
332.99861782	
332.99923857	
332.99906838	
332.99870584	
332.99918394	
332.99959903	
332.99958405	
332.99961271	
332.99947771	
332.99899036	
332.99869528	
332.99835177	
332.99820773	
332.99804422	
332.99833027	
332.99896192	
332.99924479	
332.99930122	
332.99923270	
332.99911838	
332.99939651	
333.00018501	
333.00019746	
333.00000067	
332.99990367	
332.99948202	
332.99940334	
332.99973533	
333.00027657	
333.00038435	
333.00009319	
333.00017742	
333.00021446	
333.00029663	
333.00060612	
333.00124136	
333.00192998	
333.00176298	
333.00177579	
333.00211930	
333.00202320	
333.00229668	
333.00195259	
333.00139656	
333.00130576	
333.00122982	
333.00096734	
333.00055935	
333.00073289	
333.00082280	
333.00106415	
333.00146165	
333.00109485	
333.00069066	
333.00068693	
333.00052580	
332.99991465	
332.99932727	
332.99930572	
332.99936525	
332.99894480	
332.99898732	
332.99908514	
332.99884914	
332.99865868	
332.99894143	
332.99889618	
332.99826762	
332.99832352	
332.99891543	
332.99977960	
333.00060998	
333.00075458	
333.00064548	
333.00099178	
333.00085331	
333.00040032	
333.00053039	
333.00047671	
332.99983238	
333.00000955	
333.00031849	
332.99974924	
333.00003107	
333.00073008	
333.00034672	
332.99954229	
332.99901659	
332.99887722	
332.99925146	
332.99980889	
332.99991384	
332.99958531	
332.99903879	
332.99856523	
332.99886532	
332.99947968	
332.99984257	
333.00016853	
333.00046318	
333.00098300	
333.00169322	
333.00204053	
333.00147454	
333.00076561	
333.00077880	
333.00047471	
332.99971665	
332.99982827	
332.99976559	
332.99928851	
332.99957145	
332.99977952	
332.99973372	
332.99943934	
332.99941889	
333.00016964	
333.00027050	
333.00028257	
333.00061522	
333.00099110	
333.00158871	
333.00159575	
333.00129757	
333.00113789	
333.00079159	
333.00094643	
333.00133040	
333.00119750	
333.00101297	
333.00135770	
333.00146377	
333.00135413	
333.00174315	
333.00132617	
333.00070278	
333.00063855	
333.00051263	
333.00077123	
333.00100853	
333.00080464	
333.00100199	
333.00105408	
333.00105969	
333.00070393	
333.00073994	
333.00105579	
333.00101834	
333.00114944	
333.00135918	
333.00172013	
333.00151881	
333.00135895	
333.00128731	
333.00080134	
333.00090191	
333.00165166	
333.00200044	
333.00223820	
333.00253033	
333.00242520	
333.00206064	
333.00174280	
333.00166827	
333.00154007	
333.00174381	
333.00218662	
333.00255798	
333.00292485	
333.00267239	
333.00211684	
333.00221029	
333.00274381	
333.00284700	
333.00242462	
333.00231367	
333.00273204	
333.00263848	
333.00226782	
333.00181688	
333.00172001	
333.00182718	
333.00149821	
333.00156887	
333.00204171	
333.00221613	
333.00226799	
333.00194215	
333.00188841	
333.00218787	
333.00166299	
333.00159438	
333.00151946	
333.00086446	
333.00086818	
333.00061876	
333.00023625	
333.00070342	
333.00077147	
333.00041367	
333.00026913	
333.00008437	
333.00033368	
333.00080122	
333.00120025	
333.00095129	
333.00057315	
333.00030513	
333.00030365	
333.00049278	
333.00009711	
332.99960125	
332.99926788	
332.99922224	
332.99896628	
332.99886971	
332.99935601	
332.99988905	
332.99973607	
332.99968835	
332.99980091	
332.99995019	
333.00046173	
333.00078702	
333.00105942	
333.00122873	
333.00152264	
333.00134534	
333.00098010	
333.00129836	
333.00092307	
333.00044979	
333.00017822	
332.99970395	
332.99935745	
332.99897718	
332.99851867	
332.99824210	
332.99849906	
332.99866247	
332.99839283	
332.99856996	
332.99943563	
332.99963473	
332.99983809	
333.00024205	
333.00006287	
333.00010310	
332.99975313	
332.99918926	
332.99967144	
333.00018120	
333.00036028	
333.00063989	
333.00070524	
333.00086867	
333.00107923	
333.00107493	
333.00077119	
333.00033286	
332.99995059	
332.99975886	
333.00023468	
333.00070672	
333.00052552	
333.00010462	
332.99979745	
332.99992155	
332.99974964	
332.99924611	
332.99922796	
332.99951280	
332.99986770	
333.00003786	
332.99959358	
332.99944767	
333.00014181	
333.00049769	
333.00076488	
333.00116697	
333.00117173	
333.00146402	
333.00184660	
333.00133912	
333.00052403	
333.00020972	
333.00061918	
333.00100021	
333.00042540	
332.99953506	
332.99930259	
332.99953881	
332.99934622	
332.99887425	
332.99927268	
332.99970512	
332.99997355	
333.00014535	
333.00011827	
332.99983076	
332.99993718	
333.00004388	
332.99944242	
332.99915680	
332.99938923	
332.99999953	
332.99984333	
332.99983807	
332.99984167	
332.99971013	
332.99976003	
332.99975120	
333.00033446	
333.00057524	
333.00022017	
332.99976300	
332.99994880	
333.00059564	
333.00046037	
333.00013278	
333.00005260	
332.99969145	
332.99938436	
332.99915117	
332.99857090	
332.99801316	
332.99815859	
332.99809138	
332.99751149	
332.99709980	
332.99725543	
332.99759986	
332.99753248	
332.99735097	
332.99737907	
332.99720276	
332.99701406	
332.99759603	
332.99795855	
332.99778881	
332.99767629	
332.99793631	
332.99816664	
332.99833234	
332.99857211	
332.99892613	
332.99872296	
332.99869278	
332.99896308	
332.99862177	
332.99870858	
332.99919074	
332.99906964	
332.99878775	
332.99856632	
332.99816804	
332.99816723	
332.99872388	
332.99915642	
332.99956188	
333.00035692	
333.00087638	
333.00069316	
333.00044804	
333.00005948	
332.99931670	
332.99943822	
332.99945654	
332.99968848	
332.99968249	
332.99888794	
332.99891710	
332.99879951	
332.99827536	
332.99816043	
332.99821198	
332.99869356	
332.99958003	
332.99972023	
332.99983855	
333.00046375	
333.00093540	
333.00143246	
333.00154504	
333.00162580	
333.00153754	
333.00088966	
333.00071651	
333.00055727	
332.99981839	
332.99968357	
333.00039842	
333.00111102	
333.00110926	
333.00085180	
333.00076365	
333.00109258	
333.00123416	
333.00073785	
333.00049517	
333.00032970	
332.99980664	
332.99977146	
332.99985356	
332.99937847	
332.99916664	
332.99901283	
332.99862307	
332.99828556	
332.99818028	
332.99871699	
332.99969078	
333.00024415	
333.00016154	
333.00021162	
332.99995611	
332.99970644	
332.99992852	
332.99960872	
332.99913788	
332.99869389	
332.99847909	
332.99819309	
332.99812764	
332.99885166	
332.99923923	
332.99957201	
333.00005060	
332.99959599	
332.99971049	
332.99980501	
332.99965182	
332.99961567	
332.99943782	
332.99939242	
332.99922939	
332.99927054	
332.99892490	
332.99830855	
332.99794833	
332.99794095	
332.99784332	
332.99743889	
332.99782078	
332.99841211	
332.99804441	
332.99801293	
332.99789655	
332.99767075	
332.99814646	
332.99826467	
332.99840004	
332.99915820	
332.99973128	
332.99991017	
332.99977226	
332.99972532	
332.99947870	
332.99882269	
332.99899943	
332.99901222	
332.99893599	
332.99888176	
332.99869890	
332.99881484	
332.99888690	
332.99934273	
332.99961202	
332.99970669	
333.00025837	
333.00030254	
333.00025197	
333.00058849	
333.00034032	
333.00054119	
333.00064973	
333.00035411	
333.00005228	
332.99997453	
333.00039754	
333.00049539	
332.99999926	
332.99983843	
333.00039591	
333.00058635	
333.00040911	
333.00049193	
333.00057544	
333.00084412	
333.00110141	
333.00056443	
333.00024065	
333.00003975	
333.00022031	
333.00090651	
333.00128172	
333.00135699	
333.00081432	
333.00064746	
333.00083033	
333.00074895	
333.00032914	
332.99983368	
332.99933793	
332.99922521	
332.99923965	
332.99873798	
332.99870215	
332.99864743	
332.99841792	
332.99895198	
332.99955887	
332.99970219	
332.99988538	
333.00032596	
333.00029465	
333.00008893	
333.00017358	
333.00022716	
333.00034594	
333.00016651	
332.99955442	
332.99886174	
332.99844586	
332.99818993	
332.99842181	
332.99892501	
332.99931006	
332.99966605	
332.99964430	
332.99975347	
332.99995495	
332.99948375	
332.99904123	
332.99904732	
332.99933488	
332.99991499	
333.00054560	
333.00084461	
333.00033614	
332.99961111	
332.99992907	
333.00004832	
333.00000147	
333.00078039	
333.00124851	
333.00146869	
333.00135050	
333.00070614	
333.00045057	
333.00057146	
333.00051992	
333.00008114	
333.00026990	
333.00083606	
333.00045392	
332.99995575	
333.00011036	
333.00059426	
333.00115691	
333.00131431	
333.00130778	
333.00170662	
333.00165447	
333.00102881	
333.00035838	
333.00034453	
333.00103052	
333.00096408	
333.00044855	
333.00046611	
333.00008576	
333.00012666	
333.00007174	
333.00016260	
333.00060626	
333.00069085	
333.00114483	
333.00121550	
333.00111532	
333.00063399	
333.00066527	
333.00090886	
333.00071978	
333.00109390	
333.00082357	
333.00051447	
333.00079050	
333.00067466	
333.00039465	
332.99997085	
332.99986031	
332.99959865	
332.99951317	
332.99967920	
332.99911906	
332.99911107	
332.99958979	
333.00003922	
333.00020131	
333.00051085	
333.00113021	
333.00110623	
333.00122527	
333.00178401	
333.00165702	
333.00146232	
333.00152553	
333.00105311	
333.00070514	
333.00064049	
333.00023976	
332.99979724	
332.99986998	
333.00024791	
333.00050933	
333.00074657	
333.00038769	
332.99963071	
332.99976292	
333.00016697	
333.00028442	
333.00035147	
332.99998388	
332.99937224	
332.99879955	
332.99889993	
332.99900732	
332.99903588	
332.99956399	
332.99960028	
332.99994559	
332.99999239	
332.99975113	
333.00037149	
333.00059902	
333.00083484	
333.00156687	
333.00161867	
333.00091362	
333.00032924	
333.00017930	
333.00005039	
332.99982977	
333.00013231	
333.00017272	
332.99950344	
332.99958561	
332.99985697	
333.00008265	
333.00037510	
333.00046668	
333.00017434	
332.99945438	
332.99919094	
332.99920876	
332.99966065	
333.00005307	
333.00044978	
333.00079487	
333.00033770	
333.00030980	
333.00067910	
333.00110852	
333.00109857	
333.00047655	
333.00000778	
333.00023116	
333.00057781	
333.00016570	
332.99954179	
332.99959249	
332.99991140	
333.00011882	
333.00001640	
332.99953229	
332.99974653	
332.99957734	
332.99938591	
332.99977549	
332.99961441	
332.99945815	
332.99957149	
332.99936792	
332.99876404	
332.99827422	
332.99788995	
332.99813085	
332.99827836	
332.99780911	
332.99740908	
332.99743735	
332.99743616	
332.99771111	
332.99859641	
332.99858146	
332.99821281	
332.99810855	
332.99814929	
332.99795747	
332.99770081	
332.99785071	
332.99793272	
332.99807592	
332.99867394	
332.99892457	
332.99854500	
332.99885605	
332.99889284	
332.99905859	
332.99955885	
332.99908113	
332.99928855	
332.99954713	
332.99890436	
332.99857222	
332.99867816	
332.99916735	
332.99967049	
333.00020049	
333.00012677	
332.99940338	
332.99918348	
332.99957484	
332.99998269	
333.00034964	
333.00087126	
333.00124977	
333.00156543	
333.00180710	
333.00165658	
333.00176402	
333.00157960	
333.00084077	
333.00093571	
333.00146377	
333.00200953	
333.00217487	
333.00233970	
333.00212985	
333.00197534	
333.00230341	
333.00198759	
333.00177376	
333.00199643	
333.00216361	
333.00187942	
333.00188192	
333.00230189	
333.00250381	
333.00289790	
333.00341921	
333.00347073	
333.00338609	
333.00344744	
333.00342346	
333.00342133	
333.00289359	
333.00206810	
333.00172221	
333.00180670	
333.00183272	
333.00185349	
333.00143311	
333.00099261	
333.00096268	
333.00079939	
333.00080213	
333.00102112	
333.00135961	
333.00099664	
333.00102842	
333.00102314	
333.00045452	
333.00061481	
333.00115095	
333.00137164	
333.00083810	
333.00077745	
333.00082408	
333.00015193	
332.99953739	
332.99953560	
332.99964469	
332.99996377	
333.00025342	
333.00047106	
333.00061791	
333.00042705	
333.00070741	
333.00081754	
333.00027278	
333.00014455	
333.00050583	
333.00063807	
333.00026824	
332.99975697	
332.99980062	
332.99992353	
333.00015954	
333.00066483	
333.00075701	
333.00091592	
333.00153736	
333.00125608	
333.00024801	
333.00039599	
333.00059403	
333.00038288	
333.00037856	
333.00005336	
332.99986883	
332.99998034	
332.99961459	
332.99886752	
332.99839693	
332.99873257	
332.99960338	
332.99951901	
332.99892248	
332.99857493	
332.99860517	
332.99919393	
332.99917550	
332.99928390	
332.99978225	
332.99982216	
333.00006480	
332.99995677	
332.99936296	
332.99936865	
332.99930512	
332.99899567	
332.99899868	
332.99909190	
332.99958652	
333.00023391	
333.00003499	
332.99949770	
332.99927980	
332.99956775	
332.99980408	
333.00006036	
333.00056902	
333.00079051	
333.00132077	
333.00147922	
333.00126662	
333.00072629	
333.00066468	
333.00054623	
332.99972307	
332.99907987	
332.99921081	
332.99961684	
332.99943761	
332.99986912	
333.00040865	
333.00020064	
332.99975627	
332.99937878	
332.99963933	
333.00016593	
333.00048315	
333.00030205	
332.99991299	
333.00039270	
333.00036675	
333.00024444	
333.00087244	
333.00117801	
333.00148919	
333.00193336	
333.00147567	
333.00050664	
333.00013479	
333.00044443	
333.00042066	
333.00054583	
333.00066876	
333.00012518	
332.99978804	
332.99966334	
332.99941761	
332.99886503	
332.99893950	
332.99881965	
332.99902420	
332.99920463	
332.99889514	
332.99935765	
332.99917839	
332.99847999	
332.99833853	
332.99879988	
332.99868516	
332.99816399	
332.99829841	
332.99895690	
332.99918186	
332.99945016	
332.99964078	
332.99956365	
332.99977794	
332.99965803	
332.99967366	
332.99955459	
332.99983746	
332.99993373	
332.99986750	
332.99973057	
332.99943774	
333.00004803	
333.00011154	
332.99972199	
332.99955844	
332.99969440	
333.00022429	
333.00005778	
332.99988210	
332.99959955	
332.99960750	
332.99982618	
332.99954222	
332.99973788	
332.99949290	
332.99895062	
332.99917011	
332.99939772	
332.99979048	
333.00040516	
333.00063258	
333.00084816	
333.00110320	
333.00146100	
333.00196987	
333.00164600	
333.00089338	
333.00082026	
333.00080479	
333.00051734	
332.99991245	
332.99971794	
333.00022796	
333.00018448	
333.00036001	
333.00049044	
332.99999514	
332.99965896	
332.99953510	
332.99939764	
332.99906202	
332.99952416	
333.00013160	
333.00010293	
333.00003022	
333.00042532	
333.00086627	
333.00123408	
333.00108395	
333.00108677	
333.00177983	
333.00216741	
333.00218339	
333.00173134	
333.00141982	
333.00124266	
333.00105145	
333.00130066	
333.00165542	
333.00121778	
333.00045089	
333.00025067	
333.00019924	
333.00029563	
333.00010146	
332.99980894	
333.00027122	
333.00064178	
333.00099777	
333.00149882	
333.00188124	
333.00179483	
333.00137291	
333.00144499	
333.00098930	
333.00093601	
333.00118021	
333.00107916	
333.00151072	
333.00157165	
333.00090876	
333.00051850	
333.00011773	
332.99927910	
332.99870307	
332.99815078	
332.99800853	
332.99813557	
332.99847005	
332.99855954	
332.99847682	
332.99847390	
332.99796404	
332.99758289	
332.99787571	
332.99822632	
332.99863348	
332.99931799	
332.99961399	
332.99955717	
332.99972246	
333.00025014	
333.00049586	
333.00038145	
333.00062476	
333.00089828	
333.00034644	
332.99952558	
332.99884883	
332.99824652	
332.99840266	
332.99882804	
332.99872081	
332.99876336	
332.99925980	
332.99938534	
332.99914838	
332.99897100	
332.99848725	
332.99842739	
332.99895538	
332.99903160	
332.99895586	
332.99947230	
332.99932075	
332.99847683	
332.99836068	
332.99892888	
332.99943631	
332.99984982	
333.00032956	
333.00079563	
333.00077799	
333.00072644	
333.00128722	
333.00120071	
333.00116355	
333.00126501	
333.00074100	
333.00010234	
332.99967363	
332.99917508	
332.99870755	
332.99856904	
332.99859737	
332.99916576	
332.99921446	
332.99864629	
332.99852962	
332.99864596	
332.99874327	
332.99904016	
332.99969774	
333.00027381	
333.00047453	
333.00003222	
333.00007048	
333.00034888	
333.00060716	
333.00099061	
333.00110416	
333.00132444	
333.00104627	
333.00080674	
333.00040594	
333.00044689	
333.00119821	
333.00113583	
333.00034699	
333.00009260	
332.99982980	
332.99976272	
332.99967822	
332.99938949	
333.00001416	
333.00067932	
333.00079492	
333.00105385	
333.00169804	
333.00142424	
333.00054039	
332.99979897	
332.99953696	
332.99924099	
332.99862839	
332.99879949	
332.99954574	
332.99944433	
332.99909442	
332.99967622	
333.00045791	
333.00021503	
332.99999115	
333.00064152	
333.00052214	
332.99980536	
332.99949509	
332.99975542	
332.99967860	
332.99973741	
332.99993997	
332.99934271	
332.99884474	
332.99840062	
332.99868346	
332.99947045	
333.00004740	
332.99990792	
332.99951000	
332.99966578	
332.99951387	
332.99906174	
332.99857263	
332.99835168	
332.99856789	
332.99910400	
332.99948957	
332.99987950	
333.00032874	
333.00038984	
333.00017894	
332.99975396	
333.00000363	
333.00033913	
333.00021227	
333.00052605	
333.00082124	
333.00095468	
333.00093068	
333.00101736	
333.00065070	
333.00053327	
333.00077972	
333.00026552	
333.00013127	
332.99994933	
332.99975743	
333.00014283	
332.99991231	
332.99960170	
332.99952123	
332.99908122	
332.99900814	
332.99905260	
332.99889994	
332.99934147	
332.99926904	
332.99925815	
332.99928643	
332.99871970	
332.99875662	
332.99863924	
332.99824913	
332.99844278	
332.99854285	
332.99873047	
332.99926847	
332.99982440	
332.99975927	
332.99934294	
332.99950479	
332.99940044	
332.99927571	
332.99905390	
332.99854738	
332.99882896	
332.99904920	
332.99897832	
332.99919992	
332.99930877	
