288.70706966	
288.70678683	
288.70650412	
288.70622152	
288.70593903	
288.70565665	
288.70537439	
288.70509224	
288.70481020	
288.70452828	
288.70424647	
288.70396477	
288.70368318	
288.70340171	
288.70312035	
288.70283910	
288.70255797	
288.70227694	
288.70199603	
288.70171523	
288.70143455	
288.70115397	
288.70087351	
288.70059316	
288.70031292	
288.70003280	
288.69975279	
288.69947289	
288.69919310	
288.69891342	
288.69863385	
288.69835440	
288.69807506	
288.69779583	
288.69751671	
288.69723770	
288.69695881	
288.69668002	
288.69640135	
288.69612279	
288.69584434	
288.69556601	
288.69528778	
288.69500966	
288.69473166	
288.69445377	
288.69417599	
288.69389832	
288.69362076	
288.69334331	
288.69306597	
288.69278874	
288.69251163	
288.69223462	
288.69195773	
288.69168095	
288.69140427	
288.69112771	
288.69085126	
288.69057492	
288.69029869	
288.69002257	
288.68974656	
288.68947066	
288.68919488	
288.68891920	
288.68864363	
288.68836817	
288.68809283	
288.68781759	
288.68754246	
288.68726744	
288.68699254	
288.68671774	
288.68644305	
288.68616848	
288.68589401	
288.68561965	
288.68534540	
288.68507126	
288.68479724	
288.68452332	
288.68424951	
288.68397581	
288.68370222	
288.68342874	
288.68315537	
288.68288210	
288.68260895	
288.68233591	
288.68206297	
288.68179015	
288.68151743	
288.68124482	
288.68097233	
288.68069994	
288.68042766	
288.68015549	
288.67988342	
288.67961147	
288.67933963	
288.67906789	
288.67879626	
288.67852474	
288.67825334	
288.67798203	
288.67771084	
288.67743976	
288.67716878	
288.67689791	
288.67662715	
288.67635650	
288.67608596	
288.67581553	
288.67554520	
288.67527498	
288.67500487	
288.67473487	
288.67446498	
288.67419519	
288.67392551	
288.67365594	
288.67338648	
288.67311712	
288.67284788	
288.67257874	
288.67230971	
288.67204078	
288.67177197	
288.67150326	
288.67123466	
288.67096616	
288.67069778	
288.67042950	
288.67016133	
288.66989326	
288.66962530	
288.66935745	
288.66908971	
288.66882207	
288.66855455	
288.66828712	
288.66801981	
288.66775260	
288.66748550	
288.66721851	
288.66695162	
288.66668484	
288.66641816	
288.66615160	
288.66588514	
288.66561878	
288.66535253	
288.66508639	
288.66482036	
288.66455443	
288.66428861	
288.66402289	
288.66375728	
288.66349178	
288.66322639	
288.66296109	
288.66269591	
288.66243083	
288.66216586	
288.66190099	
288.66163623	
288.66137158	
288.66110703	
288.66084259	
288.66057825	
288.66031402	
288.66004989	
288.65978587	
288.65952196	
288.65925815	
288.65899445	
288.65873085	
288.65846736	
288.65820397	
288.65794069	
288.65767751	
288.65741444	
288.65715147	
288.65688861	
288.65662586	
288.65636321	
288.65610066	
288.65583822	
288.65557589	
288.65531366	
288.65505153	
288.65478951	
288.65452760	
288.65426578	
288.65400408	
288.65374248	
288.65348098	
288.65321959	
288.65295830	
288.65269712	
288.65243604	
288.65217506	
288.65191419	
288.65165343	
288.65139277	
288.65113221	
288.65087176	
288.65061141	
288.65035116	
288.65009102	
288.64983099	
288.64957105	
288.64931122	
288.64905150	
288.64879188	
288.64853236	
288.64827295	
288.64801364	
288.64775444	
288.64749533	
288.64723634	
288.64697744	
288.64671865	
288.64645996	
288.64620138	
288.64594290	
288.64568452	
288.64542625	
288.64516808	
288.64491001	
288.64465204	
288.64439418	
288.64413643	
288.64387877	
288.64362122	
288.64336377	
288.64310643	
288.64284918	
288.64259204	
288.64233501	
288.64207807	
288.64182124	
288.64156451	
288.64130789	
288.64105136	
288.64079494	
288.64053863	
288.64028241	
288.64002630	
288.63977029	
288.63951438	
288.63925857	
288.63900287	
288.63874727	
288.63849177	
288.63823637	
288.63798108	
288.63772589	
288.63747080	
288.63721581	
288.63696092	
288.63670614	
288.63645145	
288.63619687	
288.63594239	
288.63568802	
288.63543374	
288.63517957	
288.63492550	
288.63467153	
288.63441766	
288.63416389	
288.63391023	
288.63365666	
288.63340320	
288.63314984	
288.63289658	
288.63264342	
288.63239036	
288.63213741	
288.63188455	
288.63163180	
288.63137914	
288.63112659	
288.63087414	
288.63062179	
288.63036954	
288.63011740	
288.62986535	
288.62961340	
288.62936156	
288.62910981	
288.62885817	
288.62860663	
288.62835518	
288.62810384	
288.62785260	
288.62760146	
288.62735042	
288.62709948	
288.62684864	
288.62659790	
288.62634726	
288.62609672	
288.62584628	
288.62559594	
288.62534570	
288.62509557	
288.62484553	
288.62459559	
288.62434575	
288.62409601	
288.62384638	
288.62359684	
288.62334740	
288.62309806	
288.62284882	
288.62259968	
288.62235064	
288.62210170	
288.62185286	
288.62160412	
288.62135548	
288.62110693	
288.62085849	
288.62061015	
288.62036190	
288.62011376	
288.61986571	
288.61961777	
288.61936992	
288.61912217	
288.61887452	
288.61862697	
288.61837952	
288.61813217	
288.61788492	
288.61763776	
288.61739071	
288.61714375	
288.61689690	
288.61665014	
288.61640348	
288.61615692	
288.61591045	
288.61566409	
288.61541782	
288.61517166	
288.61492559	
288.61467962	
288.61443374	
288.61418797	
288.61394230	
288.61369672	
288.61345124	
288.61320586	
288.61296058	
288.61271539	
288.61247031	
288.61222532	
288.61198043	
288.61173564	
288.61149094	
288.61124635	
288.61100185	
288.61075745	
288.61051314	
288.61026894	
288.61002483	
288.60978082	
288.60953691	
288.60929309	
288.60904938	
288.60880576	
288.60856223	
288.60831881	
288.60807548	
288.60783225	
288.60758912	
288.60734608	
288.60710315	
288.60686030	
288.60661756	
288.60637491	
288.60613236	
288.60588991	
288.60564755	
288.60540529	
288.60516313	
288.60492107	
288.60467910	
288.60443723	
288.60419545	
288.60395377	
288.60371219	
288.60347071	
288.60322932	
288.60298803	
288.60274683	
288.60250573	
288.60226473	
288.60202383	
288.60178302	
288.60154230	
288.60130169	
288.60106117	
288.60082074	
288.60058041	
288.60034018	
288.60010004	
288.59986000	
288.59962006	
288.59938021	
288.59914046	
288.59890080	
288.59866124	
288.59842178	
288.59818241	
288.59794314	
288.59770396	
288.59746488	
288.59722589	
288.59698700	
288.59674821	
288.59650951	
288.59627090	
288.59603240	
288.59579398	
288.59555567	
288.59531744	
288.59507932	
288.59484128	
288.59460335	
288.59436551	
288.59412776	
288.59389011	
288.59365255	
288.59341509	
288.59317773	
288.59294046	
288.59270328	
288.59246620	
288.59222921	
288.59199232	
288.59175552	
288.59151882	
288.59128221	
288.59104570	
288.59080928	
288.59057296	
288.59033673	
288.59010059	
288.58986455	
288.58962861	
288.58939276	
288.58915700	
288.58892134	
288.58868577	
288.58845029	
288.58821491	
288.58797963	
288.58774444	
288.58750934	
288.58727433	
288.58703942	
288.58680461	
288.58656989	
288.58633526	
288.58610073	
288.58586628	
288.58563194	
288.58539769	
288.58516353	
288.58492946	
288.58469549	
288.58446161	
288.58422783	
288.58399414	
288.58376054	
288.58352703	
288.58329362	
288.58306031	
288.58282708	
288.58259395	
288.58236091	
288.58212797	
288.58189512	
288.58166236	
288.58142969	
288.58119712	
288.58096464	
288.58073226	
288.58049996	
288.58026776	
288.58003566	
288.57980364	
288.57957172	
288.57933989	
288.57910816	
288.57887651	
288.57864496	
288.57841351	
288.57818214	
288.57795087	
288.57771969	
288.57748860	
288.57725760	
288.57702670	
288.57679589	
288.57656517	
288.57633455	
288.57610401	
288.57587357	
288.57564322	
288.57541296	
288.57518280	
288.57495272	
288.57472274	
288.57449285	
288.57426306	
288.57403335	
288.57380374	
288.57357422	
288.57334479	
288.57311545	
288.57288620	
288.57265705	
288.57242799	
288.57219902	
288.57197014	
288.57174135	
288.57151265	
288.57128405	
288.57105553	
288.57082711	
288.57059878	
288.57037054	
288.57014239	
288.56991433	
288.56968637	
288.56945849	
288.56923071	
288.56900302	
288.56877542	
288.56854791	
288.56832049	
288.56809316	
288.56786592	
288.56763878	
288.56741172	
288.56718476	
288.56695788	
288.56673110	
288.56650441	
288.56627780	
288.56605129	
288.56582487	
288.56559854	
288.56537230	
288.56514615	
288.56492010	
288.56469413	
288.56446825	
288.56424246	
288.56401677	
288.56379116	
288.56356564	
288.56334022	
288.56311488	
288.56288963	
288.56266448	
288.56243941	
288.56221444	
288.56198955	
288.56176476	
288.56154005	
288.56131543	
288.56109091	
288.56086647	
288.56064212	
288.56041787	
288.56019370	
288.55996962	
288.55974564	
288.55952174	
288.55929793	
288.55907421	
288.55885058	
288.55862704	
288.55840359	
288.55818023	
288.55795696	
288.55773377	
288.55751068	
288.55728767	
288.55706476	
288.55684193	
288.55661920	
288.55639655	
288.55617399	
288.55595152	
288.55572914	
288.55550685	
288.55528465	
288.55506253	
288.55484051	
288.55461857	
288.55439672	
288.55417496	
288.55395329	
288.55373171	
288.55351022	
288.55328882	
288.55306750	
288.55284627	
288.55262514	
288.55240409	
288.55218312	
288.55196225	
288.55174147	
288.55152077	
288.55130016	
288.55107964	
288.55085921	
288.55063887	
288.55041861	
288.55019844	
288.54997836	
288.54975837	
288.54953847	
288.54931865	
288.54909893	
288.54887929	
288.54865973	
288.54844027	
288.54822089	
288.54800161	
288.54778241	
288.54756329	
288.54734427	
288.54712533	
288.54690648	
288.54668772	
288.54646904	
288.54625045	
288.54603195	
288.54581354	
288.54559522	
288.54537698	
288.54515883	
288.54494076	
288.54472279	
288.54450490	
288.54428710	
288.54406938	
288.54385175	
288.54363421	
288.54341676	
288.54319939	
288.54298211	
288.54276492	
288.54254781	
288.54233079	
288.54211386	
288.54189702	
288.54168026	
288.54146359	
288.54124700	
288.54103050	
288.54081409	
288.54059776	
288.54038152	
288.54016537	
288.53994931	
288.53973333	
288.53951743	
288.53930163	
288.53908590	
288.53887027	
288.53865472	
288.53843926	
288.53822388	
288.53800860	
288.53779339	
288.53757827	
288.53736324	
288.53714830	
288.53693344	
288.53671867	
288.53650398	
288.53628938	
288.53607486	
288.53586043	
288.53564609	
288.53543183	
288.53521766	
288.53500357	
288.53478957	
288.53457565	
288.53436182	
288.53414808	
288.53393442	
288.53372084	
288.53350735	
288.53329395	
288.53308063	
288.53286740	
288.53265425	
288.53244119	
288.53222822	
288.53201533	
288.53180252	
288.53158980	
288.53137716	
288.53116461	
288.53095215	
288.53073976	
288.53052747	
288.53031526	
288.53010313	
288.52989109	
288.52967913	
288.52946726	
288.52925548	
288.52904377	
288.52883216	
288.52862062	
288.52840917	
288.52819781	
288.52798653	
288.52777534	
288.52756423	
288.52735320	
288.52714226	
288.52693140	
288.52672063	
288.52650994	
288.52629934	
288.52608882	
288.52587838	
288.52566803	
288.52545776	
288.52524758	
288.52503748	
288.52482747	
288.52461754	
288.52440769	
288.52419793	
288.52398825	
288.52377865	
288.52356914	
288.52335971	
288.52315037	
288.52294111	
288.52273193	
288.52252284	
288.52231383	
288.52210490	
288.52189606	
288.52168730	
288.52147863	
288.52127004	
288.52106153	
288.52085311	
288.52064476	
288.52043651	
288.52022833	
288.52002024	
288.51981223	
288.51960431	
288.51939647	
288.51918871	
288.51898103	
288.51877344	
288.51856593	
288.51835850	
288.51815116	
288.51794390	
288.51773672	
288.51752963	
288.51732262	
288.51711569	
288.51690884	
288.51670208	
288.51649540	
288.51628880	
288.51608228	
288.51587585	
288.51566950	
288.51546323	
288.51525705	
288.51505094	
288.51484492	
288.51463898	
288.51443313	
288.51422736	
288.51402166	
288.51381606	
288.51361053	
288.51340509	
288.51319972	
288.51299444	
288.51278925	
288.51258413	
288.51237910	
288.51217414	
288.51196928	
288.51176449	
288.51155978	
288.51135516	
288.51115062	
288.51094616	
288.51074178	
288.51053748	
288.51033327	
288.51012913	
288.50992508	
288.50972111	
288.50951722	
288.50931341	
288.50910969	
288.50890605	
288.50870248	
288.50849900	
288.50829560	
288.50809228	
288.50788905	
288.50768589	
288.50748282	
288.50727982	
288.50707691	
288.50687408	
288.50667133	
288.50646866	
288.50626608	
288.50606357	
288.50586114	
288.50565880	
288.50545654	
288.50525435	
288.50505225	
288.50485023	
288.50464829	
288.50444643	
288.50424465	
288.50404296	
288.50384134	
288.50363980	
288.50343835	
288.50323697	
288.50303568	
288.50283446	
288.50263333	
288.50243227	
288.50223130	
288.50203041	
288.50182960	
288.50162886	
288.50142821	
288.50122764	
288.50102715	
288.50082674	
288.50062641	
288.50042616	
288.50022599	
288.50002590	
288.49982589	
288.49962596	
288.49942611	
288.49922634	
288.49902665	
288.49882703	
288.49862750	
288.49842805	
288.49822868	
288.49802939	
288.49783018	
288.49763105	
288.49743199	
288.49723302	
288.49703413	
288.49683531	
288.49663658	
288.49643793	
288.49623935	
288.49604085	
288.49584244	
288.49564410	
288.49544584	
288.49524767	
288.49504957	
288.49485155	
288.49465361	
288.49445574	
288.49425796	
288.49406026	
288.49386264	
288.49366509	
288.49346762	
288.49327024	
288.49307293	
288.49287570	
288.49267855	
288.49248148	
288.49228449	
288.49208757	
288.49189074	
288.49169398	
288.49149730	
288.49130070	
288.49110418	
288.49090774	
288.49071138	
288.49051509	
288.49031889	
288.49012276	
288.48992671	
288.48973074	
288.48953485	
288.48933903	
288.48914330	
288.48894764	
288.48875206	
288.48855656	
288.48836114	
288.48816579	
288.48797053	
288.48777534	
288.48758023	
288.48738520	
288.48719024	
288.48699537	
288.48680057	
288.48660585	
288.48641121	
288.48621664	
288.48602216	
288.48582775	
288.48563342	
288.48543916	
288.48524499	
288.48505089	
288.48485687	
288.48466293	
288.48446906	
288.48427527	
288.48408156	
288.48388793	
288.48369437	
288.48350090	
288.48330750	
288.48311417	
288.48292093	
288.48272776	
288.48253467	
288.48234165	
288.48214872	
288.48195586	
288.48176308	
288.48157037	
288.48137774	
288.48118519	
288.48099272	
288.48080032	
288.48060800	
288.48041576	
288.48022359	
288.48003150	
288.47983949	
288.47964755	
288.47945569	
288.47926391	
288.47907221	
288.47888058	
288.47868903	
288.47849755	
288.47830615	
288.47811483	
288.47792358	
288.47773241	
288.47754132	
288.47735030	
288.47715936	
288.47696850	
288.47677771	
288.47658700	
288.47639637	
288.47620581	
288.47601533	
288.47582492	
288.47563459	
288.47544434	
288.47525416	
288.47506406	
288.47487403	
288.47468408	
288.47449421	
288.47430441	
288.47411469	
288.47392504	
288.47373547	
288.47354598	
288.47335656	
288.47316722	
288.47297795	
288.47278876	
288.47259964	
288.47241060	
288.47222164	
288.47203275	
288.47184394	
288.47165520	
288.47146654	
288.47127795	
288.47108944	
288.47090100	
288.47071264	
288.47052436	
288.47033615	
288.47014801	
288.46995996	
288.46977197	
288.46958406	
288.46939623	
288.46920847	
288.46902079	
288.46883318	
288.46864565	
288.46845819	
288.46827080	
288.46808350	
288.46789626	
288.46770910	
288.46752202	
288.46733501	
288.46714808	
288.46696122	
288.46677443	
288.46658772	
288.46640109	
288.46621453	
288.46602804	
288.46584163	
288.46565529	
288.46546903	
288.46528284	
288.46509673	
288.46491069	
288.46472473	
288.46453884	
288.46435302	
288.46416728	
288.46398161	
288.46379602	
288.46361050	
288.46342506	
288.46323969	
288.46305439	
288.46286917	
288.46268402	
288.46249895	
288.46231395	
288.46212903	
288.46194417	
288.46175940	
288.46157469	
288.46139006	
288.46120551	
288.46102102	
288.46083662	
288.46065228	
288.46046802	
288.46028383	
288.46009972	
288.45991568	
288.45973171	
288.45954782	
288.45936400	
288.45918026	
288.45899658	
288.45881299	
288.45862946	
288.45844601	
288.45826263	
288.45807932	
288.45789609	
288.45771293	
288.45752985	
288.45734684	
288.45716390	
288.45698103	
288.45679824	
288.45661552	
288.45643288	
288.45625030	
288.45606780	
288.45588538	
288.45570302	
288.45552074	
288.45533853	
288.45515640	
288.45497433	
288.45479234	
288.45461043	
288.45442858	
288.45424681	
288.45406511	
288.45388349	
288.45370193	
288.45352045	
288.45333904	
288.45315771	
288.45297645	
288.45279525	
288.45261414	
288.45243309	
288.45225212	
288.45207122	
288.45189039	
288.45170963	
288.45152895	
288.45134834	
288.45116780	
288.45098733	
288.45080694	
288.45062661	
288.45044636	
288.45026618	
288.45008608	
288.44990604	
288.44972608	
288.44954619	
288.44936637	
288.44918662	
288.44900695	
288.44882735	
288.44864782	
288.44846836	
288.44828897	
288.44810965	
288.44793041	
288.44775124	
288.44757214	
288.44739311	
288.44721415	
288.44703527	
288.44685645	
288.44667771	
288.44649904	
288.44632044	
288.44614191	
288.44596345	
288.44578507	
288.44560675	
288.44542851	
288.44525034	
288.44507224	
288.44489421	
288.44471625	
288.44453837	
288.44436055	
288.44418281	
288.44400513	
288.44382753	
288.44365000	
288.44347254	
288.44329515	
288.44311783	
288.44294059	
288.44276341	
288.44258631	
288.44240927	
288.44223231	
288.44205541	
288.44187859	
288.44170184	
288.44152516	
288.44134855	
288.44117201	
288.44099554	
288.44081914	
288.44064282	
288.44046656	
288.44029037	
288.44011426	
288.43993821	
288.43976223	
288.43958633	
288.43941050	
288.43923473	
288.43905904	
288.43888341	
288.43870786	
288.43853238	
288.43835696	
288.43818162	
288.43800635	
288.43783115	
288.43765601	
288.43748095	
288.43730596	
288.43713104	
288.43695618	
288.43678140	
288.43660669	
288.43643205	
288.43625747	
288.43608297	
288.43590854	
288.43573417	
288.43555988	
288.43538566	
288.43521150	
288.43503742	
288.43486340	
288.43468946	
288.43451558	
288.43434178	
288.43416804	
288.43399437	
288.43382077	
288.43364725	
288.43347379	
288.43330040	
288.43312708	
288.43295383	
288.43278064	
288.43260753	
288.43243449	
288.43226152	
288.43208861	
288.43191578	
288.43174301	
288.43157031	
288.43139768	
288.43122512	
288.43105263	
288.43088021	
288.43070786	
288.43053558	
288.43036336	
288.43019122	
288.43001914	
288.42984713	
288.42967520	
288.42950333	
288.42933152	
288.42915979	
288.42898813	
288.42881653	
288.42864501	
288.42847355	
288.42830216	
288.42813084	
288.42795959	
288.42778840	
288.42761729	
288.42744624	
288.42727526	
288.42710435	
288.42693351	
288.42676274	
288.42659203	
288.42642139	
288.42625082	
288.42608032	
288.42590989	
288.42573953	
288.42556923	
288.42539900	
288.42522885	
288.42505875	
288.42488873	
288.42471877	
288.42454889	
288.42437907	
288.42420932	
288.42403963	
288.42387002	
288.42370047	
288.42353099	
288.42336158	
288.42319223	
288.42302295	
288.42285375	
288.42268460	
288.42251553	
288.42234652	
288.42217759	
288.42200871	
288.42183991	
288.42167117	
288.42150251	
288.42133391	
288.42116537	
288.42099691	
288.42082851	
288.42066018	
288.42049191	
288.42032371	
288.42015558	
288.41998752	
288.41981953	
288.41965160	
288.41948374	
288.41931595	
288.41914822	
288.41898056	
288.41881297	
288.41864544	
288.41847798	
288.41831059	
288.41814327	
288.41797601	
288.41780882	
288.41764170	
288.41747464	
288.41730765	
288.41714073	
288.41697387	
288.41680708	
288.41664036	
288.41647370	
288.41630711	
288.41614059	
288.41597413	
288.41580775	
288.41564142	
288.41547517	
288.41530898	
288.41514285	
288.41497679	
288.41481080	
288.41464488	
288.41447902	
288.41431323	
288.41414750	
288.41398185	
288.41381625	
288.41365073	
288.41348527	
288.41331987	
288.41315454	
288.41298928	
288.41282409	
288.41265896	
288.41249389	
288.41232890	
288.41216396	
288.41199910	
288.41183430	
288.41166957	
288.41150490	
288.41134030	
288.41117576	
288.41101129	
288.41084688	
288.41068255	
288.41051827	
288.41035407	
288.41018992	
288.41002585	
288.40986184	
288.40969789	
288.40953401	
288.40937020	
288.40920645	
288.40904277	
288.40887915	
288.40871560	
288.40855211	
288.40838869	
288.40822534	
288.40806205	
288.40789882	
288.40773566	
288.40757257	
288.40740954	
288.40724658	
288.40708368	
288.40692084	
288.40675808	
288.40659537	
288.40643273	
288.40627016	
288.40610765	
288.40594521	
288.40578283	
288.40562052	
288.40545827	
288.40529609	
288.40513397	
288.40497192	
288.40480993	
288.40464800	
288.40448614	
288.40432435	
288.40416262	
288.40400095	
288.40383935	
288.40367782	
288.40351635	
288.40335494	
288.40319360	
288.40303232	
288.40287111	
288.40270996	
288.40254888	
288.40238786	
288.40222690	
288.40206601	
288.40190518	
288.40174442	
288.40158372	
288.40142309	
288.40126252	
288.40110202	
288.40094158	
288.40078120	
288.40062089	
288.40046064	
288.40030045	
288.40014033	
288.39998028	
288.39982029	
288.39966036	
288.39950049	
288.39934069	
288.39918096	
288.39902128	
288.39886168	
288.39870213	
288.39854265	
288.39838323	
288.39822388	
288.39806459	
288.39790536	
288.39774620	
288.39758710	
288.39742807	
288.39726910	
288.39711019	
288.39695135	
288.39679257	
288.39663385	
288.39647520	
288.39631661	
288.39615808	
288.39599962	
288.39584122	
288.39568288	
288.39552461	
288.39536640	
288.39520825	
288.39505017	
288.39489215	
288.39473419	
288.39457630	
288.39441847	
288.39426070	
288.39410299	
288.39394535	
288.39378777	
288.39363026	
288.39347281	
288.39331542	
288.39315809	
288.39300083	
288.39284363	
288.39268649	
288.39252942	
288.39237240	
288.39221546	
288.39205857	
288.39190175	
288.39174498	
288.39158829	
288.39143165	
288.39127508	
288.39111857	
288.39096212	
288.39080574	
288.39064941	
288.39049315	
288.39033696	
288.39018082	
288.39002475	
288.38986874	
288.38971279	
288.38955691	
288.38940108	
288.38924532	
288.38908963	
288.38893399	
288.38877842	
288.38862291	
288.38846746	
288.38831207	
288.38815674	
288.38800148	
288.38784628	
288.38769114	
288.38753607	
288.38738105	
288.38722610	
288.38707121	
288.38691638	
288.38676161	
288.38660691	
288.38645227	
288.38629769	
288.38614317	
288.38598871	
288.38583431	
288.38567998	
288.38552571	
288.38537150	
288.38521735	
288.38506326	
288.38490924	
288.38475527	
288.38460137	
288.38444753	
288.38429375	
288.38414003	
288.38398638	
288.38383278	
288.38367925	
288.38352578	
288.38337237	
288.38321902	
288.38306573	
288.38291251	
288.38275934	
288.38260624	
288.38245319	
288.38230021	
288.38214729	
288.38199443	
288.38184164	
288.38168890	
288.38153622	
288.38138361	
288.38123106	
288.38107856	
288.38092613	
288.38077376	
288.38062145	
288.38046920	
288.38031702	
288.38016489	
288.38001282	
288.37986082	
288.37970887	
288.37955699	
288.37940517	
288.37925341	
288.37910170	
288.37895006	
288.37879848	
288.37864696	
288.37849551	
288.37834411	
288.37819277	
288.37804149	
288.37789028	
288.37773912	
288.37758802	
288.37743699	
288.37728601	
288.37713510	
288.37698425	
288.37683345	
288.37668272	
288.37653205	
288.37638143	
288.37623088	
288.37608039	
288.37592996	
288.37577958	
288.37562927	
288.37547902	
288.37532883	
288.37517870	
288.37502863	
288.37487861	
288.37472866	
288.37457877	
288.37442894	
288.37427917	
288.37412946	
288.37397980	
288.37383021	
288.37368068	
288.37353121	
288.37338180	
288.37323244	
288.37308315	
288.37293392	
288.37278474	
288.37263563	
288.37248657	
288.37233758	
288.37218865	
288.37203977	
288.37189095	
288.37174220	
288.37159350	
288.37144486	
288.37129629	
288.37114777	
288.37099931	
288.37085091	
288.37070257	
288.37055429	
288.37040606	
288.37025790	
288.37010980	
288.36996176	
288.36981377	
288.36966585	
288.36951798	
288.36937017	
288.36922242	
288.36907473	
288.36892710	
288.36877953	
288.36863202	
288.36848457	
288.36833718	
288.36818984	
288.36804256	
288.36789535	
288.36774819	
288.36760109	
288.36745405	
288.36730707	
288.36716015	
288.36701328	
288.36686648	
288.36671973	
288.36657304	
288.36642641	
288.36627984	
288.36613333	
288.36598688	
288.36584048	
288.36569415	
288.36554787	
288.36540165	
288.36525549	
288.36510939	
288.36496334	
288.36481736	
288.36467143	
288.36452556	
288.36437975	
288.36423400	
288.36408831	
288.36394267	
288.36379709	
288.36365157	
288.36350611	
288.36336071	
288.36321537	
288.36307008	
288.36292485	
288.36277968	
288.36263457	
288.36248952	
288.36234452	
288.36219958	
288.36205470	
288.36190988	
288.36176512	
288.36162041	
288.36147576	
288.36133117	
288.36118664	
288.36104217	
288.36089775	
288.36075339	
288.36060909	
288.36046485	
288.36032066	
288.36017653	
288.36003246	
288.35988845	
288.35974449	
288.35960059	
288.35945675	
288.35931297	
288.35916925	
288.35902558	
288.35888197	
288.35873842	
288.35859492	
288.35845148	
288.35830810	
288.35816478	
288.35802151	
288.35787830	
288.35773515	
288.35759206	
288.35744902	
288.35730604	
288.35716312	
288.35702025	
288.35687745	
288.35673470	
288.35659200	
288.35644936	
288.35630678	
288.35616426	
288.35602180	
288.35587939	
288.35573704	
288.35559474	
288.35545250	
288.35531032	
288.35516820	
288.35502613	
288.35488412	
288.35474217	
288.35460027	
288.35445843	
288.35431665	
288.35417492	
288.35403325	
288.35389164	
288.35375008	
288.35360858	
288.35346714	
288.35332575	
288.35318442	
288.35304315	
288.35290193	
288.35276077	
288.35261966	
288.35247862	
288.35233762	
288.35219669	
288.35205581	
288.35191499	
288.35177422	
288.35163351	
288.35149286	
288.35135226	
288.35121172	
288.35107124	
288.35093081	
288.35079043	
288.35065012	
288.35050986	
288.35036965	
288.35022951	
288.35008942	
288.34994938	
288.34980940	
288.34966948	
288.34952961	
288.34938980	
288.34925004	
288.34911034	
288.34897070	
288.34883111	
288.34869158	
288.34855210	
288.34841268	
288.34827331	
288.34813400	
288.34799475	
288.34785555	
288.34771641	
288.34757732	
288.34743829	
288.34729932	
288.34716040	
288.34702153	
288.34688272	
288.34674397	
288.34660527	
288.34646663	
288.34632804	
288.34618951	
288.34605104	
288.34591262	
288.34577425	
288.34563594	
288.34549769	
288.34535949	
288.34522135	
288.34508326	
288.34494522	
288.34480725	
288.34466932	
288.34453146	
288.34439364	
288.34425588	
288.34411818	
288.34398054	
288.34384294	
288.34370541	
288.34356792	
288.34343050	
288.34329312	
288.34315581	
288.34301854	
288.34288134	
288.34274418	
288.34260709	
288.34247004	
288.34233306	
288.34219612	
288.34205924	
288.34192242	
288.34178565	
288.34164894	
288.34151228	
288.34137567	
288.34123912	
288.34110263	
288.34096619	
288.34082980	
288.34069347	
288.34055719	
288.34042097	
288.34028480	
288.34014869	
288.34001263	
288.33987662	
288.33974067	
288.33960477	
288.33946893	
288.33933314	
288.33919741	
288.33906173	
288.33892611	
288.33879054	
288.33865502	
288.33851956	
288.33838415	
288.33824880	
288.33811350	
288.33797825	
288.33784306	
288.33770792	
288.33757284	
288.33743781	
288.33730284	
288.33716792	
288.33703305	
288.33689823	
288.33676348	
288.33662877	
288.33649412	
288.33635952	
288.33622498	
288.33609049	
288.33595605	
288.33582167	
288.33568734	
288.33555307	
288.33541884	
288.33528468	
288.33515056	
288.33501650	
288.33488250	
288.33474854	
288.33461464	
288.33448080	
288.33434701	
288.33421327	
288.33407958	
288.33394595	
288.33381237	
288.33367885	
288.33354537	
288.33341196	
288.33327859	
288.33314528	
288.33301202	
288.33287882	
288.33274567	
288.33261257	
288.33247952	
288.33234653	
288.33221359	
288.33208071	
288.33194787	
288.33181509	
288.33168237	
288.33154970	
288.33141708	
288.33128451	
288.33115200	
288.33101953	
288.33088713	
288.33075477	
288.33062247	
288.33049022	
288.33035802	
288.33022588	
288.33009379	
288.32996175	
288.32982977	
288.32969784	
288.32956596	
288.32943413	
288.32930236	
288.32917064	
288.32903897	
288.32890735	
288.32877579	
288.32864428	
288.32851282	
288.32838142	
288.32825006	
288.32811876	
288.32798752	
288.32785632	
288.32772518	
288.32759409	
288.32746305	
288.32733207	
288.32720113	
288.32707025	
288.32693943	
288.32680865	
288.32667793	
288.32654725	
288.32641664	
288.32628607	
288.32615555	
288.32602509	
288.32589468	
288.32576432	
288.32563402	
288.32550377	
288.32537356	
288.32524341	
288.32511332	
288.32498327	
288.32485328	
288.32472334	
288.32459345	
288.32446361	
288.32433382	
288.32420409	
288.32407441	
288.32394478	
288.32381520	
288.32368568	
288.32355620	
288.32342678	
288.32329741	
288.32316809	
288.32303882	
288.32290961	
288.32278044	
288.32265133	
288.32252227	
288.32239326	
288.32226430	
288.32213540	
288.32200654	
288.32187774	
288.32174899	
288.32162029	
288.32149164	
288.32136305	
288.32123450	
288.32110601	
288.32097756	
288.32084917	
288.32072083	
288.32059255	
288.32046431	
288.32033612	
288.32020799	
288.32007991	
288.31995187	
288.31982389	
288.31969596	
288.31956808	
288.31944026	
288.31931248	
288.31918476	
288.31905708	
288.31892946	
288.31880189	
288.31867437	
288.31854690	
288.31841948	
288.31829211	
288.31816479	
288.31803753	
288.31791031	
288.31778315	
288.31765604	
288.31752897	
288.31740196	
288.31727500	
288.31714809	
288.31702123	
288.31689442	
288.31676767	
288.31664096	
288.31651430	
288.31638770	
288.31626114	
288.31613464	
288.31600818	
288.31588178	
288.31575543	
288.31562912	
288.31550287	
288.31537667	
288.31525052	
288.31512442	
288.31499837	
288.31487237	
288.31474642	
288.31462052	
288.31449468	
288.31436888	
288.31424313	
288.31411743	
288.31399179	
288.31386619	
288.31374064	
288.31361515	
288.31348970	
288.31336431	
288.31323896	
288.31311366	
288.31298842	
288.31286322	
288.31273808	
288.31261298	
288.31248794	
288.31236294	
288.31223800	
288.31211310	
288.31198826	
288.31186346	
288.31173872	
288.31161402	
288.31148937	
288.31136478	
288.31124023	
288.31111574	
288.31099129	
288.31086689	
288.31074255	
288.31061825	
288.31049400	
288.31036981	
288.31024566	
288.31012156	
288.30999751	
288.30987351	
288.30974956	
288.30962566	
288.30950181	
288.30937801	
288.30925426	
288.30913056	
288.30900691	
288.30888330	
288.30875975	
288.30863625	
288.30851279	
288.30838939	
288.30826603	
288.30814272	
288.30801947	
288.30789626	
288.30777310	
288.30764999	
288.30752693	
288.30740392	
288.30728096	
288.30715805	
288.30703518	
288.30691237	
288.30678960	
288.30666689	
288.30654422	
288.30642160	
288.30629904	
288.30617652	
288.30605405	
288.30593162	
288.30580925	
288.30568693	
288.30556465	
288.30544243	
288.30532025	
288.30519812	
288.30507604	
288.30495401	
288.30483203	
288.30471010	
288.30458821	
288.30446638	
288.30434459	
288.30422285	
288.30410117	
288.30397952	
288.30385793	
288.30373639	
288.30361490	
288.30349345	
288.30337205	
288.30325070	
288.30312940	
288.30300815	
288.30288695	
288.30276579	
288.30264469	
288.30252363	
288.30240262	
288.30228166	
288.30216075	
288.30203988	
288.30191907	
288.30179830	
288.30167758	
288.30155691	
288.30143628	
288.30131571	
288.30119518	
288.30107471	
288.30095428	
288.30083389	
288.30071356	
288.30059328	
288.30047304	
288.30035285	
288.30023271	
288.30011261	
288.29999257	
288.29987257	
288.29975262	
288.29963272	
288.29951287	
288.29939306	
288.29927331	
288.29915360	
288.29903394	
288.29891432	
288.29879476	
288.29867524	
288.29855577	
288.29843635	
288.29831697	
288.29819764	
288.29807837	
288.29795913	
288.29783995	
288.29772081	
288.29760173	
288.29748269	
288.29736369	
288.29724475	
288.29712585	
288.29700700	
288.29688820	
288.29676944	
288.29665073	
288.29653207	
288.29641346	
288.29629489	
288.29617638	
288.29605791	
288.29593948	
288.29582111	
288.29570278	
288.29558450	
288.29546626	
288.29534808	
288.29522994	
288.29511185	
288.29499380	
288.29487580	
288.29475785	
288.29463995	
288.29452209	
288.29440429	
288.29428652	
288.29416881	
288.29405114	
288.29393352	
288.29381595	
288.29369842	
288.29358094	
288.29346351	
288.29334612	
288.29322879	
288.29311149	
288.29299425	
288.29287705	
288.29275990	
288.29264280	
288.29252574	
288.29240873	
288.29229177	
288.29217485	
288.29205798	
288.29194116	
288.29182438	
288.29170765	
288.29159097	
288.29147433	
288.29135774	
288.29124120	
288.29112470	
288.29100825	
288.29089185	
288.29077549	
288.29065918	
288.29054292	
288.29042670	
288.29031053	
288.29019441	
288.29007833	
288.28996230	
288.28984631	
288.28973037	
288.28961448	
288.28949864	
288.28938284	
288.28926708	
288.28915138	
288.28903572	
288.28892010	
288.28880453	
288.28868901	
288.28857354	
288.28845811	
288.28834272	
288.28822739	
288.28811209	
288.28799685	
288.28788165	
288.28776650	
288.28765139	
288.28753633	
288.28742132	
288.28730635	
288.28719143	
288.28707655	
288.28696172	
288.28684693	
288.28673220	
288.28661750	
288.28650286	
288.28638825	
288.28627370	
288.28615919	
288.28604473	
288.28593031	
288.28581594	
288.28570161	
288.28558733	
288.28547309	
288.28535890	
288.28524476	
288.28513066	
288.28501661	
288.28490260	
288.28478864	
288.28467473	
288.28456086	
288.28444703	
288.28433325	
288.28421952	
288.28410583	
288.28399219	
288.28387859	
288.28376504	
288.28365154	
288.28353808	
288.28342466	
288.28331129	
288.28319797	
288.28308469	
288.28297145	
288.28285827	
288.28274512	
288.28263202	
288.28251897	
288.28240596	
288.28229300	
288.28218008	
288.28206721	
288.28195438	
288.28184160	
288.28172887	
288.28161617	
288.28150353	
288.28139093	
288.28127837	
288.28116586	
288.28105339	
288.28094097	
288.28082860	
288.28071626	
288.28060398	
288.28049174	
288.28037954	
288.28026739	
288.28015528	
288.28004322	
288.27993120	
288.27981923	
288.27970730	
288.27959542	
288.27948358	
288.27937179	
288.27926004	
288.27914833	
288.27903667	
288.27892506	
288.27881349	
288.27870196	
288.27859048	
288.27847905	
288.27836766	
288.27825631	
288.27814501	
288.27803375	
288.27792253	
288.27781137	
288.27770024	
288.27758916	
288.27747812	
288.27736713	
288.27725619	
288.27714528	
288.27703443	
288.27692361	
288.27681284	
288.27670212	
288.27659144	
288.27648080	
288.27637021	
288.27625966	
288.27614916	
288.27603870	
288.27592828	
288.27581791	
288.27570758	
288.27559730	
288.27548706	
288.27537687	
288.27526672	
288.27515661	
288.27504655	
288.27493653	
288.27482655	
288.27471662	
288.27460674	
288.27449689	
288.27438709	
288.27427734	
288.27416763	
288.27405796	
288.27394834	
288.27383876	
288.27372922	
288.27361973	
288.27351028	
288.27340088	
288.27329152	
288.27318220	
288.27307293	
288.27296370	
288.27285451	
288.27274537	
288.27263627	
288.27252722	
288.27241821	
288.27230924	
288.27220032	
288.27209144	
288.27198260	
288.27187381	
288.27176506	
288.27165635	
288.27154769	
288.27143907	
288.27133050	
288.27122196	
288.27111347	
288.27100503	
288.27089663	
288.27078827	
288.27067995	
288.27057168	
288.27046345	
288.27035527	
288.27024713	
288.27013903	
288.27003097	
288.26992296	
288.26981499	
288.26970706	
288.26959918	
288.26949134	
288.26938354	
288.26927579	
288.26916808	
288.26906041	
288.26895279	
288.26884521	
288.26873767	
288.26863017	
288.26852272	
288.26841531	
288.26830795	
288.26820062	
288.26809334	
288.26798611	
288.26787891	
288.26777176	
288.26766465	
288.26755759	
288.26745056	
288.26734358	
288.26723665	
288.26712975	
288.26702290	
288.26691609	
288.26680932	
288.26670260	
288.26659592	
288.26648928	
288.26638268	
288.26627613	
288.26616962	
288.26606315	
288.26595673	
288.26585035	
288.26574401	
288.26563771	
288.26553145	
288.26542524	
288.26531907	
288.26521294	
288.26510686	
288.26500081	
288.26489481	
288.26478886	
288.26468294	
288.26457707	
288.26447124	
288.26436545	
288.26425970	
288.26415400	
288.26404834	
288.26394272	
288.26383714	
288.26373160	
288.26362611	
288.26352066	
288.26341525	
288.26330989	
288.26320456	
288.26309928	
288.26299404	
288.26288884	
288.26278369	
288.26267858	
288.26257350	
288.26246847	
288.26236349	
288.26225854	
288.26215364	
288.26204878	
288.26194396	
288.26183918	
288.26173444	
288.26162975	
288.26152510	
288.26142049	
288.26131592	
288.26121139	
288.26110691	
288.26100247	
288.26089807	
288.26079371	
288.26068939	
288.26058511	
288.26048088	
288.26037669	
288.26027254	
288.26016843	
288.26006436	
288.25996033	
288.25985635	
288.25975241	
288.25964851	
288.25954465	
288.25944083	
288.25933705	
288.25923332	
288.25912962	
288.25902597	
288.25892236	
288.25881879	
288.25871527	
288.25861178	
288.25850834	
288.25840493	
288.25830157	
288.25819825	
288.25809497	
288.25799173	
288.25788854	
288.25778538	
288.25768227	
288.25757919	
288.25747616	
288.25737317	
288.25727022	
288.25716731	
288.25706445	
288.25696162	
288.25685884	
288.25675609	
288.25665339	
288.25655073	
288.25644811	
288.25634553	
288.25624299	
288.25614049	
288.25603804	
288.25593562	
288.25583325	
288.25573091	
288.25562862	
288.25552637	
288.25542416	
288.25532199	
288.25521986	
288.25511777	
288.25501573	
288.25491372	
288.25481175	
288.25470983	
288.25460795	
288.25450610	
288.25440430	
288.25430254	
288.25420082	
288.25409914	
288.25399750	
288.25389590	
288.25379434	
288.25369282	
288.25359135	
288.25348991	
288.25338851	
288.25328716	
288.25318584	
288.25308457	
288.25298333	
288.25288214	
288.25278099	
288.25267988	
288.25257880	
288.25247777	
288.25237678	
288.25227583	
288.25217492	
288.25207405	
288.25197322	
288.25187243	
288.25177168	
288.25167097	
288.25157031	
288.25146968	
288.25136909	
288.25126854	
288.25116803	
288.25106757	
288.25096714	
288.25086675	
288.25076641	
288.25066610	
288.25056583	
288.25046561	
288.25036542	
288.25026528	
288.25016517	
288.25006510	
288.24996508	
288.24986509	
288.24976514	
288.24966524	
288.24956537	
288.24946555	
288.24936576	
288.24926601	
288.24916631	
288.24906664	
288.24896701	
288.24886743	
288.24876788	
288.24866837	
288.24856891	
288.24846948	
288.24837009	
288.24827074	
288.24817143	
288.24807217	
288.24797294	
288.24787375	
288.24777460	
288.24767549	
288.24757642	
288.24747739	
288.24737840	
288.24727945	
288.24718053	
288.24708166	
288.24698283	
288.24688404	
288.24678528	
288.24668657	
288.24658789	
288.24648926	
288.24639066	
288.24629211	
288.24619359	
288.24609511	
288.24599667	
288.24589828	
288.24579992	
288.24570160	
288.24560332	
288.24550507	
288.24540687	
288.24530871	
288.24521059	
288.24511250	
288.24501446	
288.24491645	
288.24481848	
288.24472056	
288.24462267	
288.24452482	
288.24442701	
288.24432924	
288.24423151	
288.24413381	
288.24403616	
288.24393855	
288.24384097	
288.24374343	
288.24364594	
288.24354848	
288.24345106	
288.24335368	
288.24325634	
288.24315903	
288.24306177	
288.24296455	
288.24286736	
288.24277021	
288.24267311	
288.24257604	
288.24247901	
288.24238201	
288.24228506	
288.24218815	
288.24209127	
288.24199444	
288.24189764	
288.24180088	
288.24170416	
288.24160748	
288.24151083	
288.24141423	
288.24131766	
288.24122114	
288.24112465	
288.24102820	
288.24093179	
288.24083541	
288.24073908	
288.24064278	
288.24054653	
288.24045031	
288.24035413	
288.24025799	
288.24016188	
288.24006582	
288.23996979	
288.23987381	
288.23977786	
288.23968194	
288.23958607	
288.23949024	
288.23939444	
288.23929868	
288.23920296	
288.23910728	
288.23901164	
288.23891604	
288.23882047	
288.23872494	
288.23862945	
288.23853400	
288.23843859	
288.23834321	
288.23824787	
288.23815257	
288.23805731	
288.23796209	
288.23786690	
288.23777176	
288.23767665	
288.23758158	
288.23748655	
288.23739155	
288.23729659	
288.23720168	
288.23710680	
288.23701195	
288.23691715	
288.23682238	
288.23672765	
288.23663296	
288.23653831	
288.23644369	
288.23634911	
288.23625458	
288.23616007	
288.23606561	
288.23597118	
288.23587679	
288.23578244	
288.23568813	
288.23559386	
288.23549962	
288.23540542	
288.23531126	
288.23521713	
288.23512304	
288.23502900	
288.23493498	
288.23484101	
288.23474707	
288.23465317	
288.23455931	
288.23446549	
288.23437170	
288.23427795	
288.23418424	
288.23409057	
288.23399693	
288.23390334	
288.23380977	
288.23371625	
288.23362276	
288.23352931	
288.23343590	
288.23334253	
288.23324919	
288.23315589	
288.23306263	
288.23296940	
288.23287622	
288.23278307	
288.23268995	
288.23259688	
288.23250384	
288.23241084	
288.23231787	
288.23222494	
288.23213205	
288.23203920	
288.23194639	
288.23185361	
288.23176087	
288.23166816	
288.23157549	
288.23148286	
288.23139027	
288.23129772	
288.23120520	
288.23111271	
288.23102027	
288.23092786	
288.23083549	
288.23074316	
288.23065086	
288.23055860	
288.23046637	
288.23037419	
288.23028204	
288.23018993	
288.23009785	
288.23000581	
288.22991381	
288.22982184	
288.22972991	
288.22963802	
288.22954617	
288.22945435	
288.22936257	
288.22927082	
288.22917911	
288.22908744	
288.22899581	
288.22890421	
288.22881265	
288.22872112	
288.22862963	
288.22853818	
288.22844677	
288.22835539	
288.22826404	
288.22817274	
288.22808147	
288.22799024	
288.22789904	
288.22780788	
288.22771676	
288.22762567	
288.22753462	
288.22744361	
288.22735263	
288.22726169	
288.22717078	
288.22707992	
288.22698908	
288.22689829	
288.22680753	
288.22671681	
288.22662612	
288.22653547	
288.22644486	
288.22635428	
288.22626374	
288.22617323	
288.22608276	
288.22599233	
288.22590193	
288.22581157	
288.22572125	
288.22563096	
288.22554070	
288.22545049	
288.22536031	
288.22527016	
288.22518006	
288.22508998	
288.22499995	
288.22490995	
288.22481998	
288.22473006	
288.22464016	
288.22455031	
288.22446049	
288.22437070	
288.22428096	
288.22419124	
288.22410157	
288.22401193	
288.22392232	
288.22383275	
288.22374322	
288.22365372	
288.22356426	
288.22347483	
288.22338544	
288.22329609	
288.22320677	
288.22311749	
288.22302824	
288.22293903	
288.22284986	
288.22276072	
288.22267161	
288.22258254	
288.22249351	
288.22240451	
288.22231555	
288.22222662	
288.22213773	
288.22204888	
288.22196006	
288.22187127	
288.22178253	
288.22169381	
288.22160514	
288.22151649	
288.22142789	
288.22133932	
288.22125078	
288.22116228	
288.22107381	
288.22098539	
288.22089699	
288.22080863	
288.22072031	
288.22063202	
288.22054377	
288.22045555	
288.22036737	
288.22027922	
288.22019111	
288.22010303	
288.22001499	
288.21992699	
288.21983902	
288.21975108	
288.21966318	
288.21957531	
288.21948748	
288.21939969	
288.21931193	
288.21922420	
288.21913651	
288.21904886	
288.21896124	
288.21887366	
288.21878611	
288.21869859	
288.21861111	
288.21852367	
288.21843626	
288.21834888	
288.21826154	
288.21817424	
288.21808697	
288.21799974	
288.21791254	
288.21782537	
288.21773824	
288.21765114	
288.21756408	
288.21747706	
288.21739007	
288.21730311	
288.21721619	
288.21712930	
288.21704245	
288.21695564	
288.21686885	
288.21678211	
288.21669539	
288.21660871	
288.21652207	
288.21643546	
288.21634889	
288.21626235	
288.21617584	
288.21608937	
288.21600294	
288.21591654	
288.21583017	
288.21574384	
288.21565754	
288.21557128	
288.21548505	
288.21539885	
288.21531270	
288.21522657	
288.21514048	
288.21505442	
288.21496840	
288.21488241	
288.21479646	
288.21471054	
288.21462466	
288.21453881	
288.21445299	
288.21436721	
288.21428146	
288.21419575	
288.21411007	
288.21402443	
288.21393882	
288.21385324	
288.21376770	
288.21368220	
288.21359672	
288.21351128	
288.21342588	
288.21334051	
288.21325517	
288.21316987	
288.21308460	
288.21299937	
288.21291417	
288.21282900	
288.21274387	
288.21265878	
288.21257371	
288.21248868	
288.21240369	
288.21231873	
288.21223380	
288.21214890	
288.21206404	
288.21197922	
288.21189443	
288.21180967	
288.21172495	
288.21164026	
288.21155560	
288.21147098	
288.21138639	
288.21130183	
288.21121731	
288.21113283	
288.21104837	
288.21096395	
288.21087957	
288.21079522	
288.21071090	
288.21062661	
288.21054236	
288.21045815	
288.21037396	
288.21028981	
288.21020570	
288.21012162	
288.21003757	
288.20995355	
288.20986957	
288.20978562	
288.20970171	
288.20961783	
288.20953398	
288.20945017	
288.20936639	
288.20928264	
288.20919893	
288.20911525	
288.20903160	
288.20894799	
288.20886441	
288.20878086	
288.20869735	
288.20861387	
288.20853043	
288.20844702	
288.20836364	
288.20828029	
288.20819698	
288.20811370	
288.20803045	
288.20794724	
288.20786406	
288.20778092	
288.20769781	
288.20761473	
288.20753168	
288.20744867	
288.20736569	
288.20728274	
288.20719983	
288.20711695	
288.20703410	
288.20695129	
288.20686851	
288.20678576	
288.20670305	
288.20662037	
288.20653772	
288.20645510	
288.20637252	
288.20628997	
288.20620746	
288.20612497	
288.20604252	
288.20596011	
288.20587772	
288.20579537	
288.20571305	
288.20563077	
288.20554851	
288.20546629	
288.20538411	
288.20530195	
288.20521983	
288.20513775	
288.20505569	
288.20497367	
288.20489168	
288.20480972	
288.20472780	
288.20464591	
288.20456405	
288.20448222	
288.20440043	
288.20431867	
288.20423694	
288.20415525	
288.20407359	
288.20399196	
288.20391036	
288.20382880	
288.20374726	
288.20366577	
288.20358430	
288.20350287	
288.20342146	
288.20334010	
288.20325876	
288.20317746	
288.20309618	
288.20301495	
288.20293374	
288.20285257	
288.20277143	
288.20269032	
288.20260924	
288.20252820	
288.20244719	
288.20236621	
288.20228526	
288.20220435	
288.20212347	
288.20204262	
288.20196180	
288.20188101	
288.20180026	
288.20171954	
288.20163885	
288.20155820	
288.20147757	
288.20139698	
288.20131642	
288.20123590	
288.20115540	
288.20107494	
288.20099451	
288.20091411	
288.20083375	
288.20075341	
288.20067311	
288.20059284	
288.20051261	
288.20043240	
288.20035223	
288.20027209	
288.20019198	
288.20011190	
288.20003186	
288.19995185	
288.19987186	
288.19979192	
288.19971200	
288.19963211	
288.19955226	
288.19947244	
288.19939265	
288.19931289	
288.19923317	
288.19915348	
288.19907381	
288.19899419	
288.19891459	
288.19883502	
288.19875549	
288.19867599	
288.19859651	
288.19851708	
288.19843767	
288.19835829	
288.19827895	
288.19819964	
288.19812036	
288.19804111	
288.19796190	
288.19788271	
288.19780356	
288.19772444	
288.19764535	
288.19756629	
288.19748726	
288.19740827	
288.19732930	
288.19725037	
288.19717147	
288.19709260	
288.19701377	
288.19693496	
288.19685619	
288.19677744	
288.19669873	
288.19662005	
288.19654141	
288.19646279	
288.19638420	
288.19630565	
288.19622713	
288.19614864	
288.19607018	
288.19599175	
288.19591335	
288.19583499	
288.19575665	
288.19567835	
288.19560008	
288.19552184	
288.19544363	
288.19536545	
288.19528731	
288.19520919	
288.19513111	
288.19505306	
288.19497503	
288.19489704	
288.19481909	
288.19474116	
288.19466326	
288.19458540	
288.19450756	
288.19442976	
288.19435199	
288.19427425	
288.19419654	
288.19411886	
288.19404121	
288.19396359	
288.19388601	
288.19380845	
288.19373093	
288.19365344	
288.19357598	
288.19349855	
288.19342115	
288.19334378	
288.19326644	
288.19318913	
288.19311186	
288.19303461	
288.19295740	
288.19288022	
288.19280307	
288.19272594	
288.19264885	
288.19257179	
288.19249477	
288.19241777	
288.19234080	
288.19226386	
288.19218696	
288.19211008	
288.19203324	
288.19195643	
288.19187964	
288.19180289	
288.19172617	
288.19164948	
288.19157282	
288.19149619	
288.19141959	
288.19134303	
288.19126649	
288.19118998	
288.19111351	
288.19103706	
288.19096065	
288.19088426	
288.19080791	
288.19073158	
288.19065529	
288.19057903	
288.19050280	
288.19042660	
288.19035043	
288.19027429	
288.19019818	
288.19012210	
288.19004605	
288.18997003	
288.18989404	
288.18981808	
288.18974216	
288.18966626	
288.18959039	
288.18951456	
288.18943875	
288.18936298	
288.18928723	
288.18921152	
288.18913583	
288.18906018	
288.18898455	
288.18890896	
288.18883340	
288.18875786	
288.18868236	
288.18860689	
288.18853144	
288.18845603	
288.18838065	
288.18830530	
288.18822997	
288.18815468	
288.18807942	
288.18800419	
288.18792899	
288.18785381	
288.18777867	
288.18770356	
288.18762848	
288.18755343	
288.18747841	
288.18740342	
288.18732846	
288.18725352	
288.18717862	
288.18710375	
288.18702891	
288.18695410	
288.18687932	
288.18680456	
288.18672984	
288.18665515	
288.18658049	
288.18650586	
288.18643125	
288.18635668	
288.18628214	
288.18620763	
288.18613314	
288.18605869	
288.18598427	
288.18590987	
288.18583551	
288.18576117	
288.18568687	
288.18561260	
288.18553835	
288.18546413	
288.18538995	
288.18531579	
288.18524167	
288.18516757	
288.18509350	
288.18501947	
288.18494546	
288.18487148	
288.18479753	
288.18472361	
288.18464972	
288.18457586	
288.18450203	
288.18442823	
288.18435446	
288.18428072	
288.18420701	
288.18413332	
288.18405967	
288.18398605	
288.18391245	
288.18383889	
288.18376535	
288.18369185	
288.18361837	
288.18354492	
288.18347150	
288.18339811	
288.18332476	
288.18325143	
288.18317812	
288.18310485	
288.18303161	
288.18295840	
288.18288522	
288.18281206	
288.18273894	
288.18266584	
288.18259277	
288.18251974	
288.18244673	
288.18237375	
288.18230080	
288.18222788	
288.18215499	
288.18208213	
288.18200930	
288.18193649	
288.18186372	
288.18179097	
288.18171826	
288.18164557	
288.18157291	
288.18150028	
288.18142768	
288.18135511	
288.18128257	
288.18121005	
288.18113757	
288.18106512	
288.18099269	
288.18092029	
288.18084792	
288.18077558	
288.18070327	
288.18063099	
288.18055874	
288.18048652	
288.18041432	
288.18034216	
288.18027002	
288.18019791	
288.18012583	
288.18005378	
288.17998176	
288.17990977	
288.17983780	
288.17976587	
288.17969396	
288.17962209	
288.17955024	
288.17947842	
288.17940663	
288.17933486	
288.17926313	
288.17919142	
288.17911975	
288.17904810	
288.17897648	
288.17890489	
288.17883333	
288.17876179	
288.17869029	
288.17861881	
288.17854737	
288.17847595	
288.17840456	
288.17833319	
288.17826186	
288.17819056	
288.17811928	
288.17804803	
288.17797681	
288.17790562	
288.17783446	
288.17776333	
288.17769222	
288.17762114	
288.17755010	
288.17747908	
288.17740808	
288.17733712	
288.17726619	
288.17719528	
288.17712440	
288.17705355	
288.17698273	
288.17691194	
288.17684117	
288.17677044	
288.17669973	
288.17662905	
288.17655840	
288.17648777	
288.17641718	
288.17634661	
288.17627607	
288.17620556	
288.17613508	
288.17606463	
288.17599420	
288.17592380	
288.17585343	
288.17578309	
288.17571278	
288.17564249	
288.17557224	
288.17550201	
288.17543181	
288.17536163	
288.17529149	
288.17522137	
288.17515128	
288.17508122	
288.17501119	
288.17494119	
288.17487121	
288.17480126	
288.17473134	
288.17466145	
288.17459158	
288.17452175	
288.17445194	
288.17438216	
288.17431240	
288.17424268	
288.17417298	
288.17410331	
288.17403367	
288.17396406	
288.17389447	
288.17382491	
288.17375538	
288.17368588	
288.17361641	
288.17354696	
288.17347754	
288.17340815	
288.17333879	
288.17326945	
288.17320015	
288.17313087	
288.17306161	
288.17299239	
288.17292319	
288.17285402	
288.17278488	
288.17271577	
288.17264668	
288.17257762	
288.17250859	
288.17243959	
288.17237061	
288.17230166	
288.17223274	
288.17216385	
288.17209498	
288.17202615	
288.17195734	
288.17188855	
288.17181980	
288.17175107	
288.17168237	
288.17161370	
288.17154505	
288.17147643	
288.17140784	
288.17133928	
288.17127074	
288.17120223	
288.17113375	
288.17106530	
288.17099687	
288.17092848	
288.17086010	
288.17079176	
288.17072344	
288.17065515	
288.17058689	
288.17051866	
288.17045045	
288.17038227	
288.17031412	
288.17024599	
288.17017789	
288.17010982	
288.17004178	
288.16997376	
288.16990577	
288.16983781	
288.16976987	
288.16970197	
288.16963408	
288.16956623	
288.16949840	
288.16943061	
288.16936283	
288.16929509	
288.16922737	
288.16915968	
288.16909202	
288.16902438	
288.16895677	
288.16888919	
288.16882163	
288.16875410	
288.16868660	
288.16861913	
288.16855168	
288.16848426	
288.16841686	
288.16834950	
288.16828216	
288.16821484	
288.16814756	
288.16808030	
288.16801307	
288.16794586	
288.16787868	
288.16781153	
288.16774441	
288.16767731	
288.16761024	
288.16754319	
