333.14542974	
333.14541020	
333.14570001	
333.14640921	
333.14704370	
333.14748674	
333.14743019	
333.14730184	
333.14771719	
333.14840874	
333.14869973	
333.14951810	
333.14949117	
333.14995063	
333.15067885	
333.15082516	
333.15091507	
333.15090409	
333.15143021	
333.15145845	
333.15182365	
333.15262471	
333.15329308	
333.15358929	
333.15396968	
333.15471721	
333.15531809	
333.15564811	
333.15567010	
333.15582441	
333.15571910	
333.15630765	
333.15677192	
333.15644872	
333.15690949	
333.15717893	
333.15724117	
333.15744529	
333.15807681	
333.15809926	
333.15800776	
333.15862672	
333.15884399	
333.15908159	
333.15907381	
333.15916619	
333.15985521	
333.16076349	
333.16149696	
333.16220564	
333.16265887	
333.16317549	
333.16380357	
333.16389762	
333.16367777	
333.16361604	
333.16359766	
333.16341917	
333.16371451	
333.16427480	
333.16448934	
333.16446795	
333.16496792	
333.16571850	
333.16610716	
333.16677573	
333.16723699	
333.16771301	
333.16803467	
333.16825305	
333.16870701	
333.16919284	
333.16985641	
333.16997977	
333.17037417	
333.17083063	
333.17126757	
333.17215884	
333.17223060	
333.17246265	
333.17284864	
333.17317514	
333.17343438	
333.17400097	
333.17467966	
333.17537159	
333.17587709	
333.17561757	
333.17535017	
333.17533294	
333.17581374	
333.17582504	
333.17566268	
333.17638555	
333.17644195	
333.17603314	
333.17582490	
333.17618275	
333.17708126	
333.17732627	
333.17753399	
333.17820688	
333.17838234	
333.17803075	
333.17832414	
333.17861197	
333.17885265	
333.17882148	
333.17913213	
333.17999157	
333.18064782	
333.18125841	
333.18111548	
333.18094664	
333.18113374	
333.18139878	
333.18122502	
333.18100464	
333.18142500	
333.18207719	
333.18227104	
333.18236884	
333.18258766	
333.18284670	
333.18286422	
333.18301776	
333.18312892	
333.18333485	
333.18418468	
333.18465876	
333.18531461	
333.18584569	
333.18654401	
333.18727235	
333.18773213	
333.18842235	
333.18902057	
333.18885848	
333.18880717	
333.18932742	
333.18931593	
333.18969036	
333.18963786	
333.18927180	
333.18929246	
333.18987490	
333.19028347	
333.18996409	
333.18992381	
333.18987458	
333.19027029	
333.19068314	
333.19059011	
333.19040933	
333.19054461	
333.19040313	
333.19014175	
333.18992079	
333.18982717	
333.19026971	
333.19055583	
333.19062256	
333.19119162	
333.19117207	
333.19134150	
333.19207189	
333.19248381	
333.19258913	
333.19243676	
333.19270066	
333.19268802	
333.19248072	
333.19281100	
333.19273545	
333.19309199	
333.19330687	
333.19315861	
333.19303342	
333.19317428	
333.19359422	
333.19333963	
333.19395367	
333.19468172	
333.19464971	
333.19444331	
333.19497033	
333.19582939	
333.19601279	
333.19662906	
333.19737796	
333.19744054	
333.19749385	
333.19746388	
333.19745141	
333.19790961	
333.19863013	
333.19876616	
333.19908417	
333.19981784	
333.19978417	
333.19975551	
333.19983732	
333.19992251	
333.20059511	
333.20094902	
333.20161019	
333.20179923	
333.20204634	
333.20242383	
333.20222324	
333.20260631	
333.20256994	
333.20283542	
333.20282069	
333.20261664	
333.20311850	
333.20342465	
333.20391288	
333.20437229	
333.20477437	
333.20540516	
333.20573382	
333.20585111	
333.20625600	
333.20665996	
333.20715633	
333.20787158	
333.20848285	
333.20833409	
333.20842651	
333.20914395	
333.20949503	
333.20959091	
333.20968042	
333.21024523	
333.21010115	
333.21011125	
333.21078843	
333.21075473	
333.21069670	
333.21054318	
333.21047126	
333.21063480	
333.21055854	
333.21110027	
333.21109110	
333.21150988	
333.21172075	
333.21147388	
333.21224956	
333.21237727	
333.21281638	
333.21361695	
333.21356124	
333.21347235	
333.21416220	
333.21452073	
333.21506904	
333.21593325	
333.21588065	
333.21637404	
333.21713499	
333.21690241	
333.21715077	
333.21787987	
333.21847238	
333.21881340	
333.21947161	
333.21978952	
333.21948008	
333.21974863	
333.22011462	
333.22054075	
333.22106689	
333.22120586	
333.22101515	
333.22073729	
333.22074975	
333.22131897	
333.22175293	
333.22156021	
333.22125284	
333.22144139	
333.22216950	
333.22271556	
333.22329409	
333.22400583	
333.22405673	
333.22430593	
333.22464582	
333.22442769	
333.22477133	
333.22491839	
333.22466389	
333.22525901	
333.22548555	
333.22555788	
333.22556407	
333.22531951	
333.22592021	
333.22600355	
333.22626504	
333.22624210	
333.22606256	
333.22613374	
333.22641588	
333.22669705	
333.22718581	
333.22773797	
333.22808798	
333.22875742	
333.22863315	
333.22839120	
333.22880704	
333.22960632	
333.22944735	
333.22967084	
333.22981624	
333.23007201	
333.23094338	
333.23091419	
333.23079364	
333.23127913	
333.23189988	
333.23226519	
333.23252233	
333.23286989	
333.23351509	
333.23351368	
333.23399638	
333.23468259	
333.23463778	
333.23445671	
333.23486004	
333.23505713	
333.23491593	
333.23494051	
333.23488987	
333.23521170	
333.23525638	
333.23586347	
333.23621024	
333.23624361	
333.23606798	
333.23582181	
333.23604254	
333.23649296	
333.23675632	
333.23692723	
333.23678532	
333.23680199	
333.23692403	
333.23674327	
333.23702440	
333.23767110	
333.23786981	
333.23795766	
333.23794988	
333.23795033	
333.23818122	
333.23847157	
333.23870480	
333.23884706	
333.23909465	
333.23897008	
333.23954956	
333.24015054	
333.24020798	
333.24083945	
333.24118594	
333.24132539	
333.24156876	
333.24204932	
333.24269667	
333.24286759	
333.24292654	
333.24261421	
333.24246133	
333.24277209	
333.24350636	
333.24353972	
333.24343428	
333.24385454	
333.24405297	
333.24408806	
333.24432991	
333.24500393	
333.24546218	
333.24594955	
333.24632372	
333.24647765	
333.24628544	
333.24627948	
333.24656199	
333.24670764	
333.24728182	
333.24726615	
333.24742215	
333.24822084	
333.24818545	
333.24821727	
333.24854802	
333.24867273	
333.24920335	
333.24928403	
333.24917515	
333.24943916	
333.24936053	
333.24975951	
333.25054348	
333.25081701	
333.25063449	
333.25086348	
333.25120221	
333.25141942	
333.25213246	
333.25261856	
333.25270210	
333.25278419	
333.25322412	
333.25338156	
333.25354943	
333.25402920	
333.25383342	
333.25387532	
333.25375210	
333.25400383	
333.25465864	
333.25479145	
333.25546470	
333.25557223	
333.25579970	
333.25593427	
333.25549772	
333.25581751	
333.25634412	
333.25620651	
333.25585747	
333.25646591	
333.25729605	
333.25739215	
333.25736840	
333.25791539	
333.25851559	
333.25831731	
333.25804809	
333.25836661	
333.25815790	
333.25796884	
333.25837397	
333.25867386	
333.25844939	
333.25832459	
333.25831008	
333.25887371	
333.25951746	
333.25962790	
333.26009571	
333.26074539	
333.26143006	
333.26207851	
333.26210992	
333.26253971	
333.26321868	
333.26343132	
333.26329851	
333.26377161	
333.26471323	
333.26492885	
333.26497270	
333.26474054	
333.26524164	
333.26533792	
333.26573130	
333.26613576	
333.26615717	
333.26676152	
333.26672109	
333.26727598	
333.26731638	
333.26739923	
333.26830181	
333.26895385	
333.26933286	
333.26984936	
333.27063381	
333.27056735	
333.27041413	
333.27094658	
333.27155953	
333.27134633	
333.27137851	
333.27156688	
333.27209208	
333.27207182	
333.27176999	
333.27196999	
333.27214226	
333.27265268	
333.27304704	
333.27374793	
333.27398976	
333.27397619	
333.27387936	
333.27410205	
333.27476749	
333.27502277	
333.27497925	
333.27494689	
333.27552561	
333.27609410	
333.27639967	
333.27622351	
333.27644086	
333.27683307	
333.27716435	
333.27758156	
333.27747137	
333.27723011	
333.27773821	
333.27827893	
333.27830741	
333.27863095	
333.27864820	
333.27926365	
333.28010225	
333.28060567	
333.28058296	
333.28033730	
333.28034989	
333.28048927	
333.28095147	
333.28148949	
333.28155022	
333.28193898	
333.28203310	
333.28197505	
333.28205403	
333.28230950	
333.28278412	
333.28273419	
333.28308363	
333.28378850	
333.28365256	
333.28349534	
333.28417834	
333.28451564	
333.28495882	
333.28554681	
333.28551605	
333.28527197	
333.28517814	
333.28521027	
333.28552610	
333.28553812	
333.28588748	
333.28660875	
333.28679462	
333.28653575	
333.28662819	
333.28662741	
333.28691482	
333.28717399	
333.28713232	
333.28760795	
333.28824712	
333.28860758	
333.28859020	
333.28843245	
333.28890215	
333.28891223	
333.28894417	
333.28944768	
333.28929274	
333.28958272	
333.29010492	
333.29003750	
333.29001436	
333.29074842	
333.29067872	
333.29060480	
333.29132890	
333.29120390	
333.29110458	
333.29147177	
333.29208722	
333.29241794	
333.29254960	
333.29290858	
333.29328108	
333.29388316	
333.29380943	
333.29374196	
333.29362838	
333.29403063	
333.29448439	
333.29457875	
333.29505321	
333.29530834	
333.29595742	
333.29664652	
333.29678843	
333.29651148	
333.29696992	
333.29697442	
333.29711418	
333.29752527	
333.29751097	
333.29789322	
333.29758979	
333.29796033	
333.29878527	
333.29873547	
333.29927021	
333.29942546	
333.29973670	
333.29985814	
333.29931118	
333.29978080	
333.29970113	
333.29973697	
333.30005325	
333.30047754	
333.30059428	
333.30026698	
333.30052034	
333.30102892	
333.30134743	
333.30118499	
333.30101528	
333.30141236	
333.30167466	
333.30176441	
333.30167749	
333.30171326	
333.30207948	
333.30265857	
333.30290982	
333.30277909	
333.30307036	
333.30330736	
333.30312019	
333.30337344	
333.30413766	
333.30414262	
333.30378926	
333.30433681	
333.30434305	
333.30446642	
333.30450194	
333.30408102	
333.30432200	
333.30430516	
333.30480228	
333.30528463	
333.30583836	
333.30632928	
333.30690179	
333.30717855	
333.30711679	
333.30754807	
333.30770707	
333.30820951	
333.30841406	
333.30834070	
333.30844169	
333.30861919	
333.30881213	
333.30877964	
333.30937653	
333.30992181	
333.31033688	
333.31059806	
333.31112811	
333.31157790	
333.31143354	
333.31180141	
333.31181586	
333.31185869	
333.31219377	
333.31240271	
333.31233504	
333.31208796	
333.31265105	
333.31251767	
333.31278373	
333.31288201	
333.31236318	
333.31297705	
333.31352106	
333.31372152	
333.31379045	
333.31393070	
333.31410184	
333.31446826	
333.31430098	
333.31455376	
333.31529549	
333.31504400	
333.31511997	
333.31572194	
333.31559193	
333.31548858	
333.31577729	
333.31607098	
333.31628772	
333.31680111	
333.31721103	
333.31773524	
333.31844732	
333.31817250	
333.31842591	
333.31897500	
333.31876688	
333.31904482	
333.31929055	
333.31938263	
333.31925232	
333.31935674	
333.32015074	
333.32013139	
333.32024469	
333.32007851	
333.32019272	
333.32089200	
333.32142418	
333.32200888	
333.32183630	
333.32177976	
333.32197343	
333.32256742	
333.32308835	
333.32362712	
333.32370302	
333.32377426	
333.32428157	
333.32466826	
333.32505386	
333.32505822	
333.32493473	
333.32493083	
333.32517595	
333.32544734	
333.32532664	
333.32556823	
333.32599717	
333.32650306	
333.32695858	
333.32748112	
333.32780764	
333.32784600	
333.32840598	
333.32893962	
333.32917414	
333.32933120	
333.32971850	
333.32978480	
333.32981967	
333.33011836	
333.32997610	
333.33013745	
333.33064822	
333.33102695	
333.33097778	
333.33084988	
333.33122784	
333.33171906	
333.33226024	
333.33234589	
333.33278327	
333.33285056	
333.33320075	
333.33388503	
333.33368276	
333.33349207	
333.33349237	
333.33400868	
333.33471834	
333.33501808	
333.33506490	
333.33540280	
333.33605890	
333.33604466	
333.33621884	
333.33661307	
333.33663507	
333.33635542	
333.33623713	
333.33684717	
333.33757149	
333.33808238	
333.33830000	
333.33869869	
333.33918184	
333.33924724	
333.33954193	
333.33944951	
333.33900423	
333.33905680	
333.33920325	
333.33956382	
333.33976786	
333.33959007	
333.34000445	
333.34077126	
333.34133592	
333.34180879	
333.34241989	
333.34237613	
333.34213289	
333.34262565	
333.34267304	
333.34252778	
333.34303004	
333.34378559	
333.34427743	
333.34489014	
333.34483213	
333.34501770	
333.34527260	
333.34502982	
333.34569590	
333.34594035	
333.34551682	
333.34548245	
333.34588118	
333.34568705	
333.34581479	
333.34585601	
333.34584145	
333.34608110	
333.34626162	
333.34645696	
333.34674922	
333.34672070	
333.34618082	
333.34663995	
333.34657635	
333.34696317	
333.34743210	
333.34701365	
333.34730344	
333.34797927	
333.34831001	
333.34816407	
333.34778496	
333.34817445	
333.34848435	
333.34891645	
333.34908073	
333.34884570	
333.34945079	
333.34961815	
333.34929695	
333.34971705	
333.34979722	
333.35016009	
333.35063239	
333.35061095	
333.35129785	
333.35177736	
333.35187573	
333.35241539	
333.35326201	
333.35388530	
333.35425752	
333.35435848	
333.35478878	
333.35498892	
333.35534931	
333.35560120	
333.35599202	
333.35664928	
333.35713740	
333.35787981	
333.35838431	
333.35841407	
333.35827187	
333.35878004	
333.35955750	
333.35965985	
333.35930220	
333.35981827	
333.36010544	
333.36029200	
333.36017527	
333.35982127	
333.36036621	
333.36056327	
333.36093544	
333.36147490	
333.36202526	
333.36203659	
333.36171205	
333.36143298	
333.36132082	
333.36149439	
333.36176864	
333.36163977	
333.36205400	
333.36222848	
333.36231732	
333.36317515	
333.36330118	
333.36337772	
333.36331558	
333.36316265	
333.36282198	
333.36295284	
333.36353410	
333.36331041	
333.36347744	
333.36401478	
333.36421549	
333.36413685	
333.36386209	
333.36390846	
333.36362587	
333.36374817	
333.36399062	
333.36435477	
333.36495720	
333.36508590	
333.36516566	
333.36495743	
333.36519585	
333.36557606	
333.36570132	
333.36612782	
333.36627570	
333.36614616	
333.36580534	
333.36589893	
333.36591886	
333.36638300	
333.36646127	
333.36620605	
333.36631910	
333.36621840	
333.36600228	
333.36559764	
333.36545570	
333.36525963	
333.36573692	
333.36561027	
333.36577124	
333.36659251	
333.36710762	
333.36695451	
333.36697952	
333.36768575	
333.36826624	
333.36829920	
333.36864005	
333.36898440	
333.36946246	
333.36956649	
333.36906738	
333.36920550	
333.36914581	
333.36899290	
333.36873791	
333.36890702	
333.36951467	
333.36934392	
333.36974677	
333.37055451	
333.37075538	
333.37135719	
333.37202390	
333.37238162	
333.37201877	
333.37171613	
333.37146290	
333.37120023	
333.37168595	
333.37167814	
333.37129306	
333.37156665	
333.37192214	
333.37197576	
333.37189106	
333.37251923	
333.37326829	
333.37377064	
333.37442314	
333.37422697	
333.37430322	
333.37426856	
333.37453921	
333.37467322	
333.37479089	
333.37554836	
333.37606191	
333.37595305	
333.37551424	
333.37565622	
333.37601684	
333.37673716	
333.37713345	
333.37758612	
333.37750477	
333.37733814	
333.37773923	
333.37755464	
333.37770932	
333.37804247	
333.37781039	
333.37785098	
333.37778383	
333.37820741	
333.37843605	
333.37805708	
333.37797501	
333.37825060	
333.37832231	
333.37813402	
333.37852576	
333.37921126	
333.37974981	
333.38042706	
333.38085877	
333.38101441	
333.38137739	
333.38152918	
333.38171878	
333.38156544	
333.38183918	
333.38223903	
333.38259939	
333.38284251	
333.38255235	
333.38279787	
333.38307369	
333.38323146	
333.38333772	
333.38348991	
333.38339245	
333.38376338	
333.38386674	
333.38414578	
333.38439487	
333.38467982	
333.38493538	
333.38462570	
333.38511880	
333.38537998	
333.38591548	
333.38655620	
333.38710200	
333.38720146	
333.38731490	
333.38802622	
333.38818524	
333.38875550	
333.38869353	
333.38849903	
333.38896481	
333.38928217	
333.38936095	
333.38944471	
333.38969817	
333.38970018	
333.39026862	
333.39057258	
333.39075736	
333.39097094	
333.39060238	
333.39028684	
333.39028462	
333.39051953	
333.39075207	
333.39055650	
333.39048522	
333.39034091	
333.39018653	
333.39080244	
333.39097011	
333.39075451	
333.39097142	
333.39127195	
333.39160659	
333.39195171	
333.39222080	
333.39216727	
333.39224463	
333.39291768	
333.39359028	
333.39404701	
333.39435915	
333.39409835	
333.39444773	
333.39494385	
333.39500968	
333.39569879	
333.39620822	
333.39626844	
333.39633266	
333.39696928	
333.39752422	
333.39798458	
333.39782126	
333.39746184	
333.39769995	
333.39805856	
333.39793759	
333.39814464	
333.39865346	
333.39875593	
333.39935042	
333.39933359	
333.39900872	
333.39890759	
333.39865646	
333.39916411	
333.39986333	
333.39994847	
333.39996415	
333.40042048	
333.40045715	
333.40013293	
333.40038401	
333.40086870	
333.40065744	
333.40026928	
333.40079321	
333.40062985	
333.40068578	
333.40118610	
333.40090596	
333.40067668	
333.40083960	
333.40120408	
333.40128021	
333.40180557	
333.40239598	
333.40265237	
333.40251783	
333.40203688	
333.40190506	
333.40195500	
333.40207580	
333.40261499	
333.40299745	
333.40264774	
333.40244649	
333.40259125	
333.40236834	
333.40195180	
333.40241737	
333.40304084	
333.40281017	
333.40239006	
333.40252792	
333.40233490	
333.40276880	
333.40333854	
333.40365829	
333.40399433	
333.40395283	
333.40419845	
333.40418258	
333.40443197	
333.40493602	
333.40546679	
333.40605983	
333.40582882	
333.40608085	
333.40650329	
333.40676064	
333.40729531	
333.40741746	
333.40739719	
333.40742971	
333.40774565	
333.40819575	
333.40892081	
333.40923481	
333.40899976	
333.40896504	
333.40954972	
333.40943376	
333.40899182	
333.40919032	
333.40922643	
333.40903592	
333.40896472	
333.40897025	
333.40940499	
333.41006376	
333.40982247	
333.40945628	
333.40986893	
333.41032329	
333.41027679	
333.41028313	
333.41064334	
333.41060381	
333.41068949	
333.41070425	
333.41097680	
333.41094535	
333.41042532	
333.41048923	
333.41090616	
333.41132814	
333.41144074	
333.41192870	
333.41236205	
333.41263600	
333.41326410	
333.41357036	
333.41407305	
333.41436207	
333.41454654	
333.41506101	
333.41547760	
333.41533688	
333.41522650	
333.41542281	
333.41548150	
333.41614988	
333.41626007	
333.41655966	
333.41719095	
333.41740972	
333.41756698	
333.41810905	
333.41861626	
333.41878675	
333.41897636	
333.41935749	
333.41942848	
333.41911288	
333.41931741	
333.41939846	
333.41992184	
333.42069940	
333.42104042	
333.42137682	
333.42149434	
333.42172521	
333.42197450	
333.42230867	
333.42225668	
333.42233381	
333.42266499	
333.42300370	
333.42346508	
333.42355823	
333.42393955	
333.42452219	
333.42495312	
333.42475203	
333.42427855	
333.42420272	
333.42466814	
333.42445422	
333.42391373	
333.42386211	
333.42403093	
333.42384629	
333.42411907	
333.42494291	
333.42541444	
333.42567358	
333.42560377	
333.42571134	
333.42614329	
333.42652012	
333.42634930	
333.42622825	
333.42607621	
333.42617218	
333.42676415	
333.42718840	
333.42779004	
333.42802882	
333.42815854	
333.42874787	
333.42846476	
333.42837651	
333.42901051	
333.42874974	
333.42878843	
333.42932934	
333.42939530	
333.42992561	
333.43025638	
333.43073527	
333.43066600	
333.43011594	
333.42994408	
333.42986636	
333.42991252	
333.43002081	
333.43039455	
333.43068406	
333.43110334	
333.43098416	
333.43108274	
333.43106594	
333.43148984	
333.43225263	
333.43238527	
333.43228275	
333.43216158	
333.43264388	
333.43296002	
333.43288022	
333.43302791	
333.43294353	
333.43282751	
333.43340502	
333.43318204	
333.43325303	
333.43352660	
333.43356832	
333.43339882	
333.43338741	
333.43360180	
333.43313470	
333.43295628	
333.43282513	
333.43276526	
333.43281114	
333.43319118	
333.43320035	
333.43342208	
333.43406649	
333.43426283	
333.43452658	
333.43487931	
333.43508189	
333.43550842	
333.43572856	
333.43600470	
333.43593359	
333.43610862	
333.43680044	
333.43709666	
333.43739931	
333.43718676	
333.43678086	
333.43645025	
333.43645813	
333.43675094	
333.43654393	
333.43675898	
333.43703455	
333.43669357	
333.43674047	
333.43685212	
333.43719279	
333.43738109	
333.43748504	
333.43749470	
333.43731850	
333.43766609	
333.43821754	
333.43857337	
333.43837737	
333.43792022	
333.43785734	
333.43815020	
333.43848141	
333.43862347	
333.43846671	
333.43869412	
333.43916594	
333.43906399	
333.43881967	
333.43932991	
333.43930366	
333.43965148	
333.44019735	
333.43982912	
333.43993136	
333.44022350	
333.44017395	
333.43981659	
333.44011390	
333.44069815	
333.44104726	
333.44120016	
333.44112254	
333.44090469	
333.44143004	
333.44162109	
333.44146758	
333.44195940	
333.44173429	
333.44195387	
333.44209264	
333.44227377	
333.44267530	
333.44240185	
333.44297411	
333.44338569	
333.44323639	
333.44377977	
333.44368826	
333.44354678	
333.44402546	
333.44385150	
333.44347274	
333.44347080	
333.44342363	
333.44305318	
333.44286495	
333.44288193	
333.44300262	
333.44296939	
333.44338787	
333.44350273	
333.44344170	
333.44401070	
333.44445207	
333.44433018	
333.44410213	
333.44462692	
333.44486652	
333.44479273	
333.44522734	
333.44585155	
333.44650823	
333.44699671	
333.44751837	
333.44742560	
333.44706139	
333.44743394	
333.44800766	
333.44846121	
333.44829872	
333.44817867	
333.44869455	
333.44891814	
333.44913220	
333.44891038	
333.44865451	
333.44856682	
333.44872832	
333.44915791	
333.44945657	
333.44955972	
333.44970356	
333.45000446	
333.45054264	
333.45101413	
333.45143981	
333.45193998	
333.45205985	
333.45231694	
333.45246970	
333.45296980	
333.45350815	
333.45393805	
333.45409639	
333.45421208	
333.45438590	
333.45454584	
333.45438538	
333.45421121	
333.45413683	
333.45366337	
333.45379767	
333.45394322	
333.45403882	
333.45380235	
333.45378735	
333.45363255	
333.45313470	
333.45320508	
333.45336777	
333.45354643	
333.45358792	
333.45351106	
333.45324094	
333.45324981	
333.45342677	
333.45359428	
333.45355231	
333.45342864	
333.45362468	
333.45342850	
333.45373793	
333.45407893	
333.45363055	
333.45375058	
333.45438324	
333.45500847	
333.45484253	
333.45492219	
333.45484152	
333.45501419	
333.45547061	
333.45518796	
333.45566487	
333.45585992	
333.45567622	
333.45547330	
333.45567318	
333.45611827	
333.45576585	
333.45556297	
333.45569671	
333.45579524	
333.45606531	
333.45607273	
333.45640799	
333.45696290	
333.45694874	
333.45742605	
333.45757341	
333.45712753	
333.45731658	
333.45746559	
333.45796863	
333.45823948	
333.45810889	
333.45794664	
333.45785206	
333.45764455	
333.45718109	
333.45738011	
333.45769171	
333.45763136	
333.45747260	
333.45762306	
333.45757739	
333.45770835	
333.45754617	
333.45729092	
333.45727577	
333.45686014	
333.45696516	
333.45673604	
333.45689483	
333.45729356	
333.45763570	
333.45834873	
333.45820390	
333.45805328	
333.45847289	
333.45893232	
333.45879550	
333.45867276	
333.45874829	
333.45896047	
333.45936756	
333.45979198	
333.46025491	
333.46004490	
333.46006901	
333.46052232	
333.46027016	
333.46074291	
333.46108920	
333.46061969	
333.46082643	
333.46136840	
333.46192760	
333.46215932	
333.46230404	
333.46210622	
333.46239413	
333.46238326	
333.46191297	
333.46216179	
333.46222036	
333.46194462	
333.46157523	
333.46174620	
333.46173648	
333.46190254	
333.46184215	
333.46202812	
333.46261887	
333.46225093	
333.46208882	
333.46260728	
333.46260957	
333.46255679	
333.46248956	
333.46261206	
333.46322796	
333.46374315	
333.46404440	
333.46406096	
333.46438779	
333.46422930	
333.46464943	
333.46519912	
333.46515413	
333.46514578	
333.46537340	
333.46557130	
333.46515849	
333.46561828	
333.46569847	
333.46553646	
333.46575144	
333.46611877	
333.46594942	
333.46541871	
333.46536821	
333.46523222	
333.46573180	
333.46572946	
333.46595968	
333.46612060	
333.46574897	
333.46597718	
333.46657322	
333.46673771	
333.46690690	
333.46732927	
333.46751115	
333.46727986	
333.46700536	
333.46743104	
333.46772406	
333.46793122	
333.46825323	
333.46809939	
333.46814397	
333.46825284	
333.46792767	
333.46776231	
333.46828779	
333.46837702	
333.46820190	
333.46870615	
333.46886584	
333.46943443	
333.46990047	
333.46977449	
333.46997398	
333.47045250	
333.47042665	
333.47018540	
333.47047276	
333.47107122	
333.47111075	
333.47093513	
333.47109943	
333.47109423	
333.47090124	
333.47111933	
333.47167638	
333.47148759	
333.47156997	
333.47222730	
333.47275892	
333.47273588	
333.47241775	
333.47218332	
333.47231697	
333.47262183	
333.47224002	
333.47236486	
333.47303720	
333.47358444	
333.47344001	
333.47343707	
333.47319524	
333.47268000	
333.47307407	
333.47299365	
333.47259698	
333.47259678	
333.47303919	
333.47312655	
333.47340199	
333.47402397	
333.47431474	
333.47471730	
333.47524807	
333.47507147	
333.47535266	
333.47606798	
333.47607804	
333.47606642	
333.47614164	
333.47677697	
333.47693098	
333.47734882	
333.47812259	
333.47780962	
333.47809273	
333.47807494	
333.47750152	
333.47797844	
333.47828106	
333.47826260	
333.47796963	
333.47764408	
333.47742892	
333.47711268	
333.47709957	
333.47681024	
333.47704254	
333.47725926	
333.47674849	
333.47718708	
333.47712105	
333.47705578	
333.47753374	
333.47779352	
333.47783388	
333.47747629	
333.47783091	
333.47763256	
333.47705950	
333.47707265	
333.47709525	
333.47697079	
333.47689041	
333.47686260	
333.47688419	
333.47657670	
333.47613402	
333.47648084	
333.47657625	
333.47646332	
333.47685101	
333.47694466	
333.47728152	
333.47789439	
333.47759943	
333.47759216	
333.47771188	
333.47739428	
333.47792653	
333.47864023	
333.47857608	
333.47891763	
333.47925254	
333.47966756	
333.47982632	
333.47949354	
333.47947643	
333.47906674	
333.47865641	
333.47893673	
333.47962420	
333.47969627	
333.47955942	
333.47931352	
333.47908239	
333.47879351	
333.47849595	
333.47896493	
333.47886276	
333.47877064	
333.47926916	
333.47962629	
333.47994194	
333.47990909	
333.48044032	
333.48066728	
333.48056849	
333.48032976	
333.48062595	
333.48053806	
333.48013526	
333.47999624	
333.47959045	
333.48000998	
333.48033654	
333.48017964	
333.47980572	
333.47983193	
333.48019376	
333.48007224	
333.48038599	
333.48033878	
333.48016227	
333.48073594	
333.48102877	
333.48092438	
333.48119305	
333.48167069	
333.48194678	
333.48173038	
333.48159087	
333.48215384	
333.48224653	
333.48258807	
333.48292436	
333.48314695	
333.48307341	
333.48294159	
333.48343612	
333.48404998	
333.48442703	
333.48437439	
333.48454315	
333.48504583	
333.48500697	
333.48547934	
333.48615501	
333.48584940	
333.48538528	
333.48566189	
333.48601106	
333.48649647	
333.48665258	
333.48703661	
333.48740614	
333.48741529	
333.48775011	
333.48751718	
333.48714699	
333.48720654	
333.48753622	
333.48770784	
333.48775905	
333.48791423	
333.48790912	
333.48767550	
333.48781548	
333.48792528	
333.48788397	
333.48823490	
333.48869480	
333.48901525	
333.48885287	
333.48910072	
333.48911587	
333.48945049	
333.48958852	
333.48926585	
333.48938114	
333.48948666	
333.48990952	
333.49001741	
333.49002556	
333.49005777	
333.49052497	
333.49091286	
333.49136060	
333.49200230	
333.49230246	
333.49191276	
333.49172266	
333.49142205	
333.49136316	
333.49137715	
333.49179435	
333.49181635	
333.49172994	
333.49188224	
333.49162568	
333.49142952	
333.49091014	
333.49098339	
333.49082154	
333.49078373	
333.49052182	
333.49045052	
333.49058142	
333.49046945	
333.49063286	
333.49075390	
333.49045388	
333.49030598	
333.49013244	
333.49006268	
333.49036167	
333.48995699	
333.48990803	
333.49013267	
333.49064326	
333.49113753	
333.49150510	
333.49191491	
333.49173282	
333.49162717	
333.49220492	
333.49250696	
333.49210189	
333.49177327	
333.49152124	
333.49124168	
333.49109096	
333.49125441	
333.49095981	
333.49131893	
333.49134185	
333.49124178	
333.49183437	
333.49191189	
333.49157392	
333.49170761	
333.49238566	
333.49270044	
333.49309220	
333.49295516	
333.49249919	
333.49240423	
333.49228967	
333.49231811	
333.49258459	
333.49239421	
333.49212957	
333.49265079	
333.49327510	
333.49330516	
333.49348607	
333.49379645	
333.49415624	
333.49426260	
333.49408474	
333.49431958	
333.49449195	
333.49419503	
333.49377387	
333.49416535	
333.49416672	
333.49378366	
333.49374682	
333.49412065	
333.49418188	
333.49372197	
333.49338003	
333.49338689	
333.49316774	
333.49332339	
333.49406713	
333.49403884	
333.49416697	
333.49393391	
333.49398871	
333.49462439	
333.49483771	
333.49453782	
333.49471243	
333.49467400	
333.49499821	
333.49542383	
333.49552706	
333.49624284	
333.49640136	
333.49661496	
333.49636569	
333.49601965	
333.49610731	
333.49640697	
333.49652960	
333.49695529	
333.49711168	
333.49662788	
333.49637620	
333.49647207	
333.49706184	
333.49746511	
333.49786629	
333.49795318	
333.49812094	
333.49814829	
333.49850651	
333.49895556	
333.49881626	
333.49926363	
333.49906469	
333.49860482	
333.49887151	
333.49887131	
333.49867920	
333.49864725	
333.49891344	
333.49922492	
333.49961607	
333.49961291	
333.50002195	
333.50046240	
333.50051206	
333.50097144	
333.50105446	
333.50134169	
333.50153583	
333.50163757	
333.50159957	
333.50110513	
333.50150021	
333.50171437	
333.50179044	
333.50159018	
333.50171511	
333.50229087	
333.50223156	
333.50241810	
333.50272393	
333.50254762	
333.50258622	
333.50317736	
333.50323380	
333.50370567	
333.50371502	
333.50386284	
333.50421136	
333.50457346	
333.50472891	
333.50451493	
333.50491355	
333.50501020	
333.50543324	
333.50552328	
333.50575535	
333.50613724	
333.50617335	
333.50670831	
333.50712812	
333.50721635	
333.50773295	
333.50751979	
333.50748902	
333.50766916	
333.50802597	
333.50860404	
333.50900670	
333.50960573	
333.50936940	
333.50921703	
333.50910357	
333.50898849	
333.50872472	
333.50873250	
333.50917068	
333.50971487	
333.51018060	
333.51042541	
333.51104250	
333.51122729	
333.51138147	
333.51164335	
333.51163008	
333.51155919	
333.51110045	
333.51116416	
333.51129552	
333.51128833	
333.51108835	
333.51080026	
333.51122657	
333.51120591	
333.51094582	
333.51139845	
333.51130248	
333.51157465	
333.51232213	
333.51257603	
333.51263194	
333.51296393	
333.51347612	
333.51318484	
333.51294479	
333.51273780	
333.51245127	
333.51242324	
333.51244202	
333.51272998	
333.51307380	
333.51278677	
333.51309327	
333.51309291	
333.51341193	
333.51346489	
333.51303973	
333.51317877	
333.51291335	
333.51309754	
333.51285563	
333.51278412	
333.51286912	
333.51328007	
333.51381702	
333.51386147	
333.51369272	
333.51406936	
333.51404971	
333.51417196	
333.51414268	
333.51440626	
333.51492190	
333.51523412	
333.51607386	
333.51579047	
333.51537133	
333.51491899	
333.51502947	
333.51497868	
333.51446126	
333.51476260	
333.51492060	
333.51522613	
333.51512122	
333.51514332	
333.51505470	
333.51466211	
333.51515835	
333.51513758	
333.51513298	
333.51515565	
333.51485758	
333.51451539	
333.51490785	
333.51488253	
333.51505883	
333.51542762	
333.51560668	
333.51560058	
333.51592490	
333.51619692	
333.51611517	
333.51671941	
333.51651363	
333.51620171	
333.51646253	
333.51637162	
333.51669374	
333.51706610	
333.51726414	
333.51790246	
333.51797680	
333.51800957	
333.51817459	
333.51799104	
333.51801911	
333.51855899	
333.51856203	
333.51835590	
333.51875203	
333.51911872	
333.51919249	
333.51945986	
333.51969407	
333.51969278	
333.51992295	
333.52015352	
333.52020367	
333.52056993	
333.52112236	
333.52126470	
333.52151783	
333.52157675	
333.52191968	
333.52239156	
333.52211650	
333.52216249	
333.52260598	
333.52311535	
333.52348882	
333.52407421	
333.52422191	
333.52414703	
333.52467578	
333.52448876	
333.52446749	
333.52446398	
333.52457272	
333.52453975	
333.52451166	
333.52489944	
333.52487809	
333.52525363	
333.52517570	
333.52539274	
333.52548600	
333.52557878	
333.52573759	
333.52583697	
333.52617520	
333.52615963	
333.52647330	
333.52619408	
333.52602907	
333.52645481	
333.52633725	
333.52680213	
333.52748329	
333.52777708	
333.52776491	
333.52741555	
333.52735370	
333.52772347	
333.52752950	
333.52698105	
333.52737715	
333.52795451	
333.52767175	
333.52772625	
333.52841650	
333.52839077	
333.52825092	
333.52868104	
333.52858048	
333.52883410	
333.52940971	
333.52948304	
333.52923973	
333.52926695	
333.52932120	
333.52893478	
333.52888116	
333.52907454	
333.52907905	
333.52945754	
333.53006602	
333.53062704	
333.53081367	
333.53065721	
333.53116269	
333.53139492	
333.53110862	
333.53150643	
333.53170625	
333.53209452	
333.53264260	
333.53218175	
333.53173334	
333.53207695	
333.53247949	
333.53268888	
333.53284156	
333.53285248	
333.53300811	
333.53328530	
333.53364167	
333.53340830	
333.53385782	
333.53436671	
333.53417180	
333.53416785	
333.53382492	
333.53337365	
333.53299169	
333.53295535	
333.53342121	
333.53381064	
333.53386737	
333.53350898	
333.53348982	
333.53395207	
333.53448474	
333.53488813	
333.53477642	
333.53491074	
333.53472717	
333.53501176	
333.53554930	
333.53597475	
333.53624192	
333.53580203	
333.53623804	
333.53644198	
333.53597299	
333.53584264	
333.53594788	
333.53580133	
333.53614303	
333.53676342	
333.53721461	
333.53746657	
333.53712113	
333.53731096	
333.53788113	
333.53799203	
333.53793041	
333.53839946	
333.53846656	
333.53879083	
333.53910206	
333.53879702	
333.53867006	
333.53842441	
333.53811715	
333.53836380	
333.53885554	
333.53882146	
333.53901186	
333.53899086	
333.53859766	
333.53858080	
333.53867204	
333.53873502	
333.53884878	
333.53899096	
333.53902894	
333.53938931	
333.53952505	
333.53944023	
333.54006726	
333.53975492	
333.53958813	
333.53937031	
333.53926552	
333.53946490	
333.53940748	
333.53972926	
333.53955256	
333.53989157	
333.54061102	
333.54064084	
333.54025661	
333.54001517	
333.54049584	
333.54109655	
333.54153614	
333.54146088	
333.54146978	
333.54124381	
333.54136854	
333.54170539	
333.54148543	
333.54156945	
333.54166106	
333.54224101	
333.54205164	
333.54182702	
333.54249180	
333.54260343	
333.54274654	
333.54306198	
333.54319279	
333.54323119	
333.54362539	
333.54409274	
333.54408131	
333.54462061	
333.54461618	
333.54494810	
333.54567481	
333.54524290	
333.54477453	
333.54508166	
333.54490676	
333.54443148	
333.54443418	
333.54490436	
333.54550583	
333.54547026	
333.54592340	
333.54655777	
333.54651987	
333.54694143	
333.54731940	
333.54757462	
333.54800626	
333.54766475	
333.54762559	
333.54805710	
333.54783490	
333.54809370	
333.54831241	
333.54783093	
333.54789513	
333.54842523	
333.54837979	
333.54864326	
333.54880417	
333.54829203	
333.54883737	
333.54947081	
333.54994438	
333.54972729	
333.54987068	
333.55008810	
333.54966942	
333.54970955	
333.55018772	
333.54993140	
333.54930669	
333.54947492	
333.54990313	
333.54973971	
333.54984127	
333.55024471	
333.55018063	
333.55043108	
333.55006639	
333.55005656	
333.55017548	
333.55007149	
333.55049926	
333.55048146	
333.55025895	
333.55023241	
333.55061660	
333.55069263	
333.55076538	
333.55086844	
333.55091503	
333.55063922	
333.55003191	
333.54990886	
333.55034853	
333.55078721	
333.55069532	
333.55050453	
333.55067232	
333.55049994	
333.55031158	
333.55059544	
333.55078475	
333.55137937	
333.55160410	
333.55156233	
333.55133827	
333.55178051	
333.55254357	
333.55243945	
333.55286102	
333.55356643	
333.55377828	
333.55396782	
333.55436901	
333.55456930	
333.55445972	
333.55431329	
333.55477061	
333.55483969	
333.55448304	
333.55494332	
333.55494046	
333.55473778	
333.55461739	
333.55502185	
333.55499190	
333.55462430	
333.55450759	
333.55471128	
333.55536347	
333.55536679	
333.55523492	
333.55529971	
333.55517503	
333.55526667	
333.55517827	
333.55476791	
333.55508184	
333.55552802	
333.55601241	
333.55591297	
333.55551212	
333.55575043	
333.55632254	
333.55621992	
333.55640203	
333.55663515	
333.55639428	
333.55658603	
333.55668545	
333.55656040	
333.55636611	
333.55639723	
333.55644724	
333.55605495	
333.55566762	
333.55606786	
333.55670105	
333.55662871	
333.55666562	
333.55674500	
333.55697687	
333.55684974	
333.55668144	
333.55714448	
333.55729370	
333.55750498	
333.55713613	
333.55698782	
333.55686676	
333.55659602	
333.55653332	
333.55700328	
333.55748196	
333.55708856	
333.55685061	
333.55724076	
333.55702729	
333.55691418	
333.55703031	
333.55677829	
333.55686636	
333.55718140	
333.55689659	
333.55637543	
333.55668967	
333.55683107	
333.55703470	
333.55691567	
333.55723845	
333.55798330	
333.55841906	
333.55903768	
333.55877170	
333.55852316	
333.55858911	
333.55844087	
333.55877739	
333.55920722	
333.55908421	
333.55945662	
333.55940923	
333.55882540	
333.55847845	
333.55826967	
333.55872846	
333.55881394	
333.55875755	
333.55911367	
333.55957760	
333.55982247	
333.55965149	
333.55978058	
333.55951412	
333.55904134	
333.55928188	
333.55922964	
333.55926954	
333.55952686	
333.55934954	
333.55923385	
333.55974225	
333.56001867	
333.56000185	
333.55964583	
333.55940247	
333.55969126	
333.55939030	
333.55938869	
333.55924312	
333.55958720	
333.55963424	
333.55988396	
333.56075759	
333.56041286	
333.56020832	
333.56003834	
333.55968673	
333.56006662	
333.56019851	
333.56046722	
333.56125724	
333.56176920	
333.56168024	
333.56195142	
333.56248871	
333.56261925	
333.56280641	
333.56262613	
333.56239575	
333.56245430	
333.56300282	
333.56348278	
333.56337194	
333.56305835	
333.56340510	
333.56391584	
333.56444191	
333.56412382	
333.56354127	
333.56392020	
333.56397146	
333.56433603	
333.56423016	
333.56418767	
333.56475611	
333.56520578	
333.56576583	
333.56607814	
333.56613165	
333.56616293	
333.56680248	
333.56719870	
333.56708831	
333.56679195	
333.56726940	
333.56762655	
333.56738564	
333.56745007	
333.56788756	
333.56847880	
333.56879668	
333.56844139	
333.56805258	
333.56790905	
333.56769508	
333.56819507	
333.56821727	
333.56797269	
333.56847228	
333.56883030	
333.56875932	
333.56892028	
333.56895090	
333.56865058	
333.56856448	
333.56870885	
333.56885589	
333.56873819	
333.56922392	
333.56907645	
333.56913102	
333.56934218	
333.56903640	
333.56921896	
333.56899758	
333.56889894	
333.56942092	
333.56948413	
333.56969352	
333.57017937	
333.56986856	
333.56998858	
333.57053112	
333.57017014	
333.56975785	
333.56978999	
333.57015522	
333.57055429	
333.57054503	
333.57018043	
333.56973789	
333.56988794	
333.57001992	
333.57038893	
333.57039233	
333.57027024	
333.57023424	
333.56989916	
333.57030820	
333.57055925	
333.57060895	
333.57087668	
333.57103349	
333.57093312	
333.57071116	
333.57049082	
333.57003136	
333.56958224	
333.57000087	
333.57072036	
333.57090612	
333.57087105	
333.57107379	
333.57138040	
333.57129233	
333.57172405	
333.57199196	
333.57176642	
333.57229322	
333.57228741	
333.57247729	
333.57239888	
333.57203884	
333.57253097	
333.57283813	
333.57268673	
333.57280509	
333.57257429	
333.57225458	
333.57234418	
333.57215799	
333.57198885	
333.57240123	
333.57310820	
333.57328408	
333.57295469	
333.57329887	
333.57338599	
333.57348577	
333.57337635	
333.57296719	
333.57312091	
333.57288470	
333.57279044	
333.57317812	
333.57368911	
333.57368433	
333.57393138	
333.57387501	
333.57433579	
333.57507445	
333.57507128	
333.57550206	
333.57567162	
333.57604826	
333.57674603	
333.57691242	
333.57731178	
333.57726184	
333.57702494	
333.57753341	
333.57806917	
333.57789019	
333.57777032	
333.57751223	
333.57759524	
333.57809756	
333.57799433	
333.57795513	
333.57833043	
333.57837847	
333.57843202	
333.57818825	
333.57831423	
333.57898283	
333.57882556	
333.57865556	
333.57862864	
333.57861548	
333.57863307	
333.57847634	
333.57874347	
333.57891670	
333.57915662	
333.57924581	
333.57917084	
333.57907971	
333.57936859	
333.57955248	
333.57969924	
333.57970966	
333.57952228	
333.57981910	
333.58011075	
333.58039867	
333.58043022	
333.58053345	
333.58071812	
333.58076649	
333.58096431	
333.58147696	
333.58177582	
333.58183594	
333.58172781	
333.58191097	
333.58179993	
333.58180361	
333.58148446	
333.58121846	
333.58161909	
333.58140754	
333.58179967	
333.58216964	
333.58170580	
333.58157135	
333.58203532	
333.58249466	
333.58253405	
333.58229760	
333.58189600	
333.58213021	
333.58231333	
333.58253444	
333.58297021	
333.58325547	
333.58318169	
333.58285924	
333.58291298	
333.58344410	
333.58411320	
333.58462128	
333.58506431	
333.58488742	
333.58486722	
333.58482668	
333.58482361	
333.58536896	
333.58540840	
333.58555180	
333.58539308	
333.58532902	
333.58559710	
333.58553458	
333.58539202	
333.58581113	
333.58607341	
333.58624642	
333.58632183	
333.58644166	
333.58642727	
333.58635160	
333.58651106	
333.58680679	
333.58708143	
333.58696619	
333.58683378	
333.58712682	
333.58777903	
333.58805875	
333.58829654	
333.58795126	
333.58815615	
333.58801724	
333.58828512	
333.58888713	
333.58872807	
333.58851782	
333.58855437	
333.58866476	
333.58885149	
333.58859910	
333.58815376	
333.58820095	
333.58802096	
333.58824507	
333.58869624	
333.58900721	
333.58933410	
333.58914151	
333.58889496	
333.58947757	
333.58935062	
333.58876786	
333.58925785	
333.58962768	
333.58950545	
333.58939556	
333.58966103	
333.59002086	
333.59038615	
333.59068248	
333.59061540	
333.59111878	
333.59112013	
333.59073582	
333.59076197	
333.59099695	
333.59069483	
333.59015519	
333.59010493	
333.58992933	
333.59037716	
333.59081053	
333.59091579	
333.59108979	
333.59071886	
333.59039854	
333.59050023	
333.59065060	
333.59097835	
333.59091059	
333.59060070	
333.59038932	
333.59034650	
333.59080939	
333.59085475	
333.59062953	
333.59114303	
333.59131847	
333.59112154	
333.59134724	
333.59107916	
333.59142299	
333.59136276	
333.59069870	
333.59039746	
333.59026191	
333.59049324	
333.59026741	
333.58978196	
333.58993967	
333.58990581	
333.58932753	
333.58981010	
333.59051757	
333.59074415	
333.59088123	
333.59104190	
333.59078584	
333.59089989	
333.59152147	
333.59170047	
333.59140894	
333.59107543	
333.59079719	
333.59118905	
333.59120954	
333.59123512	
333.59168157	
333.59143801	
333.59131621	
333.59155410	
333.59162768	
333.59141101	
333.59166888	
333.59150781	
333.59136907	
333.59177945	
333.59191796	
333.59194446	
333.59209975	
333.59208509	
333.59221132	
333.59273288	
333.59308506	
333.59351289	
333.59364564	
333.59368830	
333.59341703	
333.59309501	
333.59299109	
333.59338379	
333.59378358	
333.59364860	
333.59423193	
333.59427574	
333.59427985	
333.59399893	
333.59340523	
333.59328896	
333.59295709	
333.59283129	
333.59306903	
333.59326742	
333.59344611	
333.59367740	
333.59388446	
333.59401171	
333.59434502	
333.59420141	
333.59396531	
333.59379814	
333.59329675	
333.59283979	
333.59237254	
333.59238237	
333.59200122	
333.59220142	
333.59296508	
333.59310019	
333.59340386	
333.59331203	
333.59297716	
333.59301406	
333.59261062	
333.59265248	
333.59280625	
333.59289223	
333.59286669	
333.59307453	
333.59288713	
333.59222761	
333.59246516	
333.59261398	
333.59271627	
333.59279542	
333.59334616	
333.59401472	
333.59391962	
333.59379150	
333.59368904	
333.59335056	
333.59308740	
333.59319303	
333.59286637	
333.59245275	
333.59232364	
333.59227600	
333.59202638	
333.59160902	
333.59197178	
333.59223584	
333.59209794	
333.59180211	
333.59174095	
333.59203693	
333.59174629	
333.59188984	
333.59200029	
333.59139420	
333.59103167	
333.59057970	
333.59070624	
333.59052191	
333.59045549	
333.59046225	
333.59006154	
333.58966732	
333.58933173	
333.58977644	
333.59037755	
333.59055205	
333.59067316	
333.59117546	
333.59135489	
333.59149331	
333.59187439	
333.59164810	
333.59202144	
333.59269503	
333.59287408	
333.59298485	
333.59277131	
333.59301126	
333.59315358	
333.59308781	
333.59281844	
333.59282428	
333.59276538	
333.59263134	
333.59310764	
333.59291865	
333.59324778	
333.59324318	
333.59274806	
333.59260224	
333.59289165	
333.59281054	
333.59234746	
333.59249020	
333.59212215	
333.59214806	
333.59249114	
333.59212860	
333.59245574	
333.59286068	
333.59241292	
333.59195689	
333.59205039	
333.59232706	
333.59267856	
333.59243050	
333.59260925	
333.59286341	
333.59233135	
333.59266783	
333.59327286	
333.59307877	
333.59265613	
333.59270896	
333.59270717	
333.59289855	
333.59278613	
333.59227875	
333.59230358	
333.59229542	
333.59235185	
333.59242033	
333.59192478	
333.59228136	
333.59247647	
333.59224058	
333.59214732	
333.59254198	
333.59268533	
333.59256842	
333.59227656	
333.59234257	
333.59306579	
333.59305956	
333.59275476	
333.59308664	
333.59324302	
333.59324813	
333.59353343	
333.59375177	
333.59381658	
333.59371295	
333.59401794	
333.59442508	
333.59456912	
333.59502445	
333.59512092	
333.59466696	
333.59471081	
333.59519918	
333.59500164	
333.59445007	
333.59490342	
333.59458671	
333.59408688	
333.59406443	
333.59369627	
333.59379594	
333.59418966	
333.59419942	
333.59441973	
333.59477688	
333.59456328	
333.59481242	
333.59503593	
333.59489994	
333.59517311	
333.59487216	
333.59508241	
333.59563349	
333.59522478	
333.59513309	
333.59511491	
333.59505001	
333.59505658	
333.59549693	
333.59576173	
333.59551539	
333.59593264	
333.59584842	
333.59560433	
333.59584414	
333.59574942	
333.59524519	
333.59519153	
333.59483505	
333.59488528	
333.59536919	
333.59543192	
333.59564481	
333.59541152	
333.59517704	
333.59478199	
333.59434155	
333.59412415	
333.59419917	
333.59412718	
333.59405466	
333.59436997	
333.59488913	
333.59467206	
333.59421010	
333.59390042	
333.59405195	
333.59435927	
333.59423274	
333.59474481	
333.59494454	
333.59499974	
333.59464925	
333.59459525	
333.59454014	
333.59404502	
333.59409500	
333.59396945	
333.59347998	
333.59379982	
333.59415155	
333.59441703	
333.59430003	
333.59416155	
333.59413553	
333.59407382	
333.59410401	
333.59411375	
333.59425383	
333.59419259	
333.59474885	
333.59466346	
333.59410886	
333.59431006	
333.59481400	
333.59534441	
333.59575809	
333.59627635	
333.59692551	
333.59733896	
333.59777952	
333.59755668	
333.59719910	
333.59746725	
333.59715007	
333.59714187	
333.59740930	
333.59723568	
333.59763706	
333.59736492	
333.59752859	
333.59757000	
333.59736021	
333.59719664	
333.59748071	
333.59832849	
333.59834647	
333.59867708	
333.59831572	
333.59810110	
333.59854459	
333.59895408	
333.59950201	
333.59969403	
333.59951423	
333.59930598	
333.59958709	
333.59931180	
333.59944080	
333.59994756	
333.59983692	
333.59978045	
333.59928114	
333.59879757	
333.59857612	
333.59900424	
333.59939654	
333.59958888	
333.60000461	
333.60050132	
333.60105324	
333.60129630	
333.60167287	
333.60179546	
333.60198856	
333.60236464	
333.60267978	
333.60258769	
333.60223142	
333.60247487	
333.60256674	
333.60234544	
333.60256953	
333.60293397	
333.60315620	
333.60347993	
333.60354236	
333.60402042	
333.60415294	
333.60423367	
333.60411360	
333.60412281	
333.60465747	
333.60468332	
333.60453917	
333.60456529	
333.60489845	
333.60526151	
333.60563442	
333.60608142	
333.60648269	
333.60691286	
333.60741597	
333.60714068	
333.60658493	
333.60641185	
333.60675031	
333.60672666	
333.60640369	
333.60674544	
333.60657637	
333.60629172	
333.60647391	
333.60664373	
333.60649729	
333.60691393	
333.60732193	
333.60717455	
333.60750251	
333.60745773	
333.60706590	
333.60749159	
333.60727388	
333.60730817	
333.60799360	
333.60843353	
333.60902996	
333.60920407	
333.60897449	
333.60918050	
333.60930288	
333.60960605	
333.60978356	
333.60974810	
333.61020805	
333.61032853	
333.61003215	
333.60973278	
333.60998499	
333.60965979	
333.60931208	
333.60934353	
333.60987729	
333.61023961	
333.61047268	
333.61101758	
333.61129297	
333.61107611	
333.61076182	
333.61099094	
333.61068281	
333.61013016	
333.61054268	
333.61103639	
333.61152222	
333.61173862	
333.61174481	
333.61209104	
333.61253158	
333.61250029	
333.61278514	
333.61273590	
333.61218142	
333.61188152	
333.61197198	
333.61251949	
333.61258476	
333.61243712	
333.61221063	
333.61250304	
333.61263928	
333.61297001	
333.61335256	
333.61329917	
333.61314063	
333.61332434	
333.61311230	
333.61262340	
333.61301294	
333.61294633	
333.61258350	
333.61296409	
333.61300013	
333.61317778	
333.61329838	
333.61359629	
333.61431911	
333.61476318	
333.61533366	
333.61498210	
333.61469313	
333.61490595	
333.61527915	
333.61582102	
333.61639337	
333.61617965	
333.61556597	
333.61555069	
333.61518736	
333.61489824	
333.61513602	
333.61544792	
333.61512076	
333.61533571	
333.61588698	
333.61545743	
333.61534014	
333.61553555	
333.61546175	
333.61532662	
333.61565750	
333.61615444	
333.61603854	
333.61602698	
333.61607391	
333.61574926	
333.61611622	
333.61657370	
333.61653350	
333.61659150	
333.61631639	
333.61619690	
333.61594446	
333.61596342	
333.61627222	
333.61652482	
333.61654431	
333.61623224	
333.61650358	
333.61679780	
333.61655870	
333.61680914	
333.61739058	
333.61700735	
333.61688900	
333.61737419	
333.61783703	
333.61748301	
333.61769717	
333.61787671	
333.61820451	
333.61820625	
333.61770305	
333.61828083	
333.61838185	
333.61846205	
333.61903892	
333.61876420	
333.61843639	
333.61867659	
333.61837265	
333.61824102	
333.61848852	
333.61884582	
333.61854914	
333.61843320	
333.61853889	
333.61839830	
333.61888266	
333.61900437	
333.61876513	
333.61844323	
333.61833677	
333.61817519	
333.61769554	
333.61764496	
333.61740167	
333.61714994	
333.61704556	
333.61681565	
333.61719096	
333.61706380	
333.61651288	
333.61701978	
333.61686922	
333.61630934	
333.61682469	
333.61664646	
333.61670615	
333.61653047	
333.61622077	
333.61635718	
333.61620338	
333.61596427	
333.61545094	
333.61507327	
333.61546010	
333.61557552	
333.61518666	
333.61490434	
333.61428910	
333.61474783	
333.61500857	
333.61491369	
333.61510405	
333.61525908	
333.61524582	
333.61497183	
333.61468711	
333.61508619	
333.61569669	
333.61529893	
333.61533944	
333.61515666	
333.61485533	
333.61461980	
333.61481219	
333.61510078	
333.61450245	
333.61458690	
333.61439259	
333.61476512	
333.61497793	
333.61438473	
333.61473814	
333.61523193	
333.61488491	
333.61500052	
333.61519695	
333.61486631	
333.61507943	
333.61560820	
333.61543047	
333.61549677	
333.61553056	
333.61567396	
333.61549575	
333.61512679	
333.61517741	
333.61521118	
333.61570801	
333.61547317	
333.61522893	
333.61558465	
333.61553557	
333.61532362	
333.61518522	
333.61511779	
333.61500323	
333.61515677	
333.61493493	
333.61491467	
333.61546881	
333.61564279	
333.61551744	
333.61497428	
333.61489884	
333.61465433	
333.61455912	
333.61457782	
333.61415627	
333.61408410	
333.61453070	
333.61505158	
333.61507329	
333.61464937	
333.61470119	
333.61481729	
333.61451500	
333.61480067	
333.61470659	
333.61472992	
333.61520790	
333.61476610	
333.61467199	
333.61474917	
333.61500147	
333.61490055	
333.61502004	
333.61481570	
333.61456243	
333.61439638	
333.61435547	
333.61459371	
333.61483623	
333.61466788	
333.61432547	
333.61488807	
333.61499991	
333.61499816	
333.61477838	
333.61437255	
333.61406736	
333.61388812	
333.61405423	
333.61439245	
333.61405018	
333.61360283	
333.61367091	
333.61347921	
333.61325078	
333.61316901	
333.61348970	
333.61333005	
333.61279948	
333.61327771	
333.61344975	
333.61297137	
333.61244838	
333.61276062	
333.61308232	
333.61281574	
333.61253285	
333.61222276	
333.61238644	
333.61217650	
333.61226869	
333.61285533	
333.61267341	
333.61273819	
333.61253667	
333.61217100	
333.61240630	
333.61291018	
333.61291589	
333.61321953	
333.61368143	
333.61390881	
333.61371447	
333.61328892	
333.61347797	
333.61382610	
333.61420343	
333.61404907	
333.61444089	
333.61463512	
333.61459385	
333.61502715	
333.61527848	
333.61570834	
333.61617742	
333.61636440	
333.61608151	
333.61605933	
333.61606808	
333.61590427	
333.61637238	
333.61636035	
333.61625497	
333.61602600	
333.61604724	
333.61598817	
333.61575097	
333.61629389	
333.61687540	
333.61703629	
333.61711713	
333.61739527	
333.61704294	
333.61685703	
333.61707049	
333.61710681	
333.61678702	
333.61679411	
333.61688181	
333.61650075	
333.61658897	
333.61631364	
333.61655391	
333.61660537	
333.61626970	
333.61656608	
333.61701643	
333.61745424	
333.61739137	
333.61700623	
333.61687312	
333.61689421	
333.61684023	
333.61724690	
333.61709996	
333.61724411	
