327.00000000	
327.00899547	
327.00135154	
327.00394741	
327.00008248	
327.00051985	
326.99813228	
326.99779026	
326.99626972	
326.99550896	
326.99440290	
326.99424808	
326.99305703	
326.99206780	
326.99078714	
326.98994328	
326.98924731	
326.98782527	
326.98650210	
326.98585568	
326.98526062	
326.98458314	
326.98409673	
326.98367122	
326.98262339	
326.98147768	
326.98109960	
326.98060952	
326.98016575	
326.97966429	
326.97874919	
326.97791086	
326.97722411	
326.97643285	
326.97560357	
326.97491525	
326.97371753	
326.97255700	
326.97137993	
326.97046849	
326.96972059	
326.96869264	
326.96793619	
326.96686044	
326.96628815	
326.96530677	
326.96393693	
326.96297688	
326.96223975	
326.96110744	
326.96008743	
326.95945529	
326.95864868	
326.95734287	
326.95652495	
326.95563969	
326.95448733	
326.95362505	
326.95249097	
326.95172377	
326.95093164	
326.94986809	
326.94857027	
326.94793135	
326.94697645	
326.94577993	
326.94485288	
326.94365888	
326.94264739	
326.94133779	
326.94030298	
326.93997723	
326.93871140	
326.93751853	
326.93634357	
326.93483602	
326.93372623	
326.93321682	
326.93240740	
326.93125139	
326.93017414	
326.92884664	
326.92769951	
326.92648375	
326.92583754	
326.92542843	
326.92500388	
326.92444296	
326.92354741	
326.92267807	
326.92138413	
326.91998793	
326.91906518	
326.91816853	
326.91738836	
326.91631081	
326.91496879	
326.91423173	
326.91360727	
326.91308590	
326.91271346	
326.91143517	
326.91044834	
326.90971767	
326.90888267	
326.90836661	
326.90728852	
326.90605225	
326.90490458	
326.90381266	
326.90300092	
326.90181054	
326.90091733	
326.89973088	
326.89905947	
326.89822201	
326.89736049	
326.89691424	
326.89610458	
326.89563471	
326.89478436	
326.89403223	
326.89284807	
326.89172135	
326.89122928	
326.89078920	
326.89007110	
326.88966099	
326.88940822	
326.88907891	
326.88855744	
326.88771116	
326.88665686	
326.88594031	
326.88499184	
326.88412255	
326.88339941	
326.88213526	
326.88129368	
326.88037326	
326.87971183	
326.87888424	
326.87804875	
326.87696863	
326.87556659	
326.87457879	
326.87405911	
326.87353499	
326.87275517	
326.87219754	
326.87150020	
326.87084984	
326.87023160	
326.86991460	
326.86911155	
326.86821348	
326.86733639	
326.86684963	
326.86575850	
326.86502798	
326.86447869	
326.86313515	
326.86240779	
326.86151994	
326.86081540	
326.86019438	
326.85947744	
326.85890296	
326.85809035	
326.85668311	
326.85605606	
326.85559575	
326.85517023	
326.85447426	
326.85335067	
326.85297212	
326.85238056	
326.85157174	
326.85095893	
326.84989024	
326.84875154	
326.84830619	
326.84717524	
326.84655479	
326.84611496	
326.84471790	
326.84417925	
326.84369136	
326.84300509	
326.84264006	
326.84188965	
326.84078250	
326.84009120	
326.83914826	
326.83806011	
326.83749562	
326.83718164	
326.83686081	
326.83584298	
326.83479781	
326.83441212	
326.83359953	
326.83251921	
326.83206317	
326.83101020	
326.82964368	
326.82865454	
326.82742283	
326.82664162	
326.82632695	
326.82536429	
326.82401750	
326.82360564	
326.82271539	
326.82141165	
326.82022876	
326.81926468	
326.81891547	
326.81852128	
326.81757060	
326.81671067	
326.81639321	
326.81575608	
326.81455477	
326.81359452	
326.81318369	
326.81272728	
326.81222043	
326.81152347	
326.81077023	
326.81039974	
326.81019318	
326.80900682	
326.80787909	
326.80735091	
326.80616868	
326.80537323	
326.80455389	
326.80320942	
326.80225186	
326.80117002	
326.80029162	
326.79905722	
326.79852956	
326.79751678	
326.79595037	
326.79498670	
326.79406634	
326.79328622	
326.79210493	
326.79122489	
326.79007561	
326.78886117	
326.78794886	
326.78664995	
326.78565399	
326.78488603	
326.78369762	
326.78246468	
326.78149070	
326.78115119	
326.78004672	
326.77889903	
326.77774275	
326.77686634	
326.77633300	
326.77500680	
326.77374105	
326.77253309	
326.77140123	
326.77023611	
326.76915369	
326.76816733	
326.76688888	
326.76618116	
326.76521895	
326.76454907	
326.76355778	
326.76216043	
326.76183466	
326.76145487	
326.76098385	
326.76044998	
326.76009775	
326.75945911	
326.75846242	
326.75804989	
326.75752994	
326.75677414	
326.75615940	
326.75546359	
326.75457075	
326.75373790	
326.75276857	
326.75227643	
326.75133103	
326.74990052	
326.74924478	
326.74873454	
326.74772506	
326.74659045	
326.74560848	
326.74505378	
326.74450531	
326.74344885	
326.74234798	
326.74150892	
326.74074385	
326.73955600	
326.73922616	
326.73820806	
326.73729792	
326.73644408	
326.73574513	
326.73522038	
326.73427590	
326.73322190	
326.73239427	
326.73210344	
326.73147729	
326.73111678	
326.73088107	
326.73006225	
326.72913617	
326.72814013	
326.72679031	
326.72565837	
326.72501762	
326.72448015	
326.72374403	
326.72341043	
326.72322486	
326.72221124	
326.72082105	
326.72007649	
326.71960914	
326.71890935	
326.71769436	
326.71661439	
326.71623823	
326.71599682	
326.71486991	
326.71420560	
326.71349833	
326.71241080	
326.71182786	
326.71133967	
326.71071058	
326.70964357	
326.70912784	
326.70884026	
326.70848840	
326.70797036	
326.70682691	
326.70600423	
326.70525935	
326.70465461	
326.70437208	
326.70349554	
326.70269798	
326.70233671	
326.70186421	
326.70120761	
326.70003650	
326.69921511	
326.69882044	
326.69788622	
326.69739737	
326.69679894	
326.69556238	
326.69497972	
326.69447756	
326.69405293	
326.69374913	
326.69256143	
326.69187796	
326.69162979	
326.69051555	
326.68926129	
326.68809065	
326.68736162	
326.68664972	
326.68551608	
326.68476192	
326.68363730	
326.68277195	
326.68162454	
326.68043655	
326.67956159	
326.67842892	
326.67790016	
326.67689999	
326.67577437	
326.67535502	
326.67476906	
326.67362049	
326.67318627	
326.67272088	
326.67168359	
326.67088263	
326.67046975	
326.66943871	
326.66841848	
326.66818445	
326.66728080	
326.66682650	
326.66636811	
326.66541184	
326.66418221	
326.66283244	
326.66191806	
326.66146498	
326.66042669	
326.65940805	
326.65916739	
326.65881080	
326.65858852	
326.65797692	
326.65740017	
326.65697957	
326.65667404	
326.65568578	
326.65464361	
326.65384010	
326.65332936	
326.65283816	
326.65239573	
326.65199579	
326.65113496	
326.65013663	
326.64922053	
326.64848153	
326.64780324	
326.64736792	
326.64632417	
326.64559015	
326.64484635	
326.64388714	
326.64270891	
326.64227442	
326.64189917	
326.64145465	
326.64124993	
326.64081842	
326.64020625	
326.63895704	
326.63849733	
326.63763916	
326.63687690	
326.63607364	
326.63496114	
326.63467490	
326.63366896	
326.63283946	
326.63222944	
326.63154527	
326.63087701	
326.62982902	
326.62880879	
326.62795007	
326.62755951	
326.62671578	
326.62611069	
326.62557814	
326.62490783	
326.62425917	
326.62317253	
326.62209563	
326.62141561	
326.62079261	
326.62029819	
326.61950313	
326.61839602	
326.61733717	
326.61615903	
326.61584127	
326.61567595	
326.61532418	
326.61509401	
326.61487553	
326.61407898	
326.61323421	
326.61277854	
326.61203693	
326.61115073	
326.61002717	
326.60956685	
326.60943677	
326.60856319	
326.60750027	
326.60651775	
326.60537242	
326.60460407	
326.60366221	
326.60316552	
326.60292706	
326.60188730	
326.60129968	
326.60029820	
326.59951171	
326.59901489	
326.59863456	
326.59796124	
326.59757071	
326.59684185	
326.59597350	
326.59557704	
326.59446327	
326.59396350	
326.59332152	
326.59293707	
326.59230747	
326.59163522	
326.59151131	
326.59058034	
326.58991786	
326.58913089	
326.58819261	
326.58754032	
326.58711956	
326.58664514	
326.58568760	
326.58496056	
326.58425457	
326.58363778	
326.58263259	
326.58197419	
326.58178547	
326.58114551	
326.58024790	
326.57901383	
326.57804438	
326.57689883	
326.57596791	
326.57488543	
326.57437773	
326.57373072	
326.57261556	
326.57212121	
326.57130953	
326.57044341	
326.56924037	
326.56840693	
326.56729019	
326.56607930	
326.56495697	
326.56424007	
326.56347508	
326.56284799	
326.56236206	
326.56110002	
326.56013515	
326.55978348	
326.55910925	
326.55832438	
326.55745452	
326.55697444	
326.55696710	
326.55646442	
326.55621952	
326.55537529	
326.55428606	
326.55340694	
326.55259969	
326.55224212	
326.55138956	
326.55099195	
326.55091368	
326.55061736	
326.55051782	
326.54942769	
326.54900407	
326.54826515	
326.54770815	
326.54697991	
326.54570565	
326.54541484	
326.54521796	
326.54430038	
326.54344054	
326.54316293	
326.54260201	
326.54174682	
326.54046227	
326.53979694	
326.53957078	
326.53905454	
326.53811344	
326.53747264	
326.53695062	
326.53622509	
326.53577582	
326.53543116	
326.53434816	
326.53383864	
326.53334713	
326.53209437	
326.53159977	
326.53086209	
326.53025315	
326.52967041	
326.52919428	
326.52853816	
326.52771858	
326.52677692	
326.52607679	
326.52550866	
326.52469280	
326.52390110	
326.52339953	
326.52257880	
326.52153233	
326.52087131	
326.52004299	
326.51957792	
326.51930637	
326.51894595	
326.51799261	
326.51691124	
326.51591961	
326.51476435	
326.51375883	
326.51303810	
326.51224431	
326.51121930	
326.51009212	
326.50980648	
326.50927596	
326.50799659	
326.50734418	
326.50648186	
326.50539227	
326.50485487	
326.50392891	
326.50286247	
326.50218785	
326.50197425	
326.50121938	
326.50056197	
326.49996054	
326.49865708	
326.49775020	
326.49729324	
326.49629521	
326.49492440	
326.49446294	
326.49414330	
326.49385346	
326.49363292	
326.49298349	
326.49196001	
326.49098393	
326.49043450	
326.48991838	
326.48964770	
326.48952355	
326.48847595	
326.48782519	
326.48708247	
326.48582544	
326.48559684	
326.48543244	
326.48477465	
326.48398038	
326.48370876	
326.48278624	
326.48215746	
326.48202098	
326.48155949	
326.48134721	
326.48046146	
326.47958513	
326.47845415	
326.47809609	
326.47750198	
326.47657616	
326.47558174	
326.47477799	
326.47478085	
326.47441091	
326.47374138	
326.47297384	
326.47189144	
326.47147132	
326.47066038	
326.46950693	
326.46870788	
326.46765933	
326.46744554	
326.46699685	
326.46662633	
326.46604439	
326.46529676	
326.46495118	
326.46389103	
326.46266247	
326.46203528	
326.46109167	
326.46046373	
326.46015872	
326.45978253	
326.45952224	
326.45873481	
326.45752308	
326.45720974	
326.45649473	
326.45565702	
326.45475767	
326.45338538	
326.45277151	
326.45217950	
326.45167878	
326.45085433	
326.45053520	
326.44998750	
326.44917296	
326.44817321	
326.44739511	
326.44679506	
326.44615625	
326.44578744	
326.44528597	
326.44439679	
326.44335728	
326.44255330	
326.44215898	
326.44176604	
326.44086861	
326.43996755	
326.43885242	
326.43836225	
326.43766106	
326.43670547	
326.43560081	
326.43522908	
326.43525711	
326.43430723	
326.43320413	
326.43269152	
326.43240929	
326.43207938	
326.43118332	
326.43059786	
326.43004392	
326.42889689	
326.42804955	
326.42735616	
326.42686722	
326.42620883	
326.42585788	
326.42532578	
326.42428778	
326.42398353	
326.42350723	
326.42233122	
326.42192626	
326.42106501	
326.41978867	
326.41936426	
326.41848609	
326.41758205	
326.41677771	
326.41585576	
326.41483940	
326.41432862	
326.41384877	
326.41274315	
326.41237804	
326.41205752	
326.41151277	
326.41076302	
326.40962773	
326.40871692	
326.40802102	
326.40749318	
326.40649015	
326.40545292	
326.40510959	
326.40493720	
326.40441413	
326.40373329	
326.40325844	
326.40270812	
326.40245203	
326.40156526	
326.40044356	
326.40027364	
326.39997245	
326.39892330	
326.39804101	
326.39709686	
326.39635379	
326.39556938	
326.39491742	
326.39426732	
326.39387076	
326.39394156	
326.39324129	
326.39295439	
326.39220042	
326.39107490	
326.39031352	
326.38960091	
326.38942597	
326.38900850	
326.38848147	
326.38769884	
326.38710347	
326.38671874	
326.38586881	
326.38534055	
326.38519383	
326.38458049	
326.38426725	
326.38383813	
326.38352044	
326.38289043	
326.38239415	
326.38206463	
326.38101995	
326.38027069	
326.37925739	
326.37836375	
326.37767649	
326.37709671	
326.37614178	
326.37577525	
326.37519595	
326.37459782	
326.37414103	
326.37383776	
326.37381399	
326.37354347	
326.37335868	
326.37275231	
326.37255752	
326.37246470	
326.37171767	
326.37104306	
326.37030691	
326.36981869	
326.36963879	
326.36946633	
326.36874742	
326.36794146	
326.36699311	
326.36658825	
326.36646462	
326.36605565	
326.36563652	
326.36515401	
326.36453448	
326.36335336	
326.36247899	
326.36173036	
326.36082518	
326.36020154	
326.35976747	
326.35910212	
326.35855081	
326.35827418	
326.35785205	
326.35675628	
326.35610164	
326.35585764	
326.35506467	
326.35408715	
326.35314472	
326.35252980	
326.35182408	
326.35085502	
326.34987936	
326.34954130	
326.34941732	
326.34896974	
326.34821370	
326.34730402	
326.34667530	
326.34618472	
326.34548928	
326.34453948	
326.34406929	
326.34331365	
326.34231785	
326.34205276	
326.34158097	
326.34130937	
326.34110513	
326.34055676	
326.33983094	
326.33884386	
326.33872522	
326.33841733	
326.33802813	
326.33789903	
326.33778203	
326.33733939	
326.33689352	
326.33676023	
326.33592008	
326.33494743	
326.33448719	
326.33365181	
326.33262028	
326.33158187	
326.33091692	
326.33006791	
326.32904360	
326.32868926	
326.32847701	
326.32775973	
326.32656465	
326.32587853	
326.32549925	
326.32449167	
326.32393030	
326.32341264	
326.32226030	
326.32121920	
326.32017277	
326.31942583	
326.31879204	
326.31823525	
326.31798136	
326.31737011	
326.31669003	
326.31659986	
326.31644855	
326.31583731	
326.31565380	
326.31485563	
326.31366737	
326.31320981	
326.31281303	
326.31186169	
326.31123091	
326.31108564	
326.31025405	
326.30989570	
326.30912839	
326.30830106	
326.30774791	
326.30681646	
326.30585756	
326.30475706	
326.30445264	
326.30382838	
326.30288919	
326.30220086	
326.30162143	
326.30143975	
326.30116273	
326.30032456	
326.29935314	
326.29843137	
326.29797881	
326.29751257	
326.29684916	
326.29656178	
326.29559698	
326.29474260	
326.29434927	
326.29414126	
326.29385975	
326.29320116	
326.29231271	
326.29143693	
326.29112646	
326.29039285	
326.29001447	
326.28983890	
326.28914099	
326.28866746	
326.28806418	
326.28791543	
326.28701850	
326.28599328	
326.28520623	
326.28472514	
326.28476403	
326.28433765	
326.28413865	
326.28337729	
326.28292874	
326.28213473	
326.28119608	
326.28051217	
326.27925249	
326.27858050	
326.27838322	
326.27790221	
326.27729448	
326.27716640	
326.27632097	
326.27570563	
326.27489087	
326.27434291	
326.27360118	
326.27258117	
326.27248176	
326.27171762	
326.27065326	
326.26970158	
326.26870871	
326.26774549	
326.26735397	
326.26703466	
326.26604469	
326.26488709	
326.26417766	
326.26372783	
326.26276291	
326.26194432	
326.26186710	
326.26104113	
326.26025612	
326.26004574	
326.25952588	
326.25890973	
326.25802762	
326.25703087	
326.25667329	
326.25627231	
326.25523508	
326.25439135	
326.25387875	
326.25309727	
326.25195508	
326.25160576	
326.25121973	
326.25068165	
326.24976780	
326.24898930	
326.24838749	
326.24734485	
326.24681282	
326.24647774	
326.24550416	
326.24488296	
326.24464060	
326.24436904	
326.24359929	
326.24265765	
326.24236496	
326.24214016	
326.24142223	
326.24058601	
326.23968784	
326.23903771	
326.23913510	
326.23890771	
326.23856199	
326.23795403	
326.23766420	
326.23678239	
326.23610785	
326.23570878	
326.23538920	
326.23546400	
326.23511916	
326.23500281	
326.23408947	
326.23323915	
326.23291332	
326.23194571	
326.23158734	
326.23153970	
326.23122559	
326.23090481	
326.23035622	
326.22936624	
326.22831318	
326.22736896	
326.22672078	
326.22577393	
326.22474101	
326.22423983	
326.22339348	
326.22306401	
326.22295544	
326.22262148	
326.22251498	
326.22230466	
326.22139616	
326.22066498	
326.22043676	
326.21954085	
326.21839778	
326.21732713	
326.21691780	
326.21645193	
326.21622830	
326.21592324	
326.21512187	
326.21499622	
326.21497428	
326.21492821	
326.21459641	
326.21439996	
326.21379656	
326.21324472	
326.21305501	
326.21282860	
326.21195460	
326.21125823	
326.21118651	
326.21098796	
326.21089524	
326.21066612	
326.20973014	
326.20934874	
326.20873895	
326.20807095	
326.20749188	
326.20633570	
326.20621412	
326.20566073	
326.20528152	
326.20506838	
326.20434185	
326.20339980	
326.20298850	
326.20278705	
326.20187032	
326.20100432	
326.20063451	
326.19974315	
326.19895373	
326.19845117	
326.19796794	
326.19727241	
326.19641520	
326.19587252	
326.19523613	
326.19518310	
326.19510420	
326.19489638	
326.19480492	
326.19455718	
326.19366080	
326.19298352	
326.19276941	
326.19197986	
326.19127388	
326.19109384	
326.19075844	
326.18986937	
326.18957013	
326.18933056	
326.18849255	
326.18808331	
326.18768286	
326.18724233	
326.18639123	
326.18545450	
326.18453565	
326.18428343	
326.18378358	
326.18345738	
326.18315486	
326.18267823	
326.18232093	
326.18147365	
326.18094446	
326.17987756	
326.17945945	
326.17885756	
326.17774535	
326.17674136	
326.17596123	
326.17572078	
326.17486093	
326.17417119	
326.17411288	
326.17339781	
326.17229317	
326.17139131	
326.17094526	
326.17046136	
326.16975333	
326.16939807	
326.16933834	
326.16920148	
326.16893708	
326.16806058	
326.16776232	
326.16791160	
326.16701712	
326.16644016	
326.16624364	
326.16573731	
326.16501662	
326.16478781	
326.16424012	
326.16324718	
326.16288986	
326.16246157	
326.16222871	
326.16184144	
326.16099989	
326.16006306	
326.15966956	
326.15932016	
326.15870552	
326.15854703	
326.15781153	
326.15697829	
326.15636308	
326.15568699	
326.15517968	
326.15432000	
326.15353617	
326.15283420	
326.15241143	
326.15234428	
326.15224073	
326.15200046	
326.15193904	
326.15118562	
326.15017292	
326.14942425	
326.14830107	
326.14768869	
326.14725527	
326.14635493	
326.14570444	
326.14566161	
326.14548616	
326.14478000	
326.14404064	
326.14339504	
326.14325398	
326.14295940	
326.14206018	
326.14108043	
326.14038891	
326.14009691	
326.13983913	
326.13958758	
326.13949152	
326.13937780	
326.13864756	
326.13822243	
326.13750503	
326.13663123	
326.13644524	
326.13590713	
326.13497067	
326.13418215	
326.13406582	
326.13357736	
326.13321689	
326.13252772	
326.13154803	
326.13119639	
326.13078138	
326.13047519	
326.13034743	
326.12969961	
326.12942396	
326.12927994	
326.12839594	
326.12770055	
326.12744174	
326.12706326	
326.12675685	
326.12656483	
326.12619891	
326.12563518	
326.12538728	
326.12508150	
326.12416879	
326.12341659	
326.12311778	
326.12310911	
326.12298893	
326.12279592	
326.12255040	
326.12258396	
326.12225678	
326.12159283	
326.12075929	
326.12050375	
326.12050578	
326.12022935	
326.11931926	
326.11851283	
326.11772186	
326.11676888	
326.11610514	
326.11517208	
326.11500162	
326.11432938	
326.11374546	
326.11375795	
326.11326176	
326.11301848	
326.11245629	
326.11153577	
326.11100434	
326.11037899	
326.10955359	
326.10928796	
326.10918299	
326.10860073	
326.10827800	
326.10833598	
326.10743008	
326.10684375	
326.10653446	
326.10629091	
326.10599219	
326.10585386	
326.10510848	
326.10474387	
326.10503518	
326.10451219	
326.10363236	
326.10285499	
326.10247952	
326.10171733	
326.10091017	
326.09999309	
326.09989875	
326.09968777	
326.09865565	
326.09787539	
326.09760391	
326.09748286	
326.09698457	
326.09666619	
326.09644436	
326.09573936	
326.09538238	
326.09499626	
326.09416694	
326.09361331	
326.09312091	
326.09276345	
326.09237170	
326.09175283	
326.09081601	
326.09020799	
326.08934349	
326.08822361	
326.08750256	
326.08713820	
326.08633520	
326.08555645	
326.08497307	
326.08398684	
326.08337920	
326.08332678	
326.08334974	
326.08252814	
326.08232057	
326.08241879	
326.08154795	
326.08045482	
326.07954411	
326.07930290	
326.07885676	
326.07778546	
326.07717074	
326.07630581	
326.07558071	
326.07525512	
326.07431140	
326.07368439	
326.07295377	
326.07190235	
326.07094032	
326.07035406	
326.07019468	
326.06936744	
326.06858292	
326.06768887	
326.06725398	
326.06684108	
326.06642447	
326.06584261	
326.06475388	
326.06464338	
326.06413327	
326.06309011	
326.06238303	
326.06183799	
326.06089343	
326.05988897	
326.05972844	
326.05902813	
326.05830581	
326.05805110	
326.05734995	
326.05642804	
326.05595351	
326.05575794	
326.05554545	
326.05550815	
326.05541248	
326.05456759	
326.05407243	
326.05403100	
326.05352967	
326.05328844	
326.05253886	
326.05230190	
326.05217014	
326.05119548	
326.05101215	
326.05092888	
326.05000306	
326.04986561	
326.04917531	
326.04877505	
326.04814059	
326.04768623	
326.04755231	
326.04704256	
326.04649680	
326.04570423	
326.04547122	
326.04518865	
326.04482991	
326.04434372	
326.04364088	
326.04275992	
326.04245817	
326.04168384	
326.04122732	
326.04127708	
326.04072643	
326.03995260	
326.03985709	
326.03951148	
326.03916638	
326.03894806	
326.03830953	
326.03807851	
326.03753460	
326.03731793	
326.03668032	
326.03625073	
326.03630121	
326.03608307	
326.03536894	
326.03441132	
326.03361505	
326.03303948	
326.03313658	
326.03229776	
326.03192719	
326.03141873	
326.03110074	
326.03130025	
326.03126411	
326.03134562	
326.03100003	
326.03049227	
326.02984609	
326.02970126	
326.02978280	
326.02929101	
326.02849287	
326.02763584	
326.02688263	
326.02651871	
326.02636658	
326.02572230	
326.02517542	
326.02499802	
326.02472859	
326.02471150	
326.02434192	
326.02349868	
326.02339982	
326.02289012	
326.02201941	
326.02120273	
326.02028573	
326.02018922	
326.01943773	
326.01927237	
326.01931606	
326.01832574	
326.01786731	
326.01744803	
326.01725053	
326.01668839	
326.01575156	
326.01558632	
326.01495605	
326.01402938	
326.01308499	
326.01278997	
326.01221888	
326.01120757	
326.01046448	
326.01020030	
326.00981500	
326.00936206	
326.00875679	
326.00814617	
326.00747292	
326.00650849	
326.00653092	
326.00638263	
326.00579827	
326.00542848	
326.00476258	
326.00388253	
326.00318593	
326.00216429	
326.00136358	
326.00077975	
326.00034447	
325.99994647	
325.99981846	
325.99919554	
325.99895329	
325.99832687	
325.99723628	
325.99733163	
325.99672904	
325.99628717	
325.99593599	
325.99541477	
325.99550087	
325.99520392	
325.99479320	
325.99420583	
325.99383644	
325.99324164	
325.99308594	
325.99258769	
325.99219434	
325.99218074	
325.99204026	
325.99221927	
325.99137078	
325.99110100	
325.99072613	
325.99031263	
325.99028325	
325.98953493	
325.98872292	
325.98836311	
325.98760564	
325.98704118	
325.98628702	
325.98597851	
325.98535750	
325.98455032	
325.98431173	
325.98333218	
325.98314928	
325.98251869	
325.98145595	
325.98142752	
325.98097364	
325.98011731	
325.97960257	
325.97914150	
325.97872028	
325.97801726	
325.97711221	
325.97622099	
325.97564591	
325.97523164	
325.97445678	
325.97376389	
325.97295522	
325.97230030	
325.97148292	
325.97047898	
325.97028499	
325.96945408	
325.96917740	
325.96886024	
325.96776500	
325.96688620	
325.96673099	
325.96612408	
325.96511147	
325.96443214	
325.96343943	
325.96301017	
325.96214456	
325.96158197	
325.96081623	
325.95986759	
325.95912280	
325.95867168	
325.95821682	
325.95753258	
325.95676868	
325.95600274	
325.95593277	
325.95509386	
325.95422102	
325.95422316	
325.95404670	
325.95338427	
325.95291075	
325.95260941	
325.95197605	
325.95125371	
325.95117517	
325.95124464	
325.95104770	
325.95093055	
325.95037966	
325.94958286	
325.94909109	
325.94852083	
325.94789041	
325.94744984	
325.94708789	
325.94633526	
325.94572408	
325.94567773	
325.94559031	
325.94515744	
325.94436025	
325.94433289	
325.94433780	
325.94364432	
325.94296186	
325.94221084	
325.94198622	
325.94151615	
325.94121663	
325.94101209	
325.94046275	
325.93984558	
325.93903267	
325.93850674	
325.93831007	
325.93816518	
325.93736125	
325.93704489	
325.93636462	
325.93557887	
325.93532762	
325.93468495	
325.93463433	
325.93396464	
325.93328849	
325.93306513	
325.93234789	
325.93163544	
325.93077683	
325.93006825	
325.92917432	
325.92880901	
325.92840119	
325.92744666	
325.92734865	
325.92745620	
325.92697362	
325.92674283	
325.92680686	
325.92635480	
325.92592652	
325.92582109	
325.92538056	
325.92458413	
325.92418493	
325.92349683	
325.92275037	
325.92270722	
325.92216895	
325.92141390	
325.92056160	
325.91962085	
325.91952169	
325.91958992	
325.91948451	
325.91930883	
325.91897939	
325.91814225	
325.91745390	
325.91704532	
325.91673783	
325.91619493	
325.91585886	
325.91602818	
325.91569148	
325.91524753	
325.91500845	
325.91459078	
325.91394054	
325.91305559	
325.91229844	
325.91203432	
325.91122066	
325.91080506	
325.91007443	
325.90939231	
325.90910394	
325.90837822	
325.90756733	
325.90667336	
325.90608838	
325.90592796	
325.90564248	
325.90499721	
325.90493401	
325.90457990	
325.90450456	
325.90413821	
325.90376096	
325.90334731	
325.90308812	
325.90326259	
325.90259439	
325.90195517	
325.90119857	
325.90115798	
325.90116860	
325.90044405	
325.90046748	
325.90013765	
325.89955024	
325.89893641	
325.89836524	
325.89769210	
325.89747584	
325.89767601	
325.89731218	
325.89741179	
325.89686745	
325.89629151	
325.89587489	
325.89578537	
325.89526594	
325.89445857	
325.89375787	
325.89348025	
325.89351682	
325.89334992	
325.89307470	
325.89228207	
325.89234333	
325.89193724	
325.89130604	
325.89142660	
325.89120395	
325.89037808	
325.89024874	
325.89011397	
325.88990414	
325.88939554	
325.88861025	
325.88852793	
325.88843151	
325.88819945	
325.88753411	
325.88751636	
325.88749304	
325.88721790	
325.88678179	
325.88647870	
325.88666328	
325.88621273	
325.88531101	
325.88463692	
325.88457512	
325.88419726	
325.88351126	
325.88332128	
325.88266954	
325.88255583	
325.88264647	
325.88204859	
325.88167514	
325.88155270	
325.88138208	
325.88107542	
325.88106895	
325.88070473	
325.88049320	
325.88009656	
325.87991503	
325.88001488	
325.87913548	
325.87894999	
325.87899475	
325.87879121	
325.87857080	
325.87785107	
325.87695943	
325.87615434	
325.87538668	
325.87481292	
325.87399318	
325.87295340	
325.87296022	
325.87272129	
325.87203540	
325.87155145	
325.87095211	
325.87061166	
325.87018541	
325.87013218	
325.86986798	
325.86962651	
325.86931278	
325.86833964	
325.86811829	
325.86751132	
325.86720048	
325.86693852	
325.86671324	
325.86698181	
325.86692383	
325.86634945	
325.86550671	
325.86515024	
325.86458568	
325.86400614	
325.86382368	
325.86380479	
325.86354498	
325.86267853	
325.86225716	
325.86158097	
325.86087908	
325.86055911	
325.85992851	
325.85951530	
325.85921704	
325.85860678	
325.85777366	
325.85728456	
325.85663178	
325.85659927	
325.85642972	
325.85575608	
325.85570995	
325.85500602	
325.85470010	
325.85434642	
325.85385956	
325.85332021	
325.85272820	
325.85281925	
325.85274076	
325.85211730	
325.85177374	
325.85198525	
325.85116077	
325.85036365	
325.84982630	
325.84941722	
325.84863952	
325.84801643	
325.84755446	
325.84752491	
325.84762470	
325.84749157	
325.84758962	
325.84681971	
325.84667815	
325.84642877	
325.84603164	
325.84585826	
325.84582610	
325.84557895	
325.84476568	
325.84461643	
325.84387252	
325.84326679	
325.84321060	
325.84242810	
325.84166863	
325.84169064	
325.84147448	
325.84082533	
325.84084209	
325.84015691	
325.83937892	
325.83919763	
325.83829093	
325.83758639	
325.83701154	
325.83618172	
325.83538182	
325.83487541	
325.83447330	
325.83365629	
325.83274036	
325.83244256	
325.83184054	
325.83108491	
325.83044479	
325.82975650	
325.82923515	
325.82908583	
325.82874379	
325.82863830	
325.82803566	
325.82754591	
325.82723102	
325.82664107	
325.82609279	
325.82506295	
325.82514001	
325.82462514	
325.82434734	
325.82436828	
325.82368439	
325.82372832	
325.82348996	
325.82304335	
325.82303280	
325.82290013	
325.82276709	
325.82213317	
325.82175297	
325.82163322	
325.82079626	
325.82030409	
325.82044314	
325.82007074	
325.81957529	
325.81947647	
325.81929152	
325.81921216	
325.81894111	
325.81841772	
325.81838420	
325.81781048	
325.81746827	
325.81761721	
325.81749293	
325.81698235	
325.81640607	
325.81578655	
325.81536564	
325.81529443	
325.81491590	
325.81427900	
325.81422833	
325.81426999	
325.81365009	
325.81300632	
325.81252931	
325.81251424	
325.81173269	
325.81100473	
325.81048041	
325.80982531	
325.80988776	
325.81003665	
325.80976221	
325.80967407	
325.80903431	
325.80808192	
325.80767855	
325.80720944	
325.80671744	
325.80668738	
325.80626195	
325.80621465	
325.80602727	
325.80557242	
325.80572270	
325.80505949	
325.80493708	
325.80492867	
325.80463661	
325.80391384	
325.80314677	
325.80319895	
325.80266292	
325.80223874	
325.80150278	
325.80074162	
325.80078942	
325.80089892	
325.80110243	
325.80121824	
325.80134347	
325.80096746	
325.80070287	
325.80026771	
325.79979667	
325.79973978	
325.79960652	
325.79972338	
325.79974555	
325.79933341	
325.79923401	
325.79880680	
325.79789995	
325.79747737	
325.79703644	
325.79661289	
325.79657826	
325.79645508	
325.79592953	
325.79542730	
325.79547121	
325.79506557	
325.79487484	
325.79498261	
325.79435708	
325.79416805	
325.79362434	
325.79280393	
325.79284208	
325.79292890	
325.79259000	
325.79212153	
325.79161751	
325.79125401	
325.79107605	
325.79043898	
325.78953066	
325.78880025	
325.78816648	
325.78796430	
325.78807656	
325.78796884	
325.78764647	
325.78780997	
325.78736099	
325.78702855	
325.78676324	
325.78639951	
325.78580923	
325.78521807	
325.78521440	
325.78471804	
325.78386328	
325.78335868	
325.78292302	
325.78267087	
325.78236107	
325.78210537	
325.78205290	
325.78143482	
325.78112057	
325.78041572	
325.78037153	
325.78067502	
325.78038803	
325.78040151	
325.77973317	
325.77897139	
325.77909014	
325.77862998	
325.77768887	
325.77745650	
325.77680818	
325.77643823	
325.77582278	
325.77556718	
325.77525234	
325.77422332	
325.77371776	
325.77316860	
325.77241630	
325.77173017	
325.77141715	
325.77075993	
325.77064388	
325.77082983	
325.77007281	
325.76967710	
325.76975637	
325.76900558	
325.76860767	
325.76861613	
325.76871568	
325.76874494	
325.76876264	
325.76876065	
325.76834515	
325.76779323	
325.76772470	
325.76790382	
325.76747119	
325.76696873	
325.76658360	
325.76594793	
325.76562250	
325.76552465	
325.76520393	
325.76450146	
325.76357636	
325.76278483	
325.76210084	
325.76206293	
325.76143795	
325.76076633	
325.76097429	
325.76106721	
325.76114886	
325.76131154	
325.76119487	
325.76053013	
325.76036520	
325.76042733	
325.75976967	
325.75884933	
325.75876203	
325.75893805	
325.75817844	
325.75806604	
325.75826266	
325.75787723	
325.75769510	
325.75759664	
325.75696896	
325.75605067	
325.75546495	
325.75508260	
325.75500129	
325.75472777	
325.75391416	
325.75333030	
325.75274519	
325.75219213	
325.75213086	
325.75137984	
325.75099011	
325.75089346	
325.75023548	
325.75007350	
325.74956272	
325.74879127	
325.74800501	
325.74706675	
325.74687692	
325.74660228	
325.74606607	
325.74607604	
325.74596196	
325.74571514	
325.74557795	
325.74512395	
325.74499633	
325.74488667	
325.74401903	
325.74382817	
325.74375969	
325.74367009	
325.74364998	
325.74331022	
325.74342885	
325.74333359	
325.74293423	
325.74273295	
325.74279011	
325.74279305	
325.74257196	
325.74255148	
325.74210006	
325.74152095	
325.74105145	
325.74055441	
325.74029790	
325.73976085	
325.73937312	
325.73920039	
325.73937381	
325.73912465	
325.73908001	
325.73895700	
325.73810987	
325.73765491	
325.73689255	
325.73596971	
325.73535960	
325.73499622	
325.73439081	
325.73399712	
325.73382214	
325.73353105	
325.73360802	
325.73327542	
325.73283203	
325.73235100	
325.73173444	
325.73132373	
325.73102821	
325.73043830	
325.73024980	
325.72973081	
325.72911987	
325.72851986	
325.72816738	
325.72785053	
325.72762269	
325.72727975	
325.72663699	
325.72647046	
325.72556854	
325.72538355	
325.72496762	
325.72460547	
325.72458978	
325.72448149	
325.72471392	
325.72463074	
325.72418440	
325.72400646	
325.72357965	
325.72349536	
325.72334299	
325.72257740	
325.72234064	
325.72244182	
325.72258382	
325.72203114	
325.72113211	
325.72072384	
325.72045426	
325.72033224	
325.72028280	
325.72006829	
325.72004907	
325.71971175	
325.71981058	
325.71994133	
325.71988995	
325.72009890	
325.72000055	
325.72013650	
325.71963353	
325.71864774	
325.71846266	
325.71804389	
325.71731033	
325.71689929	
325.71637731	
325.71555128	
325.71472435	
325.71428050	
325.71360290	
325.71276872	
325.71207729	
325.71200154	
325.71202153	
325.71205266	
325.71190703	
325.71190137	
325.71201946	
325.71132310	
325.71076364	
325.71066257	
325.71078188	
325.71005556	
325.70980284	
325.70923303	
325.70847724	
325.70870418	
325.70859045	
325.70840814	
325.70787538	
325.70721045	
325.70733016	
325.70720734	
325.70653128	
325.70665655	
325.70616301	
325.70534232	
325.70493011	
325.70469863	
325.70456397	
325.70419118	
325.70371462	
325.70365773	
325.70315260	
325.70284390	
325.70263363	
325.70173192	
325.70179891	
325.70167659	
325.70119881	
325.70051701	
325.69979069	
325.69958164	
325.69903454	
325.69893458	
325.69840992	
325.69829838	
325.69860158	
325.69778466	
325.69702664	
325.69674463	
325.69653969	
325.69615532	
325.69629749	
325.69584443	
325.69564113	
325.69550431	
325.69506129	
325.69445766	
325.69408440	
325.69356172	
325.69344266	
325.69331863	
325.69254817	
325.69206808	
325.69147429	
325.69105703	
325.69029547	
325.68948544	
325.68913732	
325.68926754	
325.68926094	
325.68884139	
325.68887622	
325.68916173	
325.68926356	
325.68914838	
325.68863387	
325.68799153	
325.68722510	
325.68650667	
325.68592271	
325.68561739	
325.68579383	
325.68597262	
325.68567556	
325.68565836	
325.68581463	
325.68521350	
325.68497094	
325.68466475	
325.68459291	
325.68480108	
325.68426734	
325.68374680	
325.68305399	
325.68294526	
325.68258630	
325.68186772	
325.68171361	
325.68129503	
325.68043721	
325.67985968	
325.67934352	
325.67885194	
325.67879538	
325.67848987	
325.67802437	
325.67779580	
325.67725995	
325.67641518	
325.67642350	
325.67602013	
325.67510082	
325.67518090	
325.67514094	
325.67455092	
325.67397176	
325.67362692	
325.67376623	
325.67370430	
325.67369597	
325.67322556	
325.67255422	
325.67280801	
325.67305470	
325.67329397	
325.67356145	
325.67320146	
325.67237123	
325.67162596	
325.67079466	
325.67025266	
325.67029047	
325.67057398	
325.67013940	
325.66932225	
325.66891872	
325.66816622	
325.66761964	
325.66701390	
325.66651672	
325.66654411	
325.66627685	
325.66637040	
325.66646061	
325.66622009	
325.66608963	
325.66584095	
325.66588175	
325.66540146	
325.66461078	
325.66477826	
325.66460766	
325.66383120	
325.66321306	
325.66332636	
325.66277396	
325.66263246	
325.66263501	
325.66189487	
325.66136311	
325.66128911	
325.66128488	
325.66079073	
325.66069615	
325.66057337	
325.66060223	
325.66064353	
325.66023397	
325.66010797	
325.66037037	
325.65999635	
325.65989985	
325.65930811	
325.65838805	
325.65790299	
325.65720482	
325.65687349	
325.65656757	
325.65622496	
325.65632723	
325.65611049	
325.65577735	
325.65573369	
325.65565251	
325.65565493	
325.65520393	
325.65514266	
325.65535744	
325.65484556	
325.65417541	
325.65357641	
325.65350602	
325.65342680	
325.65344611	
325.65357867	
325.65289015	
325.65267882	
325.65275214	
325.65205395	
325.65147611	
325.65153649	
325.65115163	
325.65066382	
325.65087193	
325.65060271	
325.65027393	
325.65026329	
325.65015637	
325.65024804	
325.65031673	
325.65038794	
325.64969394	
325.64927249	
325.64941991	
325.64927763	
325.64871211	
325.64864691	
325.64852939	
325.64819907	
325.64822739	
325.64812627	
325.64786733	
325.64736056	
325.64710124	
325.64672271	
325.64674499	
325.64662751	
325.64662403	
325.64619514	
325.64590042	
325.64547611	
325.64522490	
325.64532113	
325.64449672	
325.64394655	
325.64390117	
325.64415126	
325.64404764	
325.64330261	
325.64256849	
325.64261655	
325.64263247	
325.64199006	
325.64195333	
325.64180310	
325.64127350	
325.64080345	
325.64080677	
325.64076694	
325.64068162	
325.64045269	
325.64024562	
325.64050016	
325.63992149	
325.63934081	
325.63898718	
325.63898441	
325.63884606	
325.63885434	
325.63878915	
325.63880206	
325.63829443	
325.63774778	
325.63774735	
325.63757844	
325.63698602	
325.63684323	
325.63641381	
325.63575324	
325.63586402	
325.63554384	
325.63490680	
325.63494831	
325.63485589	
325.63480801	
325.63451962	
325.63405954	
325.63416919	
325.63343139	
325.63332816	
325.63338939	
325.63265877	
325.63252538	
325.63247533	
325.63219974	
325.63204194	
325.63197936	
325.63172743	
325.63099377	
325.63070843	
325.63052116	
325.62980766	
325.62900573	
325.62834148	
325.62840184	
325.62818279	
325.62783627	
325.62771373	
325.62772228	
325.62790125	
325.62730043	
325.62667963	
325.62655295	
325.62631650	
325.62624143	
325.62625003	
325.62600439	
325.62609434	
325.62559749	
325.62546229	
325.62520709	
325.62514485	
325.62529639	
325.62524838	
325.62534884	
325.62492800	
325.62492254	
325.62519403	
325.62480643	
325.62443093	
325.62395730	
325.62348491	
325.62337317	
325.62354394	
325.62386021	
325.62386397	
325.62407022	
325.62423546	
325.62386997	
325.62368638	
325.62325947	
325.62296231	
325.62281673	
325.62196755	
325.62188482	
325.62185132	
325.62115187	
325.62040099	
325.62003860	
325.61968695	
325.61908157	
325.61874145	
325.61851885	
325.61778226	
325.61778270	
325.61747522	
325.61726903	
325.61743051	
325.61733746	
325.61770106	
325.61750902	
325.61732584	
325.61734921	
325.61698632	
325.61677851	
325.61636619	
325.61548119	
325.61543601	
325.61489882	
325.61465728	
325.61489082	
325.61448048	
325.61405882	
325.61396620	
325.61413899	
325.61349870	
325.61266871	
325.61256887	
325.61263973	
325.61193638	
325.61174584	
325.61194304	
325.61123528	
325.61084060	
325.61068032	
325.61035460	
325.61054624	
325.61047924	
325.61030123	
325.61047392	
325.61046454	
325.61049663	
325.61047533	
325.61062806	
325.61080391	
325.61053088	
325.61022434	
325.61004288	
325.61003801	
325.61003308	
325.60988004	
325.60918615	
325.60840885	
325.60823769	
325.60832120	
325.60857332	
325.60865121	
325.60882907	
325.60870186	
325.60812989	
325.60816739	
325.60831732	
325.60815271	
325.60822461	
325.60757485	
325.60679065	
325.60681170	
325.60614468	
325.60572605	
325.60557041	
325.60543894	
325.60521392	
325.60457380	
325.60416167	
325.60365813	
325.60315570	
325.60289596	
325.60257332	
325.60238467	
325.60256401	
325.60200999	
325.60189610	
325.60136377	
325.60058120	
325.60063657	
325.60038883	
325.59978752	
325.59917644	
325.59871604	
325.59884567	
325.59864868	
325.59805448	
325.59794703	
325.59731828	
325.59648934	
325.59604030	
325.59610811	
325.59623336	
325.59639184	
325.59578563	
325.59533182	
325.59556242	
325.59524338	
325.59523577	
325.59533188	
325.59504971	
325.59463211	
325.59389846	
325.59325939	
325.59341653	
325.59343831	
325.59359033	
325.59383985	
325.59331222	
325.59273742	
325.59250844	
325.59272692	
325.59279214	
325.59260556	
325.59257948	
325.59198000	
325.59146488	
325.59104575	
325.59073808	
325.59045401	
325.58961696	
325.58972887	
325.58955739	
325.58866149	
325.58820460	
325.58755332	
325.58706449	
325.58729130	
325.58753820	
325.58684599	
325.58650977	
325.58618100	
325.58596237	
325.58559950	
325.58474101	
325.58430949	
325.58376402	
325.58380280	
325.58402604	
325.58346159	
325.58341248	
325.58352004	
325.58326430	
325.58307577	
325.58228519	
325.58183686	
325.58147456	
325.58118160	
325.58065171	
325.58003605	
325.57946845	
325.57924031	
325.57936088	
325.57886591	
325.57877832	
325.57884885	
325.57864340	
325.57884221	
325.57868109	
325.57790742	
325.57714620	
325.57696394	
325.57673842	
325.57632897	
325.57609522	
325.57588103	
325.57606505	
325.57574914	
325.57570002	
325.57562149	
325.57525417	
325.57460061	
325.57402157	
325.57431949	
325.57419189	
325.57344469	
325.57310681	
325.57319553	
325.57273418	
325.57251256	
325.57279875	
325.57303827	
325.57305110	
325.57253995	
325.57250976	
325.57260519	
325.57223072	
325.57221181	
325.57156995	
325.57098414	
325.57056736	
325.56982930	
325.56915947	
325.56881705	
325.56892269	
325.56885978	
325.56891879	
325.56898499	
325.56860434	
325.56795439	
325.56740033	
325.56746804	
325.56767966	
325.56703488	
325.56635940	
325.56598176	
325.56529763	
325.56500165	
325.56500027	
325.56491743	
325.56479780	
325.56406989	
325.56353255	
325.56291350	
325.56244643	
325.56262963	
325.56207920	
325.56203209	
325.56195241	
325.56155657	
325.56100348	
325.56074367	
325.56038949	
325.56010686	
325.55963348	
325.55915527	
325.55901031	
325.55893845	
325.55906674	
325.55846089	
325.55861109	
325.55864820	
325.55838769	
325.55775480	
325.55769581	
325.55782241	
325.55753534	
325.55730178	
325.55694728	
325.55642319	
325.55560762	
325.55497540	
325.55456686	
325.55391503	
325.55361513	
325.55303326	
325.55220693	
325.55207369	
325.55205305	
325.55179406	
325.55175807	
325.55138049	
325.55120585	
325.55146953	
325.55092144	
325.55061315	
325.55005043	
325.54993188	
325.55015144	
325.55017872	
325.55016756	
325.54953720	
325.54930052	
325.54958435	
325.54978202	
325.54923593	
325.54894783	
325.54904453	
325.54869793	
325.54811056	
325.54767960	
325.54711147	
325.54681526	
325.54630940	
325.54624118	
325.54651936	
325.54643211	
325.54632813	
325.54553788	
325.54526280	
325.54464585	
325.54445459	
325.54448591	
325.54417397	
325.54361857	
325.54345194	
325.54389365	
325.54341979	
325.54264605	
325.54270799	
325.54292917	
325.54285271	
325.54248420	
325.54235983	
325.54275720	
325.54230534	
325.54230345	
325.54265528	
325.54216195	
325.54208239	
325.54212072	
325.54216638	
325.54187551	
325.54169873	
325.54177144	
325.54113547	
325.54071987	
325.54063009	
325.54071278	
325.54054942	
325.54075519	
325.54025359	
325.53998961	
325.53978024	
325.53963411	
325.54010709	
325.53998213	
325.53955807	
325.53917314	
325.53945768	
325.53941504	
325.53934628	
325.53876703	
325.53837443	
325.53859767	
325.53879285	
325.53833140	
325.53826554	
325.53812613	
325.53745445	
325.53756784	
325.53698902	
325.53684617	
325.53664866	
325.53662265	
325.53674500	
325.53649226	
325.53601607	
325.53604579	
325.53573714	
325.53492582	
325.53498852	
325.53454824	
325.53431406	
325.53442059	
325.53399709	
325.53389215	
325.53384548	
325.53395006	
325.53358847	
325.53294274	
325.53307626	
325.53236468	
325.53224568	
325.53209848	
325.53211121	
325.53196972	
325.53188383	
325.53204909	
325.53166762	
325.53136321	
325.53148012	
325.53138204	
325.53110694	
325.53068121	
325.53053691	
325.53065584	
325.53025800	
325.52994877	
325.52964949	
325.52904734	
325.52820243	
325.52801337	
325.52816598	
325.52838671	
325.52839240	
325.52814123	
325.52820862	
325.52809467	
325.52821165	
325.52796596	
325.52788799	
325.52811065	
325.52816355	
325.52829548	
325.52816553	
325.52810273	
325.52747059	
325.52726106	
325.52683462	
325.52660191	
325.52670395	
325.52624635	
325.52608118	
325.52571972	
325.52578923	
325.52614988	
325.52627909	
325.52598384	
325.52526149	
325.52539145	
325.52567665	
325.52578126	
325.52526423	
325.52528481	
325.52525269	
325.52439317	
325.52392465	
325.52332687	
325.52277239	
325.52215353	
325.52205114	
325.52198006	
325.52150870	
325.52093317	
325.52100964	
325.52075731	
325.52071085	
325.52060606	
325.51981345	
325.51932521	
325.51847574	
325.51846152	
325.51830818	
325.51826852	
325.51849821	
325.51834255	
325.51790166	
325.51796948	
325.51802372	
325.51754574	
325.51756022	
325.51745977	
325.51736119	
325.51729757	
325.51713922	
325.51679190	
325.51614443	
325.51608144	
325.51574123	
325.51560457	
325.51547448	
325.51550990	
325.51588130	
325.51565801	
325.51564885	
325.51580476	
325.51560617	
325.51553350	
325.51576699	
325.51561506	
325.51548109	
325.51519981	
325.51511143	
325.51473545	
325.51457590	
325.51482326	
325.51504630	
325.51501556	
325.51463121	
325.51484495	
325.51452455	
325.51440647	
325.51421895	
325.51340075	
325.51272605	
325.51269954	
325.51247929	
325.51213154	
325.51162809	
325.51114534	
325.51123386	
325.51081201	
325.51029207	
325.50968588	
325.50897149	
325.50908060	
325.50908634	
325.50885566	
325.50837847	
325.50793177	
325.50798191	
325.50739362	
325.50720073	
325.50710230	
325.50642614	
325.50637776	
325.50648953	
325.50629996	
325.50611450	
325.50577491	
325.50510344	
325.50460695	
325.50475861	
325.50412641	
325.50357253	
325.50320291	
325.50271313	
325.50288784	
325.50314739	
325.50265123	
325.50252747	
325.50223431	
325.50208308	
325.50186245	
325.50141281	
325.50099209	
325.50067576	
325.50028845	
325.50014488	
325.50039927	
325.50039695	
325.49992995	
325.49942446	
325.49897976	
325.49814577	
325.49795937	
325.49759875	
325.49755928	
325.49752965	
325.49742825	
325.49729793	
325.49713399	
325.49664147	
325.49638143	
325.49615600	
325.49548171	
325.49494490	
325.49456652	
325.49447857	
325.49398001	
325.49369926	
325.49351172	
325.49290789	
325.49267453	
325.49203423	
325.49131086	
325.49156741	
325.49111196	
325.49081063	
325.49049183	
325.48966270	
325.48980460	
325.48994558	
325.48948569	
325.48914166	
325.48871466	
325.48856218	
325.48893686	
325.48858440	
325.48850302	
325.48800418	
325.48775878	
325.48765004	
325.48703797	
325.48713224	
325.48702808	
325.48689800	
325.48690946	
325.48679259	
325.48701597	
325.48732417	
325.48684556	
325.48621201	
325.48598500	
325.48597577	
325.48574372	
325.48586445	
325.48627836	
325.48589229	
325.48550118	
325.48558949	
325.48501933	
325.48427912	
325.48393759	
325.48329439	
325.48263213	
325.48245497	
325.48233988	
325.48217422	
325.48194265	
325.48206810	
325.48174337	
325.48146583	
325.48180146	
325.48118334	
325.48120022	
325.48102609	
325.48022278	
325.48007420	
325.48008019	
325.47969621	
325.47952031	
325.47907501	
325.47855491	
325.47828761	
325.47773726	
325.47710912	
325.47675637	
325.47635336	
325.47636559	
325.47680506	
325.47654480	
325.47618341	
325.47589099	
325.47541082	
325.47470135	
325.47416360	
325.47360095	
325.47353593	
325.47300749	
325.47269401	
325.47238304	
325.47209698	
325.47253589	
325.47203876	
325.47169731	
325.47167427	
325.47172083	
325.47206155	
325.47222630	
325.47223754	
325.47236490	
325.47199207	
325.47169639	
325.47125887	
325.47067171	
325.47023846	
325.46978304	
325.46957728	
325.46967915	
325.46986926	
325.46956743	
325.46923347	
325.46912837	
325.46883420	
325.46890598	
325.46927660	
325.46901106	
325.46892094	
325.46837121	
325.46811146	
325.46835587	
325.46798698	
325.46757317	
325.46723881	
325.46694403	
325.46680194	
325.46631951	
325.46634351	
325.46624779	
325.46590810	
325.46541339	
325.46528752	
325.46500932	
325.46464691	
325.46511589	
325.46511033	
325.46493521	
325.46481575	
325.46449650	
325.46411334	
325.46367229	
325.46343388	
325.46317188	
325.46327309	
325.46319547	
325.46270363	
325.46270605	
325.46230131	
325.46184844	
325.46120980	
325.46114910	
325.46065274	
325.46054428	
325.46102922	
325.46093686	
325.46074286	
325.46043827	
325.46074129	
325.46099551	
325.46097379	
325.46050399	
325.46017213	
325.45962802	
325.45894727	
325.45870554	
325.45861743	
325.45852744	
325.45820966	
325.45800792	
325.45746653	
325.45692967	
325.45719808	
325.45730316	
325.45746103	
325.45755615	
325.45769849	
325.45735288	
325.45724410	
325.45748151	
325.45755038	
325.45714983	
325.45658013	
325.45650565	
325.45622904	
325.45593815	
325.45534980	
325.45544665	
325.45528575	
325.45505713	
325.45508184	
325.45505071	
325.45508878	
325.45501812	
325.45530154	
325.45544082	
325.45524361	
325.45534513	
325.45553198	
325.45499124	
325.45500639	
325.45549574	
325.45569153	
325.45541437	
325.45507812	
325.45541528	
325.45489823	
325.45469192	
325.45463544	
325.45424992	
325.45423356	
325.45442774	
325.45440073	
325.45437877	
325.45441670	
325.45438926	
325.45445035	
325.45402602	
325.45398964	
325.45361282	
325.45324459	
325.45332984	
325.45263221	
325.45196205	
325.45179994	
325.45134407	
325.45129085	
325.45149318	
325.45160066	
325.45105534	
325.45077021	
325.45110527	
325.45094082	
325.45083850	
325.45087723	
325.45042175	
325.45035980	
325.45020263	
325.44988679	
325.44945979	
325.44912723	
325.44939321	
325.44901090	
325.44921743	
325.44915730	
325.44920668	
325.44953423	
325.44919982	
325.44925113	
325.44960680	
325.44956467	
325.44982416	
325.44945302	
325.44884842	
325.44885058	
325.44818915	
325.44812368	
325.44810593	
325.44760291	
325.44760137	
325.44758293	
325.44723433	
325.44739763	
325.44709711	
325.44698356	
325.44743096	
325.44687839	
325.44651185	
325.44596320	
325.44564340	
325.44515668	
325.44498130	
325.44486126	
325.44468541	
325.44449312	
325.44377544	
325.44351333	
325.44320041	
325.44296147	
325.44271232	
325.44230495	
325.44203957	
325.44200746	
325.44150437	
325.44095724	
325.44077222	
325.44032578	
325.43988555	
325.43998477	
325.43946635	
325.43925604	
325.43954821	
325.43958987	
325.43956848	
325.43936889	
325.43962930	
325.43992886	
325.44005129	
325.43966087	
325.43934200	
325.43963477	
325.43993605	
325.43967917	
325.43970496	
325.43972439	
325.43979138	
325.43966408	
325.43955124	
325.43945329	
325.43956632	
325.44000512	
325.43965122	
325.43929030	
325.43871531	
325.43823009	
325.43799638	
325.43745768	
325.43748674	
325.43770567	
325.43734976	
325.43756487	
325.43753030	
325.43741911	
325.43702819	
325.43670913	
325.43621422	
325.43581686	
325.43532922	
325.43440895	
325.43457097	
325.43478149	
325.43460783	
325.43424779	
325.43384378	
325.43351014	
325.43360296	
325.43397277	
325.43420935	
325.43376092	
325.43360113	
325.43399309	
325.43399385	
325.43410081	
325.43426124	
325.43371620	
325.43304948	
325.43303191	
325.43285422	
325.43261513	
325.43241358	
325.43184494	
325.43184115	
325.43170221	
325.43138529	
325.43143315	
325.43138712	
325.43140316	
325.43134637	
325.43081416	
325.43073789	
325.43048670	
325.43050354	
325.43041222	
325.42980846	
325.42998900	
325.42940321	
325.42889109	
325.42864734	
325.42824813	
325.42787266	
325.42803859	
325.42820029	
325.42838426	
325.42795259	
325.42792736	
325.42815278	
325.42787240	
325.42815132	
325.42808087	
325.42782459	
325.42758108	
325.42782112	
325.42794541	
325.42765289	
325.42730649	
325.42726374	
325.42735499	
325.42754633	
325.42716756	
325.42699764	
325.42712755	
325.42711951	
325.42713126	
325.42718276	
325.42747205	
325.42750215	
325.42692139	
325.42614856	
325.42587863	
325.42579349	
325.42541380	
325.42552171	
325.42558941	
325.42505443	
325.42508007	
325.42479724	
325.42433864	
325.42370294	
325.42364567	
325.42361062	
325.42328908	
325.42311006	
325.42296100	
325.42279721	
325.42277046	
325.42262610	
325.42266425	
325.42291833	
325.42273890	
325.42236509	
325.42220286	
325.42185076	
325.42163377	
325.42195111	
325.42214719	
325.42194261	
325.42130448	
325.42075592	
325.42030724	
325.42044406	
325.41998457	
325.41991060	
325.41961987	
325.41912185	
325.41912650	
325.41912071	
325.41948474	
325.41906251	
325.41920445	
325.41934565	
325.41906684	
325.41887676	
325.41854546	
325.41827397	
325.41835104	
325.41847882	
325.41855507	
325.41822561	
325.41821153	
325.41820664	
325.41793013	
325.41832951	
325.41863700	
325.41861913	
325.41869986	
325.41832589	
325.41749667	
325.41717586	
325.41715820	
325.41740974	
325.41713184	
325.41657905	
325.41589384	
325.41558544	
325.41550373	
325.41533679	
325.41488206	
325.41431838	
325.41436224	
325.41459436	
325.41419423	
325.41343250	
325.41328007	
325.41270396	
325.41202564	
325.41225976	
325.41218462	
325.41226733	
325.41233057	
325.41210605	
325.41175044	
325.41143206	
325.41166558	
325.41198562	
325.41187540	
325.41184098	
325.41135487	
325.41051776	
325.41058910	
325.41071821	
