-0.62896291	
-0.63212394	
-0.63212394	
-0.63526502	
-0.63526502	
-0.63526502	
-0.63838615	
-0.63838615	
-0.63838615	
-0.64148728	
-0.64148728	
-0.64148728	
-0.64456841	
-0.64456841	
-0.64762952	
-0.64762952	
-0.64762952	
-0.65067058	
-0.65067058	
-0.65067058	
-0.65369158	
-0.65369158	
-0.65369158	
-0.65669251	
-0.65669251	
-0.65669251	
-0.65967336	
-0.65967336	
-0.66263411	
-0.66263411	
-0.66557475	
-0.66557475	
-0.66557475	
-0.66849528	
-0.66849528	
-0.66849528	
-0.67139570	
-0.67139570	
-0.67139570	
-0.67427598	
-0.67427598	
-0.67713613	
-0.67713613	
-0.67713613	
-0.67997615	
-0.67997615	
-0.67997615	
-0.68279603	
-0.68279603	
-0.68279603	
-0.68559578	
-0.68559578	
-0.68559578	
-0.68837538	
-0.68837538	
-0.69113485	
-0.69113485	
-0.69387418	
-0.69387418	
-0.69387418	
-0.69659338	
-0.69659338	
-0.69659338	
-0.69929244	
-0.69929244	
-0.69929244	
-0.70197138	
-0.70197138	
-0.70197138	
-0.70463019	
-0.70463019	
-0.70726889	
-0.70726889	
-0.70726889	
-0.70988749	
-0.70988749	
-0.70988749	
-0.71248597	
-0.71248597	
-0.71248597	
-0.71506437	
-0.71506437	
-0.71506437	
-0.71762267	
-0.72016090	
-0.72016090	
-0.72016090	
-0.72267907	
-0.72267907	
-0.72267907	
-0.72517717	
-0.72517717	
-0.72517717	
-0.72765523	
-0.72765523	
-0.72765523	
-0.73011325	
-0.73011325	
-0.73255125	
-0.73255125	
-0.73255125	
-0.73496924	
-0.73496924	
-0.73496924	
-0.73736723	
-0.73736723	
-0.73736723	
-0.73974524	
-0.73974524	
-0.73974524	
-0.74210327	
-0.74210327	
-0.74444134	
-0.74444134	
-0.74675948	
-0.74675948	
-0.74675948	
-0.74905768	
-0.74905768	
-0.74905768	
-0.75133596	
-0.75133596	
-0.75133596	
-0.75359435	
-0.75359435	
-0.75359435	
-0.75583286	
-0.75583286	
-0.75805149	
-0.75805149	
-0.75805149	
-0.76025028	
-0.76025028	
-0.76025028	
-0.76242923	
-0.76242923	
-0.76242923	
-0.76458835	
-0.76458835	
-0.76672768	
-0.76672768	
-0.76884722	
-0.76884722	
-0.76884722	
-0.77094699	
-0.77094699	
-0.77094699	
-0.77302701	
-0.77302701	
-0.77302701	
-0.77508730	
-0.77508730	
-0.77508730	
-0.77712787	
-0.77712787	
-0.77914874	
-0.77914874	
-0.77914874	
-0.78114993	
-0.78114993	
-0.78114993	
-0.78313146	
-0.78313146	
-0.78313146	
-0.78509334	
-0.78509334	
-0.78703559	
-0.78703559	
-0.78703559	
-0.78895824	
-0.78895824	
-0.79086129	
-0.79086129	
-0.79086129	
-0.79274477	
-0.79274477	
-0.79274477	
-0.79460870	
-0.79460870	
-0.79460870	
-0.79645309	
-0.79645309	
-0.79645309	
-0.79827797	
-0.79827797	
-0.80008335	
-0.80008335	
-0.80008335	
-0.80186924	
-0.80186924	
-0.80186924	
-0.80363568	
-0.80363568	
-0.80538267	
-0.80538267	
-0.80538267	
-0.80711024	
-0.80711024	
-0.80881840	
-0.80881840	
-0.80881840	
-0.81050718	
-0.81050718	
-0.81050718	
-0.81217659	
-0.81217659	
-0.81217659	
-0.81382665	
-0.81382665	
-0.81382665	
-0.81545738	
-0.81545738	
-0.81706880	
-0.81706880	
-0.81706880	
-0.81866092	
-0.81866092	
-0.81866092	
-0.82023377	
-0.82023377	
-0.82178736	
-0.82178736	
-0.82178736	
-0.82332172	
-0.82332172	
-0.82332172	
-0.82483685	
-0.82483685	
-0.82633279	
-0.82633279	
-0.82633279	
-0.82780954	
-0.82780954	
-0.82780954	
-0.82926713	
-0.82926713	
-0.82926713	
-0.83070558	
-0.83070558	
-0.83070558	
-0.83212490	
-0.83212490	
-0.83352511	
-0.83352511	
-0.83352511	
-0.83490623	
-0.83490623	
-0.83626828	
-0.83626828	
-0.83626828	
-0.83761127	
-0.83761127	
-0.83761127	
-0.83893523	
-0.83893523	
-0.84024017	
-0.84024017	
-0.84024017	
-0.84152611	
-0.84152611	
-0.84152611	
-0.84279308	
-0.84279308	
-0.84279308	
-0.84404108	
-0.84404108	
-0.84404108	
-0.84527013	
-0.84527013	
-0.84648026	
-0.84648026	
-0.84648026	
-0.84767147	
-0.84767147	
-0.84884380	
-0.84884380	
-0.84884380	
-0.84999725	
-0.84999725	
-0.84999725	
-0.85113185	
-0.85113185	
-0.85113185	
-0.85224761	
-0.85224761	
-0.85334455	
-0.85334455	
-0.85334455	
-0.85442268	
-0.85442268	
-0.85442268	
-0.85548203	
-0.85548203	
-0.85548203	
-0.85652261	
-0.85652261	
-0.85652261	
-0.85754444	
-0.85754444	
-0.85854754	
-0.85854754	
-0.85953192	
-0.85953192	
-0.85953192	
-0.86049761	
-0.86049761	
-0.86049761	
-0.86144461	
-0.86144461	
-0.86144461	
-0.86237295	
-0.86237295	
-0.86328264	
-0.86328264	
-0.86328264	
-0.86417370	
-0.86417370	
-0.86417370	
-0.86504615	
-0.86504615	
-0.86504615	
-0.86590001	
-0.86590001	
-0.86590001	
-0.86673529	
-0.86673529	
-0.86755201	
-0.86755201	
-0.86835018	
-0.86835018	
-0.86835018	
-0.86912983	
-0.86912983	
-0.86912983	
-0.86989096	
-0.86989096	
-0.86989096	
-0.87063361	
-0.87063361	
-0.87063361	
-0.87135777	
-0.87135777	
-0.87206348	
-0.87206348	
-0.87206348	
-0.87275075	
-0.87275075	
-0.87275075	
-0.87341959	
-0.87341959	
-0.87341959	
-0.87407002	
-0.87407002	
-0.87407002	
-0.87470206	
-0.87531572	
-0.87531572	
-0.87531572	
-0.87591103	
-0.87591103	
-0.87591103	
-0.87648799	
-0.87648799	
-0.87648799	
-0.87704663	
-0.87704663	
-0.87704663	
-0.87758696	
-0.87758696	
-0.87810900	
-0.87810900	
-0.87810900	
-0.87861277	
-0.87861277	
-0.87861277	
-0.87909828	
-0.87909828	
-0.87909828	
-0.87956554	
-0.87956554	
-0.87956554	
-0.88001459	
-0.88001459	
-0.88044542	
-0.88044542	
-0.88085807	
-0.88085807	
-0.88085807	
-0.88125254	
-0.88125254	
-0.88125254	
-0.88162885	
-0.88162885	
-0.88162885	
-0.88198702	
-0.88198702	
-0.88198702	
-0.88232707	
-0.88232707	
-0.88264901	
-0.88264901	
-0.88264901	
-0.88295286	
-0.88295286	
-0.88295286	
-0.88323864	
-0.88323864	
-0.88323864	
-0.88350636	
-0.88350636	
-0.88375604	
-0.88375604	
-0.88398769	
-0.88398769	
-0.88398769	
-0.88420134	
-0.88420134	
-0.88420134	
-0.88439701	
-0.88439701	
-0.88439701	
-0.88457469	
-0.88457469	
-0.88457469	
-0.88473443	
-0.88473443	
-0.88487622	
-0.88487622	
-0.88487622	
-0.88500010	
-0.88500010	
-0.88500010	
-0.88510607	
-0.88510607	
-0.88510607	
-0.88519415	
-0.88519415	
-0.88526436	
-0.88526436	
-0.88526436	
-0.88531672	
-0.88531672	
-0.88535125	
-0.88535125	
-0.88535125	
-0.88536795	
-0.88536795	
-0.88536795	
-0.88536685	
-0.88536685	
-0.88536685	
-0.88534797	
-0.88534797	
-0.88534797	
-0.88531133	
-0.88531133	
-0.88525693	
-0.88525693	
-0.88525693	
-0.88518480	
-0.88518480	
-0.88518480	
-0.88509496	
-0.88509496	
-0.88498742	
-0.88498742	
-0.88498742	
-0.88486220	
-0.88486220	
-0.88471932	
-0.88471932	
-0.88471932	
-0.88455880	
-0.88455880	
-0.88455880	
-0.88438065	
-0.88438065	
-0.88438065	
-0.88418489	
-0.88418489	
-0.88418489	
-0.88397154	
-0.88397154	
-0.88374062	
-0.88374062	
-0.88374062	
-0.88349215	
-0.88349215	
-0.88349215	
-0.88322614	
-0.88322614	
-0.88294261	
-0.88294261	
-0.88294261	
-0.88264158	
-0.88264158	
-0.88264158	
-0.88232307	
-0.88232307	
-0.88198709	
-0.88198709	
-0.88198709	
-0.88163367	
-0.88163367	
-0.88163367	
-0.88126283	
-0.88126283	
-0.88126283	
-0.88087457	
-0.88087457	
-0.88087457	
-0.88046893	
-0.88046893	
-0.88004591	
-0.88004591	
-0.88004591	
-0.87960554	
-0.87960554	
-0.87914784	
-0.87914784	
-0.87914784	
-0.87867283	
-0.87867283	
-0.87867283	
-0.87818052	
-0.87818052	
-0.87767093	
-0.87767093	
-0.87767093	
-0.87714409	
-0.87714409	
-0.87714409	
-0.87660001	
-0.87660001	
-0.87660001	
-0.87603871	
-0.87603871	
-0.87603871	
-0.87546021	
-0.87546021	
-0.87486453	
-0.87486453	
-0.87486453	
-0.87425168	
-0.87425168	
-0.87362170	
-0.87362170	
-0.87362170	
-0.87297460	
-0.87297460	
-0.87297460	
-0.87231039	
-0.87231039	
-0.87231039	
-0.87162911	
-0.87162911	
-0.87093076	
-0.87093076	
-0.87093076	
-0.87021537	
-0.87021537	
-0.87021537	
-0.86948296	
-0.86948296	
-0.86948296	
-0.86873355	
-0.86873355	
-0.86873355	
-0.86796715	
-0.86796715	
-0.86718380	
-0.86718380	
-0.86638350	
-0.86638350	
-0.86638350	
-0.86556629	
-0.86556629	
-0.86556629	
-0.86473217	
-0.86473217	
-0.86473217	
-0.86388118	
-0.86388118	
-0.86301333	
-0.86301333	
-0.86301333	
-0.86212864	
-0.86212864	
-0.86212864	
-0.86122713	
-0.86122713	
-0.86122713	
-0.86030884	
-0.86030884	
-0.86030884	
-0.85937376	
-0.85937376	
-0.85842194	
-0.85842194	
-0.85745338	
-0.85745338	
-0.85745338	
-0.85646811	
-0.85646811	
-0.85646811	
-0.85546616	
-0.85546616	
-0.85546616	
-0.85444753	
-0.85444753	
-0.85444753	
-0.85341227	
-0.85341227	
-0.85236037	
-0.85236037	
-0.85236037	
-0.85129188	
-0.85129188	
-0.85129188	
-0.85020681	
-0.85020681	
-0.85020681	
-0.84910518	
-0.84910518	
-0.84910518	
-0.84798701	
-0.84685233	
-0.84685233	
-0.84685233	
-0.84570116	
-0.84570116	
-0.84570116	
-0.84453351	
-0.84453351	
-0.84453351	
-0.84334943	
-0.84334943	
-0.84334943	
-0.84214892	
-0.84214892	
-0.84093200	
-0.84093200	
-0.84093200	
-0.83969871	
-0.83969871	
-0.83969871	
-0.83844906	
-0.83844906	
-0.83844906	
-0.83718308	
-0.83718308	
-0.83718308	
-0.83590079	
-0.83590079	
-0.83460221	
-0.83460221	
-0.83328736	
-0.83328736	
-0.83328736	
-0.83195628	
-0.83195628	
-0.83195628	
-0.83060897	
-0.83060897	
-0.83060897	
-0.82924547	
-0.82924547	
-0.82924547	
-0.82786580	
-0.82786580	
-0.82646998	
-0.82646998	
-0.82646998	
-0.82505804	
-0.82505804	
-0.82505804	
-0.82363000	
-0.82363000	
-0.82363000	
-0.82218588	
-0.82218588	
-0.82072571	
-0.82072571	
-0.81924950	
-0.81924950	
-0.81924950	
-0.81775729	
-0.81775729	
-0.81775729	
-0.81624910	
-0.81624910	
-0.81624910	
-0.81472495	
-0.81472495	
-0.81472495	
-0.81318487	
-0.81318487	
-0.81162888	
-0.81162888	
-0.81162888	
-0.81005700	
-0.81005700	
-0.81005700	
-0.80846926	
-0.80846926	
-0.80846926	
-0.80686569	
-0.80686569	
-0.80524630	
-0.80524630	
-0.80524630	
-0.80361112	
-0.80361112	
-0.80196019	
-0.80196019	
-0.80196019	
-0.80029351	
-0.80029351	
-0.80029351	
-0.79861112	
-0.79861112	
-0.79861112	
-0.79691303	
-0.79691303	
-0.79691303	
-0.79519929	
-0.79519929	
-0.79346990	
-0.79346990	
-0.79346990	
-0.79172490	
-0.79172490	
-0.79172490	
-0.78996431	
-0.78996431	
-0.78818815	
-0.78818815	
-0.78818815	
-0.78639645	
-0.78639645	
-0.78458924	
-0.78458924	
-0.78458924	
-0.78276653	
-0.78276653	
-0.78276653	
-0.78092836	
-0.78092836	
-0.78092836	
-0.77907475	
-0.77907475	
-0.77907475	
-0.77720573	
-0.77720573	
-0.77532131	
-0.77532131	
-0.77532131	
-0.77342153	
-0.77342153	
-0.77342153	
-0.77150641	
-0.77150641	
-0.76957598	
-0.76957598	
-0.76957598	
-0.76763026	
-0.76763026	
-0.76763026	
-0.76566927	
-0.76566927	
-0.76369305	
-0.76369305	
-0.76369305	
-0.76170161	
-0.76170161	
-0.76170161	
-0.75969498	
-0.75969498	
-0.75969498	
-0.75767319	
-0.75767319	
-0.75767319	
-0.75563627	
-0.75563627	
-0.75358423	
-0.75358423	
-0.75358423	
-0.75151711	
-0.75151711	
-0.74943493	
-0.74943493	
-0.74943493	
-0.74733771	
-0.74733771	
-0.74733771	
-0.74522548	
-0.74522548	
-0.74309827	
-0.74309827	
-0.74309827	
-0.74095610	
-0.74095610	
-0.74095610	
-0.73879900	
-0.73879900	
-0.73879900	
-0.73662699	
-0.73662699	
-0.73662699	
-0.73444010	
-0.73444010	
-0.73223835	
-0.73223835	
-0.73223835	
-0.73002176	
-0.73002176	
-0.72779038	
-0.72779038	
-0.72779038	
-0.72554421	
-0.72554421	
-0.72554421	
-0.72328328	
-0.72328328	
-0.72328328	
-0.72100763	
-0.72100763	
-0.71871727	
-0.71871727	
-0.71871727	
-0.71641223	
-0.71641223	
-0.71641223	
-0.71409254	
-0.71409254	
-0.71409254	
-0.71175822	
-0.71175822	
-0.71175822	
-0.70940929	
-0.70940929	
-0.70704579	
-0.70704579	
-0.70466774	
-0.70466774	
-0.70466774	
-0.70227515	
-0.70227515	
-0.70227515	
-0.69986807	
-0.69986807	
-0.69986807	
-0.69744650	
-0.69744650	
-0.69501048	
-0.69501048	
-0.69501048	
-0.69256004	
-0.69256004	
-0.69256004	
-0.69009519	
-0.69009519	
-0.69009519	
-0.68761596	
-0.68761596	
-0.68761596	
-0.68512238	
-0.68512238	
-0.68261447	
-0.68261447	
-0.68009226	
-0.68009226	
-0.68009226	
-0.67755576	
-0.67755576	
-0.67755576	
-0.67500502	
-0.67500502	
-0.67500502	
-0.67244004	
-0.67244004	
-0.67244004	
-0.66986086	
-0.66986086	
-0.66726749	
-0.66726749	
-0.66726749	
-0.66465997	
-0.66465997	
-0.66465997	
-0.66203831	
-0.66203831	
-0.66203831	
-0.65940255	
-0.65940255	
-0.65940255	
-0.65675270	
-0.65408879	
-0.65408879	
-0.65408879	
-0.65141085	
-0.65141085	
-0.65141085	
-0.64871889	
-0.64871889	
-0.64871889	
-0.64601294	
-0.64601294	
-0.64601294	
-0.64329302	
-0.64329302	
-0.64055917	
-0.64055917	
-0.64055917	
-0.63781139	
-0.63781139	
-0.63781139	
-0.63504973	
-0.63504973	
-0.63504973	
-0.63227418	
-0.63227418	
-0.63227418	
-0.62948479	
-0.62948479	
-0.62668158	
-0.62668158	
-0.62386456	
-0.62386456	
-0.62386456	
-0.62103376	
-0.62103376	
-0.62103376	
-0.61818921	
-0.61818921	
-0.61818921	
-0.61533092	
-0.61533092	
-0.61533092	
-0.61245892	
-0.61245892	
-0.60957323	
-0.60957323	
-0.60957323	
-0.60667388	
-0.60667388	
-0.60667388	
-0.60376088	
-0.60376088	
-0.60376088	
-0.60083426	
-0.60083426	
-0.59789404	
-0.59789404	
-0.59494024	
-0.59494024	
-0.59494024	
-0.59197288	
-0.59197288	
-0.59197288	
-0.58899199	
-0.58899199	
-0.58899199	
-0.58599759	
-0.58599759	
-0.58599759	
-0.58298969	
-0.58298969	
-0.57996832	
-0.57996832	
-0.57996832	
-0.57693351	
-0.57693351	
-0.57693351	
-0.57388527	
-0.57388527	
-0.57388527	
-0.57082362	
-0.57082362	
-0.56774858	
-0.56774858	
-0.56774858	
-0.56466018	
-0.56466018	
-0.56155844	
-0.56155844	
-0.56155844	
-0.55844337	
-0.55844337	
-0.55844337	
-0.55531499	
-0.55531499	
-0.55531499	
-0.55217334	
-0.55217334	
-0.55217334	
-0.54901842	
-0.54901842	
-0.54585025	
-0.54585025	
-0.54585025	
-0.54266887	
-0.54266887	
-0.54266887	
-0.53947427	
-0.53947427	
-0.53626650	
-0.53626650	
-0.53626650	
-0.53304556	
-0.53304556	
-0.52981148	
-0.52981148	
-0.52981148	
-0.52656427	
-0.52656427	
-0.52656427	
-0.52330395	
-0.52330395	
-0.52330395	
-0.52003054	
-0.52003054	
-0.52003054	
-0.51674407	
-0.51674407	
-0.51344455	
-0.51344455	
-0.51344455	
-0.51013200	
-0.51013200	
-0.51013200	
-0.50680643	
-0.50680643	
-0.50346787	
-0.50346787	
-0.50346787	
-0.50011633	
-0.50011633	
-0.50011633	
-0.49675184	
-0.49675184	
-0.49337441	
-0.49337441	
-0.49337441	
-0.48998406	
-0.48998406	
-0.48998406	
-0.48658080	
-0.48658080	
-0.48658080	
-0.48316466	
-0.48316466	
-0.48316466	
-0.47973565	
-0.47973565	
-0.47629379	
-0.47629379	
-0.47629379	
-0.47283910	
-0.47283910	
-0.46937160	
-0.46937160	
-0.46937160	
-0.46589130	
-0.46589130	
-0.46589130	
-0.46239822	
-0.46239822	
-0.45889238	
-0.45889238	
-0.45889238	
-0.45537379	
-0.45537379	
-0.45537379	
-0.45184248	
-0.45184248	
-0.45184248	
-0.44829845	
-0.44829845	
-0.44829845	
-0.44474174	
-0.44474174	
-0.44117234	
-0.44117234	
-0.44117234	
-0.43759029	
-0.43759029	
-0.43399559	
-0.43399559	
-0.43399559	
-0.43038827	
-0.43038827	
-0.43038827	
-0.42676834	
-0.42676834	
-0.42676834	
-0.42313583	
-0.42313583	
-0.41949073	
-0.41949073	
-0.41949073	
-0.41583308	
-0.41583308	
-0.41583308	
-0.41216289	
-0.41216289	
-0.41216289	
-0.40848018	
-0.40848018	
-0.40848018	
-0.40478496	
-0.40478496	
-0.40107725	
-0.40107725	
-0.39735706	
-0.39735706	
-0.39735706	
-0.39362443	
-0.39362443	
-0.39362443	
-0.38987935	
-0.38987935	
-0.38987935	
-0.38612186	
-0.38612186	
-0.38235196	
-0.38235196	
-0.38235196	
-0.37856968	
-0.37856968	
-0.37856968	
-0.37477503	
-0.37477503	
-0.37477503	
-0.37096803	
-0.37096803	
-0.37096803	
-0.36714870	
-0.36714870	
-0.36331705	
-0.36331705	
-0.35947311	
-0.35947311	
-0.35947311	
-0.35561689	
-0.35561689	
-0.35561689	
-0.35174841	
-0.35174841	
-0.35174841	
-0.34786769	
-0.34786769	
-0.34786769	
-0.34397475	
-0.34397475	
-0.34006960	
-0.34006960	
-0.34006960	
-0.33615228	
-0.33615228	
-0.33615228	
-0.33222279	
-0.33222279	
-0.33222279	
-0.32828115	
-0.32828115	
-0.32828115	
-0.32432739	
-0.32036153	
-0.32036153	
-0.32036153	
-0.31638359	
-0.31638359	
-0.31638359	
-0.31239359	
-0.31239359	
-0.31239359	
-0.30839155	
-0.30839155	
-0.30839155	
-0.30437749	
-0.30437749	
-0.30035144	
-0.30035144	
-0.30035144	
-0.29631341	
-0.29631341	
-0.29631341	
-0.29226344	
-0.29226344	
-0.29226344	
-0.28820154	
-0.28820154	
-0.28820154	
-0.28412774	
-0.28412774	
-0.28004206	
-0.28004206	
-0.27594453	
-0.27594453	
-0.27594453	
-0.27183518	
-0.27183518	
-0.27183518	
-0.26771402	
-0.26771402	
-0.26771402	
-0.26358110	
-0.26358110	
-0.26358110	
-0.25943643	
-0.25943643	
-0.25528004	
-0.25528004	
-0.25528004	
-0.25111197	
-0.25111197	
-0.25111197	
-0.24693224	
-0.24693224	
-0.24693224	
-0.24274088	
-0.24274088	
-0.23853792	
-0.23853792	
-0.23432340	
-0.23432340	
-0.23432340	
-0.23009734	
-0.23009734	
-0.23009734	
-0.22585979	
-0.22585979	
-0.22585979	
-0.22161078	
-0.22161078	
-0.22161078	
-0.21735033	
-0.21735033	
-0.21307849	
-0.21307849	
-0.21307849	
-0.20879530	
-0.20879530	
-0.20879530	
-0.20450079	
-0.20450079	
-0.20450079	
-0.20019500	
-0.20019500	
-0.19587798	
-0.19587798	
-0.19587798	
-0.19154976	
-0.19154976	
-0.18721038	
-0.18721038	
-0.18721038	
-0.18285990	
-0.18285990	
-0.18285990	
-0.17849835	
-0.17849835	
-0.17849835	
-0.17412579	
-0.17412579	
-0.17412579	
-0.16974225	
-0.16974225	
-0.16534779	
-0.16534779	
-0.16534779	
-0.16094246	
-0.16094246	
-0.16094246	
-0.15652632	
-0.15652632	
-0.15209940	
-0.15209940	
-0.15209940	
-0.14766177	
-0.14766177	
-0.14321349	
-0.14321349	
-0.14321349	
-0.13875460	
-0.13875460	
-0.13875460	
-0.13428518	
-0.13428518	
-0.13428518	
-0.12980528	
-0.12980528	
-0.12980528	
-0.12531497	
-0.12531497	
-0.12081430	
-0.12081430	
-0.12081430	
-0.11630335	
-0.11630335	
-0.11630335	
-0.11178218	
-0.11178218	
-0.10725086	
-0.10725086	
-0.10725086	
-0.10270947	
-0.10270947	
-0.10270947	
-0.09815807	
-0.09815807	
-0.09359675	
-0.09359675	
-0.09359675	
-0.08902558	
-0.08902558	
-0.08902558	
-0.08444463	
-0.08444463	
-0.08444463	
-0.07985400	
-0.07985400	
-0.07985400	
-0.07525377	
-0.07525377	
-0.07064401	
-0.07064401	
-0.07064401	
-0.06602483	
-0.06602483	
-0.06139631	
-0.06139631	
-0.06139631	
-0.05675854	
-0.05675854	
-0.05675854	
-0.05211161	
-0.05211161	
-0.04745564	
-0.04745564	
-0.04745564	
-0.04279071	
-0.04279071	
-0.04279071	
-0.03811693	
-0.03811693	
-0.03811693	
-0.03343440	
-0.03343440	
-0.03343440	
-0.02874323	
-0.02874323	
-0.02404353	
-0.02404353	
-0.02404353	
-0.01933542	
-0.01933542	
-0.01461900	
-0.01461900	
-0.01461900	
-0.00989440	
-0.00989440	
-0.00989440	
-0.00516174	
-0.00516174	
-0.00516174	
-0.00042114	
-0.00042114	
0.00432727	
0.00432727	
0.00432727	
0.00908336	
0.00908336	
0.00908336	
0.01384701	
0.01384701	
0.01384701	
0.01861808	
0.01861808	
0.01861808	
0.02339642	
0.02339642	
0.02818191	
0.02818191	
0.03297439	
0.03297439	
0.03297439	
0.03777371	
0.03777371	
0.03777371	
0.04257974	
0.04257974	
0.04257974	
0.04739232	
0.04739232	
0.05221129	
0.05221129	
0.05221129	
0.05703649	
0.05703649	
0.05703649	
0.06186776	
0.06186776	
0.06186776	
0.06670495	
0.06670495	
0.06670495	
0.07154787	
0.07154787	
0.07639637	
0.07639637	
0.08125027	
0.08125027	
0.08125027	
0.08610938	
0.08610938	
0.08610938	
0.09097354	
0.09097354	
0.09097354	
0.09584256	
0.09584256	
0.09584256	
0.10071625	
0.10071625	
0.10559443	
0.10559443	
0.10559443	
0.11047691	
0.11047691	
0.11047691	
0.11536349	
0.11536349	
0.11536349	
0.12025397	
0.12025397	
0.12025397	
0.12514816	
0.13004586	
0.13004586	
0.13004586	
0.13494685	
0.13494685	
0.13494685	
0.13985093	
0.13985093	
0.13985093	
0.14475789	
0.14475789	
0.14475789	
0.14966751	
0.14966751	
0.15457959	
0.15457959	
0.15457959	
0.15949389	
0.15949389	
0.15949389	
0.16441021	
0.16441021	
0.16441021	
0.16932832	
0.16932832	
0.16932832	
0.17424798	
0.17424798	
0.17916899	
0.17916899	
0.18409109	
0.18409109	
0.18409109	
0.18901407	
0.18901407	
0.18901407	
0.19393768	
0.19393768	
0.19393768	
0.19886169	
0.19886169	
0.19886169	
0.20378587	
0.20378587	
0.20870997	
0.20870997	
0.20870997	
0.21363375	
0.21363375	
0.21363375	
0.21855696	
0.21855696	
0.21855696	
0.22347937	
0.22347937	
0.22840072	
0.22840072	
0.23332077	
0.23332077	
0.23332077	
0.23823927	
0.23823927	
0.23823927	
0.24315597	
0.24315597	
0.24315597	
0.24807061	
0.24807061	
0.24807061	
0.25298295	
0.25298295	
0.25789272	
0.25789272	
0.25789272	
0.26279969	
0.26279969	
0.26279969	
0.26770359	
0.26770359	
0.26770359	
0.27260416	
0.27260416	
0.27750116	
0.27750116	
0.27750116	
0.28239433	
0.28239433	
0.28728340	
0.28728340	
0.28728340	
0.29216813	
0.29216813	
0.29216813	
0.29704827	
0.29704827	
0.29704827	
0.30192354	
0.30192354	
0.30192354	
0.30679370	
0.30679370	
0.31165850	
0.31165850	
0.31165850	
0.31651768	
0.31651768	
0.31651768	
0.32137098	
0.32137098	
0.32621816	
0.32621816	
0.32621816	
0.33105896	
0.33105896	
0.33589312	
0.33589312	
0.33589312	
0.34072041	
0.34072041	
0.34072041	
0.34554057	
0.34554057	
0.34554057	
0.35035335	
0.35035335	
0.35035335	
0.35515851	
0.35515851	
0.35995581	
0.35995581	
0.35995581	
0.36474499	
0.36474499	
0.36474499	
0.36952582	
0.36952582	
0.37429807	
0.37429807	
0.37429807	
0.37906149	
0.37906149	
0.37906149	
0.38381584	
0.38381584	
0.38856090	
0.38856090	
0.38856090	
0.39329644	
0.39329644	
0.39329644	
0.39802222	
0.39802222	
0.39802222	
0.40273801	
0.40273801	
0.40273801	
0.40744361	
0.40744361	
0.41213877	
0.41213877	
0.41213877	
0.41682329	
0.41682329	
0.42149695	
0.42149695	
0.42149695	
0.42615953	
0.42615953	
0.42615953	
0.43081082	
0.43081082	
0.43545063	
0.43545063	
0.43545063	
0.44007873	
0.44007873	
0.44007873	
0.44469493	
0.44469493	
0.44469493	
0.44929903	
0.44929903	
0.44929903	
0.45389083	
0.45389083	
0.45847014	
0.45847014	
0.45847014	
0.46303678	
0.46303678	
0.46759054	
0.46759054	
0.46759054	
0.47213126	
0.47213126	
0.47213126	
0.47665875	
0.47665875	
0.47665875	
0.48117282	
0.48117282	
0.48567332	
0.48567332	
0.48567332	
0.49016006	
0.49016006	
0.49016006	
0.49463288	
0.49463288	
0.49463288	
0.49909162	
0.49909162	
0.49909162	
0.50353611	
0.50353611	
0.50796619	
0.50796619	
0.51238172	
0.51238172	
0.51238172	
0.51678254	
0.51678254	
0.51678254	
0.52116850	
0.52116850	
0.52116850	
0.52553945	
0.52553945	
0.52989526	
0.52989526	
0.52989526	
0.53423579	
0.53423579	
0.53423579	
0.53856091	
0.53856091	
0.53856091	
0.54287047	
0.54287047	
0.54287047	
0.54716435	
0.54716435	
0.55144243	
0.55144243	
0.55570459	
0.55570459	
0.55570459	
0.55995069	
0.55995069	
0.55995069	
0.56418064	
0.56418064	
0.56418064	
0.56839431	
0.56839431	
0.56839431	
0.57259160	
0.57259160	
0.57677239	
0.57677239	
0.57677239	
0.58093658	
0.58093658	
0.58093658	
0.58508408	
0.58508408	
0.58508408	
0.58921478	
0.58921478	
0.58921478	
0.59332859	
0.59742541	
0.59742541	
0.59742541	
0.60150516	
0.60150516	
0.60150516	
0.60556774	
0.60556774	
0.60556774	
0.60961307	
0.60961307	
0.60961307	
0.61364108	
0.61364108	
0.61765167	
0.61765167	
0.61765167	
0.62164478	
0.62164478	
0.62164478	
0.62562033	
0.62562033	
0.62562033	
0.62957824	
0.62957824	
0.62957824	
0.63351845	
0.63351845	
0.63744089	
0.63744089	
0.64134550	
0.64134550	
0.64134550	
0.64523220	
0.64523220	
0.64523220	
0.64910095	
0.64910095	
0.64910095	
0.65295168	
0.65295168	
0.65295168	
0.65678434	
0.65678434	
0.66059887	
0.66059887	
0.66059887	
0.66439522	
0.66439522	
0.66439522	
0.66817335	
0.66817335	
0.66817335	
0.67193319	
0.67193319	
0.67567471	
0.67567471	
0.67939786	
0.67939786	
0.67939786	
0.68310261	
0.68310261	
0.68310261	
0.68678890	
0.68678890	
0.68678890	
0.69045670	
0.69045670	
0.69045670	
0.69410597	
0.69410597	
0.69773668	
0.69773668	
0.69773668	
0.70134879	
0.70134879	
0.70134879	
0.70494226	
0.70494226	
0.70494226	
0.70851708	
0.70851708	
0.71207321	
0.71207321	
0.71207321	
0.71561062	
0.71561062	
0.71912928	
0.71912928	
0.71912928	
0.72262916	
0.72262916	
0.72262916	
0.72611026	
0.72611026	
0.72611026	
0.72957253	
0.72957253	
0.72957253	
0.73301596	
0.73301596	
0.73644054	
0.73644054	
0.73644054	
0.73984623	
0.73984623	
0.73984623	
0.74323302	
0.74323302	
0.74660090	
0.74660090	
0.74660090	
0.74994985	
0.74994985	
0.75327985	
0.75327985	
0.75327985	
0.75659089	
0.75659089	
0.75659089	
0.75988295	
0.75988295	
0.75988295	
0.76315603	
0.76315603	
0.76315603	
0.76641012	
0.76641012	
0.76964520	
0.76964520	
0.76964520	
0.77286126	
0.77286126	
0.77286126	
0.77605829	
0.77605829	
0.77923629	
0.77923629	
0.77923629	
0.78239525	
0.78239525	
0.78239525	
0.78553517	
0.78553517	
0.78865603	
0.78865603	
0.78865603	
0.79175784	
0.79175784	
0.79175784	
0.79484058	
0.79484058	
0.79484058	
0.79790426	
0.79790426	
0.79790426	
0.80094886	
0.80094886	
0.80397440	
0.80397440	
0.80397440	
0.80698086	
0.80698086	
0.80996825	
0.80996825	
0.80996825	
0.81293656	
0.81293656	
0.81293656	
0.81588580	
0.81588580	
0.81881596	
0.81881596	
0.81881596	
0.82172704	
0.82172704	
0.82172704	
0.82461904	
0.82461904	
0.82461904	
0.82749198	
0.82749198	
0.82749198	
0.83034584	
0.83034584	
0.83318063	
0.83318063	
0.83318063	
0.83599635	
0.83599635	
0.83879300	
0.83879300	
0.83879300	
0.84157060	
0.84157060	
0.84157060	
0.84432913	
0.84432913	
0.84432913	
0.84706861	
0.84706861	
0.84978904	
0.84978904	
0.84978904	
0.85249042	
0.85249042	
0.85249042	
0.85517276	
0.85517276	
0.85517276	
0.85783606	
0.85783606	
0.85783606	
0.86048033	
0.86048033	
0.86310557	
0.86310557	
0.86571179	
0.86571179	
0.86571179	
0.86829899	
0.86829899	
0.86829899	
0.87086718	
0.87086718	
0.87086718	
0.87341637	
0.87341637	
0.87594655	
0.87594655	
0.87594655	
0.87845775	
0.87845775	
0.87845775	
0.88094995	
0.88094995	
0.88094995	
0.88342318	
0.88342318	
0.88342318	
0.88587743	
0.88587743	
0.88831272	
0.88831272	
0.89072905	
0.89072905	
0.89072905	
0.89312642	
0.89312642	
0.89312642	
0.89550485	
0.89550485	
0.89550485	
0.89786435	
0.89786435	
0.89786435	
0.90020491	
0.90020491	
0.90252654	
0.90252654	
0.90252654	
0.90482926	
0.90482926	
0.90482926	
0.90711307	
0.90711307	
0.90711307	
0.90937798	
0.90937798	
0.90937798	
0.91162399	
0.91385112	
0.91385112	
0.91385112	
0.91605936	
0.91605936	
0.91605936	
0.91824874	
0.91824874	
0.91824874	
0.92041925	
0.92041925	
0.92041925	
0.92257090	
0.92257090	
0.92470370	
0.92470370	
0.92470370	
0.92681767	
0.92681767	
0.92681767	
0.92891280	
0.92891280	
0.92891280	
0.93098910	
0.93098910	
0.93098910	
0.93304658	
0.93304658	
0.93508525	
0.93508525	
0.93710512	
0.93710512	
0.93710512	
0.93910620	
0.93910620	
0.93910620	
0.94108848	
0.94108848	
0.94108848	
0.94305199	
0.94305199	
0.94305199	
0.94499672	
0.94499672	
0.94692268	
0.94692268	
0.94692268	
0.94882989	
0.94882989	
0.94882989	
0.95071835	
0.95071835	
0.95071835	
0.95258806	
0.95258806	
0.95443903	
0.95443903	
0.95627128	
0.95627128	
0.95627128	
0.95808481	
0.95808481	
0.95808481	
0.95987962	
0.95987962	
0.95987962	
0.96165572	
0.96165572	
0.96165572	
0.96341313	
0.96341313	
0.96515184	
0.96515184	
0.96515184	
0.96687186	
0.96687186	
0.96687186	
0.96857321	
0.96857321	
0.96857321	
0.97025589	
0.97025589	
0.97191990	
0.97191990	
0.97191990	
0.97356525	
0.97356525	
0.97519195	
0.97519195	
0.97519195	
0.97680001	
0.97680001	
0.97680001	
0.97838943	
0.97838943	
0.97838943	
0.97996021	
0.97996021	
0.97996021	
0.98151238	
0.98151238	
0.98304592	
0.98304592	
0.98304592	
0.98456086	
0.98456086	
0.98456086	
0.98605719	
0.98605719	
0.98753492	
0.98753492	
0.98753492	
0.98899406	
0.98899406	
0.99043461	
0.99043461	
0.99043461	
0.99185658	
0.99185658	
0.99185658	
0.99325998	
0.99325998	
0.99325998	
0.99464481	
0.99464481	
0.99464481	
0.99601108	
0.99601108	
0.99735880	
0.99735880	
0.99735880	
0.99868796	
0.99868796	
0.99868796	
0.99999859	
0.99999859	
1.00129067	
1.00129067	
1.00129067	
1.00256422	
1.00256422	
1.00256422	
1.00381925	
1.00381925	
1.00505576	
1.00505576	
1.00505576	
1.00627375	
1.00627375	
1.00627375	
1.00747323	
1.00747323	
1.00747323	
1.00865421	
1.00865421	
1.00865421	
1.00981669	
1.00981669	
1.01096067	
1.01096067	
1.01096067	
1.01208617	
1.01208617	
1.01319319	
1.01319319	
1.01319319	
1.01428173	
1.01428173	
1.01428173	
1.01535180	
1.01535180	
1.01640340	
1.01640340	
1.01640340	
1.01743654	
1.01743654	
1.01743654	
1.01845123	
1.01845123	
1.01845123	
1.01944746	
1.01944746	
1.01944746	
1.02042525	
1.02042525	
1.02138460	
1.02138460	
1.02138460	
1.02232550	
1.02232550	
1.02324798	
1.02324798	
1.02324798	
1.02415203	
1.02415203	
1.02415203	
1.02503766	
1.02503766	
1.02503766	
1.02590488	
1.02590488	
1.02675368	
1.02675368	
1.02675368	
1.02758407	
1.02758407	
1.02758407	
1.02839606	
1.02839606	
1.02839606	
1.02918965	
1.02918965	
1.02918965	
1.02996484	
1.02996484	
1.03072165	
1.03072165	
1.03146007	
1.03146007	
1.03146007	
1.03218012	
1.03218012	
1.03218012	
1.03288178	
1.03288178	
1.03288178	
1.03356508	
1.03356508	
1.03423000	
1.03423000	
1.03423000	
1.03487657	
1.03487657	
1.03487657	
1.03550477	
1.03550477	
1.03550477	
1.03611462	
1.03611462	
1.03611462	
1.03670612	
1.03670612	
1.03727928	
1.03727928	
1.03783409	
1.03783409	
1.03783409	
1.03837057	
1.03837057	
1.03837057	
1.03888871	
1.03888871	
1.03888871	
1.03938852	
1.03938852	
1.03938852	
1.03987001	
1.03987001	
1.04033318	
1.04033318	
1.04033318	
1.04077803	
1.04077803	
1.04077803	
1.04120456	
1.04120456	
1.04120456	
1.04161279	
1.04161279	
1.04161279	
1.04200271	
1.04237434	
1.04237434	
1.04237434	
1.04272766	
1.04272766	
1.04272766	
1.04306269	
1.04306269	
1.04306269	
1.04337944	
1.04337944	
1.04337944	
1.04367790	
1.04367790	
1.04395807	
1.04395807	
1.04395807	
1.04421997	
1.04421997	
1.04421997	
1.04446360	
1.04446360	
1.04446360	
1.04468896	
1.04468896	
1.04468896	
1.04489605	
1.04489605	
1.04508488	
1.04508488	
1.04525545	
1.04525545	
1.04525545	
1.04540777	
1.04540777	
1.04540777	
1.04554183	
1.04554183	
1.04554183	
1.04565765	
1.04565765	
1.04565765	
1.04575523	
1.04575523	
1.04583457	
1.04583457	
1.04583457	
1.04589568	
1.04589568	
1.04589568	
1.04593855	
1.04593855	
1.04593855	
1.04596319	
1.04596319	
1.04596962	
1.04596962	
1.04595782	
1.04595782	
1.04595782	
1.04592780	
1.04592780	
1.04592780	
1.04587958	
1.04587958	
1.04587958	
1.04581314	
1.04581314	
1.04581314	
1.04572850	
1.04572850	
1.04562566	
1.04562566	
1.04562566	
1.04550462	
1.04550462	
1.04550462	
1.04536539	
1.04536539	
1.04536539	
1.04520797	
1.04520797	
1.04503236	
1.04503236	
1.04503236	
1.04483858	
1.04483858	
1.04462661	
1.04462661	
1.04462661	
1.04439647	
1.04439647	
1.04439647	
1.04414815	
1.04414815	
1.04414815	
1.04388167	
1.04388167	
1.04388167	
1.04359703	
1.04359703	
1.04329422	
1.04329422	
1.04329422	
1.04297326	
1.04297326	
1.04297326	
1.04263415	
1.04263415	
1.04227689	
1.04227689	
1.04227689	
1.04190149	
1.04190149	
1.04150794	
1.04150794	
1.04150794	
1.04109626	
1.04109626	
1.04109626	
1.04066645	
1.04066645	
1.04066645	
1.04021850	
1.04021850	
1.04021850	
1.03975243	
1.03975243	
1.03926824	
1.03926824	
1.03926824	
1.03876593	
1.03876593	
1.03876593	
1.03824551	
1.03824551	
1.03770697	
1.03770697	
1.03770697	
1.03715033	
1.03715033	
1.03715033	
1.03657559	
1.03657559	
1.03598274	
1.03598274	
1.03598274	
1.03537181	
1.03537181	
1.03537181	
1.03474278	
1.03474278	
1.03474278	
1.03409566	
1.03409566	
1.03409566	
1.03343046	
1.03343046	
1.03274718	
1.03274718	
1.03274718	
1.03204582	
1.03204582	
1.03132639	
1.03132639	
1.03132639	
1.03058889	
1.03058889	
1.03058889	
1.02983333	
1.02983333	
1.02905971	
1.02905971	
1.02905971	
1.02826803	
1.02826803	
1.02826803	
1.02745829	
1.02745829	
1.02745829	
1.02663051	
1.02663051	
1.02663051	
1.02578468	
1.02578468	
1.02492081	
1.02492081	
1.02492081	
1.02403890	
1.02403890	
1.02313896	
1.02313896	
1.02313896	
1.02222099	
1.02222099	
1.02222099	
1.02128499	
1.02128499	
1.02128499	
1.02033097	
1.02033097	
1.01935893	
1.01935893	
1.01935893	
1.01836888	
1.01836888	
1.01836888	
1.01736081	
1.01736081	
1.01736081	
1.01633474	
1.01633474	
1.01633474	
1.01529066	
1.01529066	
1.01422859	
1.01422859	
1.01314851	
1.01314851	
1.01314851	
1.01205045	
1.01205045	
1.01205045	
1.01093440	
1.01093440	
1.01093440	
1.00980036	
1.00980036	
1.00864834	
1.00864834	
1.00864834	
1.00747835	
1.00747835	
1.00747835	
1.00629038	
1.00629038	
1.00629038	
1.00508444	
1.00508444	
1.00508444	
1.00386053	
1.00386053	
1.00261867	
1.00261867	
1.00135884	
1.00135884	
1.00135884	
1.00008106	
1.00008106	
1.00008106	
0.99878533	
0.99878533	
0.99878533	
0.99747166	
0.99747166	
0.99747166	
0.99614003	
0.99614003	
0.99479047	
0.99479047	
0.99479047	
0.99342297	
0.99342297	
0.99342297	
0.99203754	
0.99203754	
0.99203754	
0.99063418	
0.99063418	
0.99063418	
0.98921290	
0.98777369	
0.98777369	
0.98777369	
0.98631656	
0.98631656	
0.98631656	
0.98484152	
0.98484152	
0.98484152	
0.98334857	
0.98334857	
0.98334857	
0.98183770	
0.98183770	
0.98030894	
0.98030894	
0.98030894	
0.97876227	
0.97876227	
0.97876227	
0.97719770	
0.97719770	
0.97719770	
0.97561524	
0.97561524	
0.97561524	
0.97401489	
0.97401489	
0.97239665	
0.97239665	
0.97076053	
0.97076053	
0.97076053	
0.96910653	
0.96910653	
0.96910653	
0.96743464	
0.96743464	
0.96743464	
0.96574489	
0.96574489	
0.96574489	
0.96403726	
0.96403726	
0.96231176	
0.96231176	
0.96231176	
0.96056840	
0.96056840	
0.96056840	
0.95880718	
0.95880718	
0.95880718	
0.95702809	
0.95702809	
0.95523115	
0.95523115	
0.95341636	
0.95341636	
0.95341636	
0.95158372	
0.95158372	
0.95158372	
0.94973323	
0.94973323	
0.94973323	
0.94786490	
0.94786490	
0.94786490	
0.94597872	
0.94597872	
0.94407471	
0.94407471	
0.94407471	
0.94215286	
0.94215286	
0.94215286	
0.94021318	
0.94021318	
0.94021318	
0.93825567	
0.93825567	
0.93628033	
0.93628033	
0.93628033	
0.93428717	
0.93428717	
0.93227618	
0.93227618	
0.93227618	
0.93024738	
0.93024738	
0.93024738	
0.92820076	
0.92820076	
0.92820076	
0.92613632	
0.92613632	
0.92613632	
0.92405407	
0.92405407	
0.92195401	
0.92195401	
0.92195401	
0.91983615	
0.91983615	
0.91983615	
0.91770048	
0.91770048	
0.91554701	
0.91554701	
0.91554701	
0.91337573	
0.91337573	
0.91118666	
0.91118666	
0.91118666	
0.90897980	
0.90897980	
0.90897980	
0.90675513	
0.90675513	
0.90675513	
0.90451268	
0.90451268	
0.90451268	
0.90225244	
0.90225244	
0.89997441	
0.89997441	
0.89997441	
0.89767860	
0.89767860	
0.89767860	
0.89536500	
0.89536500	
0.89303362	
0.89303362	
0.89303362	
0.89068446	
0.89068446	
0.89068446	
0.88831752	
0.88831752	
0.88593281	
0.88593281	
0.88593281	
0.88353032	
0.88353032	
0.88353032	
0.88111006	
0.88111006	
0.88111006	
0.87867203	
0.87867203	
0.87867203	
0.87621623	
0.87621623	
0.87374266	
0.87374266	
0.87374266	
0.87125133	
0.87125133	
0.86874223	
0.86874223	
0.86874223	
0.86621537	
0.86621537	
0.86621537	
0.86367075	
0.86367075	
0.86110837	
0.86110837	
0.86110837	
0.85852823	
0.85852823	
0.85852823	
0.85593033	
0.85593033	
0.85593033	
0.85331468	
0.85331468	
0.85331468	
0.85068128	
0.85068128	
0.84803012	
0.84803012	
0.84803012	
0.84536121	
0.84536121	
0.84267455	
0.84267455	
0.84267455	
0.83997015	
0.83997015	
0.83997015	
0.83724800	
0.83724800	
0.83724800	
0.83450810	
0.83450810	
0.83175046	
0.83175046	
0.83175046	
0.82897508	
0.82897508	
0.82897508	
0.82618196	
0.82618196	
0.82618196	
0.82337109	
0.82337109	
0.82337109	
0.82054249	
0.82054249	
0.81769616	
0.81769616	
0.81483209	
0.81483209	
0.81483209	
0.81195028	
0.81195028	
0.81195028	
0.80905075	
0.80905075	
0.80905075	
0.80613348	
0.80613348	
0.80319849	
0.80319849	
0.80319849	
0.80024577	
0.80024577	
0.80024577	
0.79727533	
0.79727533	
0.79727533	
0.79428717	
0.79428717	
0.79428717	
0.79128128	
0.79128128	
0.78825768	
0.78825768	
0.78521636	
0.78521636	
0.78521636	
0.78215732	
0.78215732	
0.78215732	
0.77908058	
0.77908058	
0.77908058	
0.77598613	
0.77598613	
0.77598613	
0.77287396	
0.77287396	
0.76974410	
0.76974410	
0.76974410	
0.76659654	
0.76659654	
0.76659654	
0.76343127	
0.76343127	
0.76343127	
0.76024832	
0.76024832	
0.76024832	
0.75704767	
0.75382933	
0.75382933	
0.75382933	
0.75059331	
0.75059331	
0.75059331	
0.74733961	
0.74733961	
0.74733961	
0.74406823	
0.74406823	
0.74406823	
0.74077918	
0.74077918	
0.73747246	
0.73747246	
0.73747246	
0.73414808	
0.73414808	
0.73414808	
0.73080604	
0.73080604	
0.73080604	
0.72744635	
0.72744635	
0.72744635	
0.72406901	
0.72406901	
0.72067403	
0.72067403	
0.71726142	
0.71726142	
0.71726142	
0.71383117	
0.71383117	
0.71383117	
0.71038331	
0.71038331	
0.71038331	
0.70691783	
0.70691783	
0.70691783	
0.70343474	
0.70343474	
0.69993405	
0.69993405	
0.69993405	
0.69641578	
0.69641578	
0.69641578	
0.69287991	
0.69287991	
0.69287991	
0.68932648	
0.68932648	
0.68575548	
0.68575548	
0.68216693	
0.68216693	
0.68216693	
0.67856083	
0.67856083	
0.67856083	
0.67493721	
0.67493721	
0.67493721	
0.67129606	
0.67129606	
0.67129606	
0.66763740	
0.66763740	
0.66396125	
0.66396125	
0.66396125	
0.66026762	
0.66026762	
0.66026762	
0.65655651	
0.65655651	
0.65655651	
0.65282795	
0.65282795	
0.64908196	
0.64908196	
0.64908196	
0.64531854	
0.64531854	
0.64153771	
0.64153771	
0.64153771	
0.63773950	
0.63773950	
0.63773950	
0.63392392	
0.63392392	
0.63392392	
0.63009098	
0.63009098	
0.63009098	
0.62624071	
0.62624071	
0.62237314	
0.62237314	
0.62237314	
0.61848827	
0.61848827	
0.61848827	
0.61458613	
0.61458613	
0.61066675	
0.61066675	
0.61066675	
0.60673015	
0.60673015	
0.60277636	
0.60277636	
0.60277636	
0.59880540	
0.59880540	
0.59880540	
0.59481730	
0.59481730	
0.59481730	
0.59081209	
0.59081209	
0.59081209	
0.58678979	
0.58678979	
0.58275045	
0.58275045	
0.58275045	
0.57869408	
0.57869408	
0.57869408	
0.57462074	
0.57462074	
0.57053043	
0.57053043	
0.57053043	
0.56642322	
0.56642322	
0.56642322	
0.56229912	
0.56229912	
0.55815819	
0.55815819	
0.55815819	
0.55400046	
0.55400046	
0.55400046	
0.54982597	
0.54982597	
0.54982597	
0.54563477	
0.54563477	
0.54563477	
0.54142689	
0.54142689	
0.53720240	
0.53720240	
0.53720240	
0.53296133	
0.53296133	
0.52870373	
0.52870373	
0.52870373	
0.52442965	
0.52442965	
0.52442965	
0.52013916	
0.52013916	
0.51583230	
0.51583230	
0.51583230	
0.51150912	
0.51150912	
0.51150912	
0.50716970	
0.50716970	
0.50716970	
0.50281409	
0.50281409	
0.50281409	
0.49844234	
0.49844234	
0.49405453	
0.49405453	
0.49405453	
0.48965073	
0.48965073	
0.48523099	
0.48523099	
0.48523099	
0.48079540	
0.48079540	
0.48079540	
0.47634402	
0.47634402	
0.47634402	
0.47187693	
0.47187693	
0.46739421	
0.46739421	
0.46739421	
0.46289594	
0.46289594	
0.46289594	
0.45838219	
0.45838219	
0.45838219	
0.45385307	
0.45385307	
0.45385307	
0.44930864	
0.44930864	
0.44474900	
0.44474900	
0.44017425	
0.44017425	
0.44017425	
0.43558448	
0.43558448	
0.43558448	
0.43097978	
0.43097978	
0.43097978	
0.42636026	
0.42636026	
0.42172602	
0.42172602	
0.42172602	
0.41707716	
0.41707716	
0.41707716	
0.41241379	
0.41241379	
0.41241379	
0.40773603	
0.40773603	
0.40773603	
0.40304399	
0.40304399	
0.39833778	
0.39833778	
0.39361753	
0.39361753	
0.39361753	
0.38888336	
0.38888336	
0.38888336	
0.38413539	
0.38413539	
0.38413539	
0.37937375	
0.37937375	
0.37937375	
0.37459858	
0.37459858	
0.36981001	
0.36981001	
0.36981001	
0.36500818	
0.36500818	
0.36500818	
0.36019323	
0.36019323	
0.36019323	
0.35536530	
0.35536530	
0.35536530	
0.35052455	
0.34567112	
0.34567112	
0.34567112	
0.34080517	
0.34080517	
0.34080517	
0.33592685	
0.33592685	
0.33592685	
0.33103632	
0.33103632	
0.33103632	
0.32613376	
0.32613376	
0.32121932	
0.32121932	
0.32121932	
0.31629318	
0.31629318	
0.31629318	
0.31135551	
0.31135551	
0.31135551	
0.30640648	
0.30640648	
0.30640648	
0.30144628	
0.30144628	
0.29647509	
0.29647509	
0.29149310	
0.29149310	
0.29149310	
0.28650050	
0.28650050	
0.28650050	
0.28149747	
0.28149747	
0.28149747	
0.27648422	
0.27648422	
0.27648422	
0.27146094	
0.27146094	
0.26642784	
0.26642784	
0.26642784	
0.26138511	
0.26138511	
0.26138511	
0.25633298	
0.25633298	
0.25633298	
0.25127165	
0.25127165	
0.24620133	
0.24620133	
0.24112225	
0.24112225	
0.24112225	
0.23603461	
0.23603461	
0.23603461	
0.23093866	
0.23093866	
0.23093866	
0.22583460	
0.22583460	
0.22583460	
0.22072266	
0.22072266	
0.21560309	
0.21560309	
0.21560309	
0.21047611	
0.21047611	
0.21047611	
0.20534196	
0.20534196	
0.20534196	
0.20020087	
0.20020087	
0.19505309	
0.19505309	
0.19505309	
0.18989885	
0.18989885	
0.18473841	
0.18473841	
0.18473841	
0.17957201	
0.17957201	
0.17957201	
0.17439990	
0.17439990	
0.17439990	
0.16922232	
0.16922232	
0.16922232	
0.16403954	
0.16403954	
0.15885181	
0.15885181	
0.15885181	
0.15365937	
0.15365937	
0.15365937	
0.14846250	
0.14846250	
0.14326144	
0.14326144	
0.14326144	
0.13805646	
0.13805646	
0.13284781	
0.13284781	
0.13284781	
0.12763577	
0.12763577	
0.12763577	
0.12242059	
0.12242059	
0.12242059	
0.11720253	
0.11720253	
0.11720253	
0.11198187	
0.11198187	
0.10675886	
0.10675886	
0.10675886	
0.10153377	
0.10153377	
0.10153377	
0.09630687	
0.09630687	
0.09107842	
0.09107842	
0.09107842	
0.08584869	
0.08584869	
0.08584869	
0.08061795	
0.08061795	
0.07538645	
0.07538645	
0.07538645	
0.07015447	
0.07015447	
0.07015447	
0.06492227	
0.06492227	
0.06492227	
0.05969012	
0.05969012	
0.05969012	
0.05445828	
0.05445828	
0.04922701	
0.04922701	
0.04922701	
0.04399657	
0.04399657	
0.03876723	
0.03876723	
0.03876723	
0.03353925	
0.03353925	
0.03353925	
0.02831289	
0.02831289	
0.02308840	
0.02308840	
0.02308840	
0.01786605	
0.01786605	
0.01786605	
0.01264608	
0.01264608	
0.01264608	
0.00742874	
0.00742874	
0.00742874	
0.00221430	
0.00221430	
-0.00299699	
-0.00299699	
-0.00299699	
-0.00820490	
-0.00820490	
-0.01340918	
-0.01340918	
-0.01340918	
-0.01860957	
-0.01860957	
-0.01860957	
-0.02380585	
-0.02380585	
-0.02380585	
-0.02899776	
-0.02899776	
-0.03418508	
-0.03418508	
-0.03418508	
-0.03936757	
-0.03936757	
-0.03936757	
-0.04454499	
-0.04454499	
-0.04454499	
-0.04971712	
-0.04971712	
-0.04971712	
-0.05488373	
-0.05488373	
-0.06004459	
-0.06004459	
-0.06519949	
-0.06519949	
-0.06519949	
-0.07034820	
-0.07034820	
-0.07034820	
-0.07549052	
-0.07549052	
-0.07549052	
-0.08062621	
-0.08062621	
-0.08575509	
-0.08575509	
-0.08575509	
-0.09087693	
-0.09087693	
-0.09087693	
-0.09599154	
-0.09599154	
-0.09599154	
-0.10109871	
-0.10109871	
-0.10109871	
-0.10619824	
-0.10619824	
-0.11128995	
-0.11128995	
-0.11637364	
-0.11637364	
-0.11637364	
-0.12144912	
-0.12144912	
-0.12144912	
-0.12651620	
-0.12651620	
-0.12651620	
-0.13157470	
-0.13157470	
-0.13157470	
-0.13662446	
-0.13662446	
-0.14166527	
-0.14166527	
-0.14166527	
-0.14669699	
-0.14669699	
-0.14669699	
-0.15171943	
-0.15171943	
-0.15171943	
-0.15673243	
-0.15673243	
-0.15673243	
-0.16173583	
-0.16672946	
-0.16672946	
-0.16672946	
-0.17171318	
-0.17171318	
-0.17171318	
-0.17668682	
-0.17668682	
-0.17668682	
-0.18165025	
-0.18165025	
-0.18165025	
-0.18660330	
-0.18660330	
-0.19154583	
-0.19154583	
-0.19154583	
-0.19647771	
-0.19647771	
-0.19647771	
-0.20139880	
-0.20139880	
-0.20139880	
-0.20630896	
-0.20630896	
-0.20630896	
-0.21120806	
-0.21120806	
-0.21609598	
-0.21609598	
-0.22097257	
-0.22097257	
-0.22097257	
-0.22583773	
-0.22583773	
-0.22583773	
-0.23069133	
-0.23069133	
-0.23069133	
-0.23553326	
-0.23553326	
-0.23553326	
-0.24036340	
-0.24036340	
-0.24518164	
-0.24518164	
-0.24518164	
-0.24998786	
-0.24998786	
-0.24998786	
-0.25478197	
-0.25478197	
-0.25478197	
-0.25956386	
-0.25956386	
-0.26433343	
-0.26433343	
-0.26909058	
-0.26909058	
-0.26909058	
-0.27383522	
-0.27383522	
-0.27383522	
-0.27856724	
-0.27856724	
-0.27856724	
-0.28328657	
-0.28328657	
-0.28328657	
-0.28799311	
-0.28799311	
-0.29268678	
-0.29268678	
-0.29268678	
-0.29736748	
-0.29736748	
-0.29736748	
-0.30203515	
-0.30203515	
-0.30203515	
-0.30668970	
-0.30668970	
-0.31133105	
-0.31133105	
-0.31133105	
-0.31595913	
-0.31595913	
-0.32057387	
-0.32057387	
-0.32057387	
-0.32517519	
-0.32517519	
-0.32517519	
-0.32976302	
-0.32976302	
-0.32976302	
-0.33433731	
-0.33433731	
-0.33433731	
-0.33889797	
-0.33889797	
-0.34344496	
-0.34344496	
-0.34344496	
-0.34797821	
-0.34797821	
-0.34797821	
-0.35249765	
-0.35249765	
-0.35700323	
-0.35700323	
-0.35700323	
-0.36149490	
-0.36149490	
-0.36597260	
-0.36597260	
-0.36597260	
-0.37043627	
-0.37043627	
-0.37043627	
-0.37488587	
-0.37488587	
-0.37488587	
-0.37932134	
-0.37932134	
-0.37932134	
-0.38374264	
-0.38374264	
-0.38814972	
-0.38814972	
-0.38814972	
-0.39254253	
-0.39254253	
-0.39254253	
-0.39692102	
-0.39692102	
-0.40128516	
-0.40128516	
-0.40128516	
-0.40563491	
-0.40563491	
-0.40563491	
-0.40997022	
-0.40997022	
-0.41429105	
-0.41429105	
-0.41429105	
-0.41859736	
-0.41859736	
-0.41859736	
-0.42288912	
-0.42288912	
-0.42288912	
-0.42716629	
-0.42716629	
-0.42716629	
-0.43142884	
-0.43142884	
-0.43567672	
-0.43567672	
-0.43567672	
-0.43990992	
-0.43990992	
-0.44412839	
-0.44412839	
-0.44412839	
-0.44833211	
-0.44833211	
-0.44833211	
-0.45252104	
-0.45252104	
-0.45669516	
-0.45669516	
-0.45669516	
-0.46085443	
-0.46085443	
-0.46085443	
-0.46499883	
-0.46499883	
-0.46499883	
-0.46912833	
-0.46912833	
-0.46912833	
-0.47324291	
-0.47324291	
-0.47734253	
-0.47734253	
-0.47734253	
-0.48142718	
-0.48142718	
-0.48549683	
-0.48549683	
-0.48549683	
-0.48955145	
-0.48955145	
-0.48955145	
-0.49359102	
-0.49359102	
-0.49359102	
-0.49761553	
-0.49761553	
-0.50162494	
-0.50162494	
-0.50162494	
-0.50561923	
-0.50561923	
-0.50561923	
-0.50959840	
-0.50959840	
-0.50959840	
-0.51356240	
-0.51356240	
-0.51356240	
-0.51751123	
-0.51751123	
-0.52144487	
-0.52144487	
-0.52536329	
-0.52536329	
-0.52536329	
-0.52926648	
-0.52926648	
-0.52926648	
-0.53315441	
-0.53315441	
-0.53315441	
-0.53702708	
-0.53702708	
-0.54088446	
-0.54088446	
-0.54088446	
-0.54472653	
-0.54472653	
-0.54472653	
-0.54855329	
-0.54855329	
-0.54855329	
-0.55236470	
-0.55236470	
-0.55236470	
-0.55616076	
-0.55616076	
-0.55994145	
-0.55994145	
-0.56370676	
-0.56370676	
-0.56370676	
-0.56745666	
-0.56745666	
-0.56745666	
-0.57119114	
-0.57119114	
-0.57119114	
-0.57491019	
-0.57491019	
-0.57491019	
-0.57861379	
-0.57861379	
-0.58230193	
-0.58230193	
-0.58230193	
-0.58597459	
-0.58597459	
-0.58597459	
