297.19224943	
297.18856451	
297.18488106	
297.18119909	
297.17751860	
297.17383960	
297.17016207	
297.16648602	
297.16281144	
297.15913835	
297.15546673	
297.15179658	
297.14812791	
297.14446072	
297.14079500	
297.13713075	
297.13346797	
297.12980667	
297.12614684	
297.12248848	
297.11883159	
297.11517617	
297.11152222	
297.10786973	
297.10421872	
297.10056917	
297.09692109	
297.09327448	
297.08962933	
297.08598564	
297.08234343	
297.07870267	
297.07506338	
297.07142555	
297.06778918	
297.06415428	
297.06052083	
297.05688885	
297.05325832	
297.04962926	
297.04600165	
297.04237550	
297.03875081	
297.03512757	
297.03150580	
297.02788547	
297.02426661	
297.02064919	
297.01703323	
297.01341873	
297.00980567	
297.00619407	
297.00258392	
296.99897522	
296.99536797	
296.99176218	
296.98815783	
296.98455493	
296.98095347	
296.97735347	
296.97375491	
296.97015780	
296.96656213	
296.96296791	
296.95937513	
296.95578380	
296.95219391	
296.94860547	
296.94501846	
296.94143290	
296.93784878	
296.93426610	
296.93068486	
296.92710506	
296.92352669	
296.91994977	
296.91637428	
296.91280023	
296.90922762	
296.90565644	
296.90208670	
296.89851839	
296.89495152	
296.89138608	
296.88782207	
296.88425950	
296.88069836	
296.87713865	
296.87358037	
296.87002352	
296.86646809	
296.86291410	
296.85936154	
296.85581040	
296.85226070	
296.84871241	
296.84516556	
296.84162013	
296.83807612	
296.83453354	
296.83099239	
296.82745265	
296.82391434	
296.82037745	
296.81684199	
296.81330794	
296.80977531	
296.80624411	
296.80271432	
296.79918595	
296.79565900	
296.79213347	
296.78860935	
296.78508666	
296.78156537	
296.77804550	
296.77452705	
296.77101001	
296.76749439	
296.76398017	
296.76046737	
296.75695598	
296.75344601	
296.74993744	
296.74643028	
296.74292454	
296.73942020	
296.73591727	
296.73241575	
296.72891564	
296.72541693	
296.72191963	
296.71842373	
296.71492924	
296.71143616	
296.70794447	
296.70445419	
296.70096532	
296.69747784	
296.69399177	
296.69050710	
296.68702383	
296.68354196	
296.68006149	
296.67658242	
296.67310474	
296.66962847	
296.66615359	
296.66268011	
296.65920802	
296.65573733	
296.65226803	
296.64880013	
296.64533362	
296.64186851	
296.63840479	
296.63494246	
296.63148152	
296.62802197	
296.62456382	
296.62110705	
296.61765167	
296.61419768	
296.61074508	
296.60729387	
296.60384405	
296.60039561	
296.59694855	
296.59350289	
296.59005860	
296.58661570	
296.58317419	
296.57973406	
296.57629531	
296.57285794	
296.56942196	
296.56598735	
296.56255413	
296.55912228	
296.55569182	
296.55226273	
296.54883502	
296.54540869	
296.54198374	
296.53856016	
296.53513796	
296.53171714	
296.52829769	
296.52487961	
296.52146291	
296.51804758	
296.51463363	
296.51122104	
296.50780983	
296.50439999	
296.50099152	
296.49758441	
296.49417868	
296.49077432	
296.48737133	
296.48396970	
296.48056944	
296.47717054	
296.47377302	
296.47037686	
296.46698206	
296.46358863	
296.46019656	
296.45680585	
296.45341651	
296.45002853	
296.44664191	
296.44325666	
296.43987276	
296.43649022	
296.43310905	
296.42972923	
296.42635077	
296.42297367	
296.41959792	
296.41622353	
296.41285050	
296.40947882	
296.40610850	
296.40273954	
296.39937193	
296.39600567	
296.39264076	
296.38927721	
296.38591501	
296.38255416	
296.37919466	
296.37583651	
296.37247971	
296.36912426	
296.36577016	
296.36241740	
296.35906600	
296.35571594	
296.35236722	
296.34901986	
296.34567384	
296.34232916	
296.33898583	
296.33564384	
296.33230319	
296.32896389	
296.32562593	
296.32228931	
296.31895403	
296.31562009	
296.31228750	
296.30895624	
296.30562632	
296.30229774	
296.29897049	
296.29564459	
296.29232002	
296.28899679	
296.28567489	
296.28235433	
296.27903510	
296.27571721	
296.27240065	
296.26908542	
296.26577152	
296.26245896	
296.25914773	
296.25583783	
296.25252926	
296.24922202	
296.24591611	
296.24261153	
296.23930827	
296.23600634	
296.23270574	
296.22940647	
296.22610852	
296.22281190	
296.21951661	
296.21622263	
296.21292999	
296.20963866	
296.20634866	
296.20305998	
296.19977262	
296.19648658	
296.19320187	
296.18991847	
296.18663640	
296.18335564	
296.18007620	
296.17679808	
296.17352128	
296.17024579	
296.16697162	
296.16369877	
296.16042723	
296.15715701	
296.15388810	
296.15062050	
296.14735422	
296.14408925	
296.14082559	
296.13756325	
296.13430222	
296.13104249	
296.12778408	
296.12452698	
296.12127118	
296.11801670	
296.11476352	
296.11151165	
296.10826108	
296.10501183	
296.10176388	
296.09851723	
296.09527189	
296.09202785	
296.08878512	
296.08554369	
296.08230356	
296.07906474	
296.07582722	
296.07259100	
296.06935608	
296.06612246	
296.06289014	
296.05965911	
296.05642939	
296.05320097	
296.04997384	
296.04674801	
296.04352347	
296.04030024	
296.03707829	
296.03385765	
296.03063829	
296.02742023	
296.02420347	
296.02098800	
296.01777381	
296.01456093	
296.01134933	
296.00813902	
296.00493001	
296.00172228	
295.99851584	
295.99531069	
295.99210683	
295.98890426	
295.98570297	
295.98250297	
295.97930426	
295.97610683	
295.97291069	
295.96971584	
295.96652226	
295.96332997	
295.96013896	
295.95694924	
295.95376080	
295.95057364	
295.94738776	
295.94420316	
295.94101984	
295.93783780	
295.93465704	
295.93147755	
295.92829935	
295.92512242	
295.92194677	
295.91877240	
295.91559930	
295.91242747	
295.90925693	
295.90608765	
295.90291965	
295.89975292	
295.89658747	
295.89342329	
295.89026038	
295.88709874	
295.88393837	
295.88077927	
295.87762144	
295.87446488	
295.87130959	
295.86815557	
295.86500282	
295.86185133	
295.85870111	
295.85555215	
295.85240446	
295.84925804	
295.84611288	
295.84296898	
295.83982635	
295.83668498	
295.83354488	
295.83040603	
295.82726845	
295.82413213	
295.82099707	
295.81786326	
295.81473072	
295.81159944	
295.80846942	
295.80534065	
295.80221314	
295.79908689	
295.79596189	
295.79283815	
295.78971567	
295.78659444	
295.78347447	
295.78035575	
295.77723828	
295.77412207	
295.77100711	
295.76789340	
295.76478094	
295.76166973	
295.75855977	
295.75545107	
295.75234361	
295.74923740	
295.74613244	
295.74302873	
295.73992627	
295.73682505	
295.73372508	
295.73062635	
295.72752887	
295.72443264	
295.72133765	
295.71824390	
295.71515140	
295.71206014	
295.70897012	
295.70588134	
295.70279381	
295.69970751	
295.69662246	
295.69353865	
295.69045607	
295.68737474	
295.68429464	
295.68121579	
295.67813816	
295.67506178	
295.67198663	
295.66891272	
295.66584004	
295.66276860	
295.65969840	
295.65662942	
295.65356168	
295.65049518	
295.64742990	
295.64436586	
295.64130305	
295.63824147	
295.63518112	
295.63212200	
295.62906412	
295.62600745	
295.62295202	
295.61989782	
295.61684484	
295.61379309	
295.61074257	
295.60769327	
295.60464520	
295.60159836	
295.59855273	
295.59550834	
295.59246516	
295.58942321	
295.58638248	
295.58334298	
295.58030469	
295.57726763	
295.57423179	
295.57119717	
295.56816376	
295.56513158	
295.56210061	
295.55907087	
295.55604234	
295.55301503	
295.54998893	
295.54696405	
295.54394039	
295.54091794	
295.53789671	
295.53487669	
295.53185788	
295.52884029	
295.52582391	
295.52280875	
295.51979479	
295.51678205	
295.51377052	
295.51076019	
295.50775108	
295.50474318	
295.50173648	
295.49873100	
295.49572672	
295.49272365	
295.48972179	
295.48672113	
295.48372168	
295.48072344	
295.47772640	
295.47473056	
295.47173593	
295.46874250	
295.46575028	
295.46275925	
295.45976943	
295.45678082	
295.45379340	
295.45080718	
295.44782217	
295.44483835	
295.44185573	
295.43887431	
295.43589409	
295.43291507	
295.42993724	
295.42696062	
295.42398518	
295.42101095	
295.41803791	
295.41506606	
295.41209541	
295.40912595	
295.40615769	
295.40319062	
295.40022474	
295.39726005	
295.39429656	
295.39133425	
295.38837314	
295.38541322	
295.38245448	
295.37949694	
295.37654058	
295.37358542	
295.37063144	
295.36767864	
295.36472704	
295.36177662	
295.35882739	
295.35587934	
295.35293247	
295.34998680	
295.34704230	
295.34409899	
295.34115686	
295.33821591	
295.33527615	
295.33233757	
295.32940017	
295.32646394	
295.32352890	
295.32059504	
295.31766236	
295.31473086	
295.31180053	
295.30887138	
295.30594341	
295.30301662	
295.30009100	
295.29716656	
295.29424330	
295.29132121	
295.28840029	
295.28548055	
295.28256198	
295.27964458	
295.27672836	
295.27381331	
295.27089943	
295.26798672	
295.26507518	
295.26216481	
295.25925561	
295.25634759	
295.25344073	
295.25053503	
295.24763051	
295.24472715	
295.24182496	
295.23892394	
295.23602408	
295.23312539	
295.23022786	
295.22733150	
295.22443630	
295.22154227	
295.21864940	
295.21575769	
295.21286714	
295.20997776	
295.20708954	
295.20420247	
295.20131657	
295.19843183	
295.19554825	
295.19266582	
295.18978456	
295.18690445	
295.18402550	
295.18114771	
295.17827107	
295.17539559	
295.17252127	
295.16964810	
295.16677608	
295.16390522	
295.16103552	
295.15816696	
295.15529957	
295.15243332	
295.14956822	
295.14670428	
295.14384149	
295.14097984	
295.13811935	
295.13526001	
295.13240182	
295.12954477	
295.12668888	
295.12383413	
295.12098053	
295.11812807	
295.11527676	
295.11242660	
295.10957759	
295.10672972	
295.10388299	
295.10103741	
295.09819297	
295.09534967	
295.09250752	
295.08966651	
295.08682664	
295.08398792	
295.08115033	
295.07831388	
295.07547858	
295.07264441	
295.06981138	
295.06697950	
295.06414875	
295.06131913	
295.05849066	
295.05566332	
295.05283712	
295.05001205	
295.04718812	
295.04436533	
295.04154366	
295.03872314	
295.03590374	
295.03308548	
295.03026836	
295.02745236	
295.02463750	
295.02182376	
295.01901116	
295.01619969	
295.01338935	
295.01058014	
295.00777206	
295.00496510	
295.00215928	
294.99935458	
294.99655101	
294.99374857	
294.99094725	
294.98814706	
294.98534799	
294.98255005	
294.97975323	
294.97695754	
294.97416297	
294.97136952	
294.96857720	
294.96578600	
294.96299592	
294.96020696	
294.95741913	
294.95463241	
294.95184681	
294.94906234	
294.94627898	
294.94349674	
294.94071562	
294.93793562	
294.93515673	
294.93237896	
294.92960231	
294.92682678	
294.92405236	
294.92127905	
294.91850686	
294.91573578	
294.91296582	
294.91019697	
294.90742923	
294.90466261	
294.90189710	
294.89913269	
294.89636940	
294.89360722	
294.89084616	
294.88808620	
294.88532735	
294.88256960	
294.87981297	
294.87705745	
294.87430303	
294.87154972	
294.86879751	
294.86604642	
294.86329642	
294.86054754	
294.85779975	
294.85505308	
294.85230750	
294.84956303	
294.84681967	
294.84407740	
294.84133624	
294.83859618	
294.83585722	
294.83311936	
294.83038260	
294.82764694	
294.82491238	
294.82217892	
294.81944656	
294.81671530	
294.81398514	
294.81125607	
294.80852810	
294.80580122	
294.80307544	
294.80035076	
294.79762717	
294.79490468	
294.79218328	
294.78946297	
294.78674376	
294.78402564	
294.78130862	
294.77859268	
294.77587784	
294.77316409	
294.77045142	
294.76773985	
294.76502937	
294.76231998	
294.75961168	
294.75690446	
294.75419834	
294.75149330	
294.74878935	
294.74608648	
294.74338470	
294.74068401	
294.73798440	
294.73528588	
294.73258844	
294.72989209	
294.72719682	
294.72450263	
294.72180953	
294.71911751	
294.71642657	
294.71373671	
294.71104794	
294.70836024	
294.70567362	
294.70298809	
294.70030363	
294.69762025	
294.69493796	
294.69225673	
294.68957659	
294.68689752	
294.68421953	
294.68154262	
294.67886678	
294.67619202	
294.67351834	
294.67084572	
294.66817419	
294.66550372	
294.66283433	
294.66016601	
294.65749877	
294.65483259	
294.65216749	
294.64950346	
294.64684050	
294.64417861	
294.64151779	
294.63885804	
294.63619936	
294.63354174	
294.63088520	
294.62822972	
294.62557531	
294.62292197	
294.62026969	
294.61761848	
294.61496834	
294.61231926	
294.60967124	
294.60702429	
294.60437840	
294.60173358	
294.59908982	
294.59644712	
294.59380548	
294.59116491	
294.58852539	
294.58588694	
294.58324955	
294.58061322	
294.57797795	
294.57534373	
294.57271058	
294.57007848	
294.56744744	
294.56481746	
294.56218854	
294.55956067	
294.55693386	
294.55430811	
294.55168341	
294.54905976	
294.54643717	
294.54381564	
294.54119515	
294.53857572	
294.53595735	
294.53334002	
294.53072375	
294.52810853	
294.52549436	
294.52288124	
294.52026917	
294.51765815	
294.51504818	
294.51243926	
294.50983139	
294.50722457	
294.50461879	
294.50201406	
294.49941038	
294.49680774	
294.49420615	
294.49160561	
294.48900611	
294.48640766	
294.48381025	
294.48121388	
294.47861856	
294.47602428	
294.47343104	
294.47083885	
294.46824770	
294.46565759	
294.46306852	
294.46048049	
294.45789350	
294.45530755	
294.45272264	
294.45013877	
294.44755594	
294.44497414	
294.44239338	
294.43981366	
294.43723498	
294.43465734	
294.43208072	
294.42950515	
294.42693061	
294.42435711	
294.42178463	
294.41921320	
294.41664280	
294.41407342	
294.41150509	
294.40893778	
294.40637151	
294.40380627	
294.40124206	
294.39867888	
294.39611673	
294.39355561	
294.39099551	
294.38843645	
294.38587842	
294.38332141	
294.38076544	
294.37821049	
294.37565656	
294.37310367	
294.37055179	
294.36800095	
294.36545113	
294.36290233	
294.36035456	
294.35780782	
294.35526209	
294.35271739	
294.35017371	
294.34763106	
294.34508943	
294.34254881	
294.34000922	
294.33747065	
294.33493310	
294.33239657	
294.32986106	
294.32732657	
294.32479310	
294.32226065	
294.31972921	
294.31719879	
294.31466939	
294.31214100	
294.30961363	
294.30708728	
294.30456194	
294.30203762	
294.29951431	
294.29699202	
294.29447074	
294.29195047	
294.28943121	
294.28691297	
294.28439574	
294.28187952	
294.27936432	
294.27685012	
294.27433694	
294.27182476	
294.26931360	
294.26680344	
294.26429429	
294.26178615	
294.25927902	
294.25677290	
294.25426778	
294.25176367	
294.24926057	
294.24675848	
294.24425738	
294.24175730	
294.23925822	
294.23676014	
294.23426307	
294.23176700	
294.22927193	
294.22677787	
294.22428481	
294.22179275	
294.21930170	
294.21681164	
294.21432258	
294.21183453	
294.20934748	
294.20686142	
294.20437636	
294.20189231	
294.19940925	
294.19692719	
294.19444613	
294.19196606	
294.18948699	
294.18700892	
294.18453184	
294.18205576	
294.17958067	
294.17710658	
294.17463349	
294.17216138	
294.16969027	
294.16722016	
294.16475103	
294.16228290	
294.15981576	
294.15734962	
294.15488446	
294.15242029	
294.14995712	
294.14749493	
294.14503374	
294.14257353	
294.14011432	
294.13765609	
294.13519885	
294.13274259	
294.13028733	
294.12783305	
294.12537975	
294.12292745	
294.12047612	
294.11802579	
294.11557644	
294.11312807	
294.11068069	
294.10823429	
294.10578887	
294.10334444	
294.10090099	
294.09845852	
294.09601703	
294.09357653	
294.09113700	
294.08869846	
294.08626089	
294.08382431	
294.08138870	
294.07895408	
294.07652043	
294.07408776	
294.07165607	
294.06922535	
294.06679561	
294.06436685	
294.06193907	
294.05951226	
294.05708642	
294.05466157	
294.05223768	
294.04981477	
294.04739283	
294.04497187	
294.04255188	
294.04013286	
294.03771482	
294.03529775	
294.03288164	
294.03046651	
294.02805235	
294.02563916	
294.02322694	
294.02081569	
294.01840541	
294.01599610	
294.01358776	
294.01118038	
294.00877397	
294.00636853	
294.00396406	
294.00156055	
293.99915801	
293.99675643	
293.99435582	
293.99195617	
293.98955749	
293.98715977	
293.98476302	
293.98236722	
293.97997240	
293.97757853	
293.97518563	
293.97279369	
293.97040271	
293.96801269	
293.96562363	
293.96323553	
293.96084839	
293.95846221	
293.95607699	
293.95369273	
293.95130942	
293.94892708	
293.94654569	
293.94416526	
293.94178579	
293.93940727	
293.93702971	
293.93465310	
293.93227745	
293.92990275	
293.92752901	
293.92515622	
293.92278439	
293.92041351	
293.91804358	
293.91567460	
293.91330658	
293.91093951	
293.90857339	
293.90620822	
293.90384400	
293.90148073	
293.89911841	
293.89675704	
293.89439662	
293.89203715	
293.88967863	
293.88732105	
293.88496443	
293.88260875	
293.88025401	
293.87790022	
293.87554738	
293.87319549	
293.87084454	
293.86849453	
293.86614547	
293.86379735	
293.86145018	
293.85910395	
293.85675866	
293.85441432	
293.85207092	
293.84972846	
293.84738694	
293.84504636	
293.84270672	
293.84036803	
293.83803027	
293.83569345	
293.83335758	
293.83102264	
293.82868864	
293.82635557	
293.82402345	
293.82169226	
293.81936201	
293.81703270	
293.81470432	
293.81237688	
293.81005037	
293.80772480	
293.80540016	
293.80307646	
293.80075369	
293.79843186	
293.79611096	
293.79379099	
293.79147195	
293.78915385	
293.78683667	
293.78452043	
293.78220512	
293.77989074	
293.77757729	
293.77526477	
293.77295318	
293.77064252	
293.76833279	
293.76602398	
293.76371611	
293.76140916	
293.75910313	
293.75679804	
293.75449387	
293.75219063	
293.74988831	
293.74758692	
293.74528645	
293.74298691	
293.74068829	
293.73839060	
293.73609383	
293.73379798	
293.73150306	
293.72920906	
293.72691598	
293.72462382	
293.72233258	
293.72004226	
293.71775287	
293.71546439	
293.71317684	
293.71089020	
293.70860448	
293.70631968	
293.70403580	
293.70175284	
293.69947080	
293.69718967	
293.69490946	
293.69263016	
293.69035178	
293.68807432	
293.68579777	
293.68352214	
293.68124742	
293.67897362	
293.67670073	
293.67442875	
293.67215769	
293.66988754	
293.66761830	
293.66534998	
293.66308256	
293.66081606	
293.65855047	
293.65628579	
293.65402202	
293.65175915	
293.64949720	
293.64723616	
293.64497603	
293.64271680	
293.64045848	
293.63820107	
293.63594457	
293.63368897	
293.63143429	
293.62918050	
293.62692763	
293.62467565	
293.62242459	
293.62017443	
293.61792517	
293.61567681	
293.61342936	
293.61118282	
293.60893717	
293.60669243	
293.60444859	
293.60220566	
293.59996362	
293.59772249	
293.59548225	
293.59324292	
293.59100449	
293.58876695	
293.58653032	
293.58429458	
293.58205975	
293.57982581	
293.57759277	
293.57536062	
293.57312938	
293.57089903	
293.56866958	
293.56644102	
293.56421336	
293.56198659	
293.55976072	
293.55753575	
293.55531166	
293.55308848	
293.55086618	
293.54864478	
293.54642427	
293.54420465	
293.54198593	
293.53976810	
293.53755116	
293.53533511	
293.53311995	
293.53090568	
293.52869230	
293.52647981	
293.52426821	
293.52205750	
293.51984768	
293.51763874	
293.51543070	
293.51322354	
293.51101726	
293.50881188	
293.50660738	
293.50440377	
293.50220104	
293.49999920	
293.49779824	
293.49559817	
293.49339898	
293.49120067	
293.48900325	
293.48680671	
293.48461106	
293.48241629	
293.48022240	
293.47802939	
293.47583726	
293.47364602	
293.47145565	
293.46926616	
293.46707756	
293.46488983	
293.46270299	
293.46051702	
293.45833193	
293.45614772	
293.45396439	
293.45178193	
293.44960036	
293.44741965	
293.44523983	
293.44306088	
293.44088281	
293.43870561	
293.43652929	
293.43435384	
293.43217927	
293.43000557	
293.42783274	
293.42566079	
293.42348971	
293.42131950	
293.41915017	
293.41698171	
293.41481411	
293.41264739	
293.41048155	
293.40831657	
293.40615246	
293.40398922	
293.40182685	
293.39966535	
293.39750472	
293.39534496	
293.39318606	
293.39102803	
293.38887087	
293.38671458	
293.38455915	
293.38240459	
293.38025090	
293.37809807	
293.37594611	
293.37379501	
293.37164477	
293.36949541	
293.36734690	
293.36519926	
293.36305248	
293.36090656	
293.35876151	
293.35661732	
293.35447399	
293.35233152	
293.35018991	
293.34804916	
293.34590928	
293.34377025	
293.34163209	
293.33949478	
293.33735833	
293.33522274	
293.33308801	
293.33095414	
293.32882112	
293.32668896	
293.32455766	
293.32242722	
293.32029763	
293.31816890	
293.31604102	
293.31391400	
293.31178783	
293.30966252	
293.30753806	
293.30541446	
293.30329171	
293.30116981	
293.29904876	
293.29692857	
293.29480923	
293.29269074	
293.29057311	
293.28845632	
293.28634039	
293.28422530	
293.28211107	
293.27999768	
293.27788515	
293.27577346	
293.27366262	
293.27155263	
293.26944349	
293.26733520	
293.26522775	
293.26312115	
293.26101540	
293.25891050	
293.25680644	
293.25470322	
293.25260085	
293.25049933	
293.24839865	
293.24629881	
293.24819982	
293.25010007	
293.25199955	
293.25389827	
293.25579622	
293.25769341	
293.25958984	
293.26148551	
293.26338041	
293.26527456	
293.26716794	
293.26906056	
293.27095242	
293.27284352	
293.27473386	
293.27662344	
293.27851226	
293.28040032	
293.28228763	
293.28417417	
293.28605996	
293.28794499	
293.28982926	
293.29171277	
293.29359553	
293.29547753	
293.29735877	
293.29923926	
293.30111899	
293.30299796	
293.30487618	
293.30675365	
293.30863036	
293.31050632	
293.31238152	
293.31425597	
293.31612966	
293.31800261	
293.31987480	
293.32174623	
293.32361692	
293.32548685	
293.32735604	
293.32922447	
293.33109215	
293.33295907	
293.33482525	
293.33669068	
293.33855536	
293.34041929	
293.34228247	
293.34414490	
293.34600659	
293.34786752	
293.34972771	
293.35158715	
293.35344584	
293.35530378	
293.35716098	
293.35901743	
293.36087314	
293.36272810	
293.36458231	
293.36643578	
293.36828850	
293.37014048	
293.37199172	
293.37384221	
293.37569196	
293.37754096	
293.37938922	
293.38123674	
293.38308351	
293.38492955	
293.38677484	
293.38861939	
293.39046320	
293.39230626	
293.39414859	
293.39599017	
293.39783102	
293.39967113	
293.40151049	
293.40334912	
293.40518701	
293.40702416	
293.40886057	
293.41069624	
293.41253117	
293.41436537	
293.41619883	
293.41803156	
293.41986354	
293.42169479	
293.42352531	
293.42535509	
293.42718413	
293.42901244	
293.43084001	
293.43266685	
293.43449296	
293.43631833	
293.43814296	
293.43996687	
293.44179004	
293.44361248	
293.44543418	
293.44725515	
293.44907540	
293.45089491	
293.45271368	
293.45453173	
293.45634905	
293.45816564	
293.45998149	
293.46179662	
293.46361101	
293.46542468	
293.46723762	
293.46904983	
293.47086131	
293.47267207	
293.47448209	
293.47629139	
293.47809996	
293.47990781	
293.48171493	
293.48352132	
293.48532698	
293.48713192	
293.48893614	
293.49073963	
293.49254239	
293.49434443	
293.49614575	
293.49794634	
293.49974620	
293.50154535	
293.50334377	
293.50514147	
293.50693845	
293.50873470	
293.51053023	
293.51232504	
293.51411913	
293.51591250	
293.51770514	
293.51949707	
293.52128828	
293.52307876	
293.52486853	
293.52665758	
293.52844591	
293.53023352	
293.53202041	
293.53380658	
293.53559204	
293.53737677	
293.53916079	
293.54094410	
293.54272668	
293.54450855	
293.54628971	
293.54807014	
293.54984987	
293.55162887	
293.55340717	
293.55518474	
293.55696161	
293.55873775	
293.56051319	
293.56228791	
293.56406192	
293.56583521	
293.56760780	
293.56937967	
293.57115082	
293.57292127	
293.57469100	
293.57646003	
293.57822834	
293.57999594	
293.58176283	
293.58352901	
293.58529448	
293.58705924	
293.58882330	
293.59058664	
293.59234927	
293.59411120	
293.59587242	
293.59763293	
293.59939273	
293.60115182	
293.60291021	
293.60466789	
293.60642487	
293.60818114	
293.60993670	
293.61169156	
293.61344571	
293.61519916	
293.61695190	
293.61870394	
293.62045527	
293.62220590	
293.62395583	
293.62570505	
293.62745357	
293.62920139	
293.63094850	
293.63269491	
293.63444062	
293.63618563	
293.63792994	
293.63967355	
293.64141645	
293.64315866	
293.64490016	
293.64664097	
293.64838107	
293.65012048	
293.65185918	
293.65359719	
293.65533450	
293.65707111	
293.65880703	
293.66054224	
293.66227676	
293.66401058	
293.66574370	
293.66747613	
293.66920786	
293.67093890	
293.67266924	
293.67439888	
293.67612783	
293.67785609	
293.67958364	
293.68131051	
293.68303668	
293.68476216	
293.68648694	
293.68821103	
293.68993443	
293.69165714	
293.69337915	
293.69510047	
293.69682110	
293.69854103	
293.70026028	
293.70197883	
293.70369670	
293.70541387	
293.70713036	
293.70884615	
293.71056125	
293.71227567	
293.71398939	
293.71570243	
293.71741478	
293.71912644	
293.72083741	
293.72254770	
293.72425729	
293.72596620	
293.72767443	
293.72938196	
293.73108881	
293.73279498	
293.73450046	
293.73620525	
293.73790936	
293.73961278	
293.74131552	
293.74301757	
293.74471894	
293.74641963	
293.74811963	
293.74981895	
293.75151759	
293.75321554	
293.75491281	
293.75660940	
293.75830531	
293.76000054	
293.76169508	
293.76338894	
293.76508213	
293.76677463	
293.76846645	
293.77015759	
293.77184805	
293.77353784	
293.77522694	
293.77691536	
293.77860311	
293.78029018	
293.78197657	
293.78366228	
293.78534731	
293.78703167	
293.78871535	
293.79039835	
293.79208068	
293.79376233	
293.79544331	
293.79712361	
293.79880323	
293.80048218	
293.80216045	
293.80383805	
293.80551498	
293.80719123	
293.80886681	
293.81054171	
293.81221594	
293.81388950	
293.81556239	
293.81723460	
293.81890614	
293.82057701	
293.82224721	
293.82391674	
293.82558559	
293.82725378	
293.82892129	
293.83058813	
293.83225431	
293.83391981	
293.83558465	
293.83724881	
293.83891231	
293.84057514	
293.84223730	
293.84389879	
293.84555962	
293.84721977	
293.84887926	
293.85053808	
293.85219624	
293.85385373	
293.85551055	
293.85716671	
293.85882220	
293.86047703	
293.86213119	
293.86378469	
293.86543752	
293.86708969	
293.86874119	
293.87039203	
293.87204221	
293.87369172	
293.87534057	
293.87698876	
293.87863628	
293.88028315	
293.88192935	
293.88357489	
293.88521976	
293.88686398	
293.88850754	
293.89015043	
293.89179267	
293.89343424	
293.89507516	
293.89671541	
293.89835501	
293.89999395	
293.90163223	
293.90326985	
293.90490681	
293.90654311	
293.90817876	
293.90981375	
293.91144808	
293.91308176	
293.91471478	
293.91634714	
293.91797884	
293.91960989	
293.92124029	
293.92287003	
293.92449911	
293.92612754	
293.92775532	
293.92938244	
293.93100891	
293.93263472	
293.93425988	
293.93588439	
293.93750824	
293.93913144	
293.94075399	
293.94237589	
293.94399713	
293.94561773	
293.94723767	
293.94885696	
293.95047560	
293.95209359	
293.95371093	
293.95532762	
293.95694366	
293.95855905	
293.96017379	
293.96178788	
293.96340132	
293.96501412	
293.96662626	
293.96823776	
293.96984861	
293.97145882	
293.97306837	
293.97467728	
293.97628554	
293.97789316	
293.97950013	
293.98110645	
293.98271213	
293.98431717	
293.98592155	
293.98752530	
293.98912840	
293.99073085	
293.99233266	
293.99393383	
293.99553435	
293.99713423	
293.99873347	
294.00033206	
294.00193001	
294.00352732	
294.00512399	
294.00672001	
294.00831540	
294.00991014	
294.01150424	
294.01309770	
294.01469053	
294.01628271	
294.01787425	
294.01946515	
294.02105541	
294.02264503	
294.02423402	
294.02582236	
294.02741007	
294.02899714	
294.03058357	
294.03216936	
294.03375451	
294.03533903	
294.03692291	
294.03850616	
294.04008877	
294.04167074	
294.04325208	
294.04483278	
294.04641284	
294.04799228	
294.04957107	
294.05114923	
294.05272676	
294.05430365	
294.05587991	
294.05745554	
294.05903053	
294.06060489	
294.06217862	
294.06375171	
294.06532418	
294.06689601	
294.06846720	
294.07003777	
294.07160771	
294.07317701	
294.07474569	
294.07631373	
294.07788114	
294.07944793	
294.08101408	
294.08257960	
294.08414450	
294.08570876	
294.08727240	
294.08883541	
294.09039779	
294.09195954	
294.09352067	
294.09508117	
294.09664104	
294.09820028	
294.09975890	
294.10131689	
294.10287425	
294.10443099	
294.10598710	
294.10754259	
294.10909745	
294.11065169	
294.11220530	
294.11375829	
294.11531065	
294.11686239	
294.11841351	
294.11996400	
294.12151387	
294.12306312	
294.12461174	
294.12615974	
294.12770712	
294.12925388	
294.13080002	
294.13234553	
294.13389042	
294.13543470	
294.13697835	
294.13852138	
294.14006379	
294.14160558	
294.14314675	
294.14468731	
294.14622724	
294.14776655	
294.14930525	
294.15084332	
294.15238078	
294.15391762	
294.15545385	
294.15698945	
294.15852444	
294.16005881	
294.16159257	
294.16312571	
294.16465823	
294.16619014	
294.16772143	
294.16925210	
294.17078216	
294.17231161	
294.17384044	
294.17536865	
294.17689625	
294.17842324	
294.17994962	
294.18147538	
294.18300052	
294.18452506	
294.18604898	
294.18757229	
294.18909498	
294.19061707	
294.19213854	
294.19365940	
294.19517965	
294.19669929	
294.19821832	
294.19973674	
294.20125455	
294.20277175	
294.20428833	
294.20580431	
294.20731968	
294.20883444	
294.21034859	
294.21186214	
294.21337507	
294.21488740	
294.21639911	
294.21791023	
294.21942073	
294.22093063	
294.22243991	
294.22394860	
294.22545667	
294.22696415	
294.22847101	
294.22997727	
294.23148292	
294.23298797	
294.23449241	
294.23599625	
294.23749949	
294.23900212	
294.24050414	
294.24200557	
294.24350639	
294.24500660	
294.24650622	
294.24800523	
294.24950363	
294.25100144	
294.25249864	
294.25399525	
294.25549125	
294.25698664	
294.25848144	
294.25997564	
294.26146924	
294.26296223	
294.26445463	
294.26594643	
294.26743762	
294.26892822	
294.27041822	
294.27190762	
294.27339642	
294.27488462	
294.27637223	
294.27785924	
294.27934564	
294.28083146	
294.28231667	
294.28380129	
294.28528531	
294.28676873	
294.28825156	
294.28973379	
294.29121543	
294.29269647	
294.29417692	
294.29565677	
294.29713603	
294.29861469	
294.30009275	
294.30157023	
294.30304711	
294.30452339	
294.30599908	
294.30747418	
294.30894869	
294.31042260	
294.31189593	
294.31336865	
294.31484079	
294.31631234	
294.31778329	
294.31925366	
294.32072343	
294.32219261	
294.32366120	
294.32512920	
294.32659661	
294.32806343	
294.32952966	
294.33099530	
294.33246036	
294.33392482	
294.33538870	
294.33685198	
294.33831468	
294.33977679	
294.34123832	
294.34269925	
294.34415960	
294.34561937	
294.34707854	
294.34853713	
294.34999513	
294.35145255	
294.35290938	
294.35436563	
294.35582129	
294.35727636	
294.35873085	
294.36018476	
294.36163808	
294.36309081	
294.36454297	
294.36599454	
294.36744552	
294.36889593	
294.37034575	
294.37179498	
294.37324364	
294.37469171	
294.37613920	
294.37758611	
294.37903244	
294.38047819	
294.38192335	
294.38336793	
294.38481194	
294.38625536	
294.38769820	
294.38914047	
294.39058215	
294.39202326	
294.39346378	
294.39490373	
294.39634309	
294.39778188	
294.39922009	
294.40065772	
294.40209478	
294.40353126	
294.40496716	
294.40640248	
294.40783722	
294.40927139	
294.41070499	
294.41213800	
294.41357044	
294.41500231	
294.41643360	
294.41786431	
294.41929445	
294.42072401	
294.42215300	
294.42358142	
294.42500926	
294.42643653	
294.42786322	
294.42928934	
294.43071489	
294.43213986	
294.43356426	
294.43498809	
294.43641135	
294.43783403	
294.43925615	
294.44067769	
294.44209866	
294.44351906	
294.44493889	
294.44635814	
294.44777683	
294.44919495	
294.45061249	
294.45202947	
294.45344588	
294.45486172	
294.45627698	
294.45769169	
294.45910582	
294.46051938	
294.46193238	
294.46334480	
294.46475666	
294.46616795	
294.46757868	
294.46898884	
294.47039843	
294.47180745	
294.47321591	
294.47462380	
294.47603113	
294.47743789	
294.47884409	
294.48024972	
294.48165478	
294.48305928	
294.48446322	
294.48586659	
294.48726940	
294.48867164	
294.49007332	
294.49147444	
294.49287500	
294.49427499	
294.49567441	
294.49707328	
294.49847158	
294.49986933	
294.50126651	
294.50266312	
294.50405918	
294.50545468	
294.50684961	
294.50824399	
294.50963780	
294.51103105	
294.51242375	
294.51381588	
294.51520746	
294.51659847	
294.51798893	
294.51937883	
294.52076817	
294.52215695	
294.52354517	
294.52493283	
294.52631994	
294.52770649	
294.52909248	
294.53047791	
294.53186279	
294.53324711	
294.53463088	
294.53601409	
294.53739674	
294.53877884	
294.54016038	
294.54154136	
294.54292180	
294.54430167	
294.54568099	
294.54705976	
294.54843798	
294.54981564	
294.55119274	
294.55256929	
294.55394529	
294.55532074	
294.55669563	
294.55806997	
294.55944376	
294.56081700	
294.56218968	
294.56356181	
294.56493339	
294.56630442	
294.56767490	
294.56904483	
294.57041421	
294.57178303	
294.57315131	
294.57451904	
294.57588621	
294.57725284	
294.57861892	
294.57998445	
294.58134943	
294.58271386	
294.58407775	
294.58544108	
294.58680387	
294.58816611	
294.58952780	
294.59088895	
294.59224954	
294.59360959	
294.59496910	
294.59632806	
294.59768647	
294.59904433	
294.60040165	
294.60175843	
294.60311466	
294.60447034	
294.60582548	
294.60718008	
294.60853413	
294.60988763	
294.61124059	
294.61259301	
294.61394489	
294.61529622	
294.61664701	
294.61799725	
294.61934695	
294.62069611	
294.62204473	
294.62339281	
294.62474034	
294.62608733	
294.62743378	
294.62877969	
294.63012506	
294.63146989	
294.63281418	
294.63415793	
294.63550113	
294.63684380	
294.63818593	
294.63952752	
294.64086857	
294.64220908	
294.64354905	
294.64488848	
294.64622738	
294.64756573	
294.64890355	
294.65024083	
294.65157757	
294.65291378	
294.65424945	
294.65558458	
294.65691918	
294.65825324	
294.65958676	
294.66091975	
294.66225220	
294.66358411	
294.66491550	
294.66624634	
294.66757665	
294.66890643	
294.67023567	
294.67156438	
294.67289255	
294.67422019	
294.67554729	
294.67687387	
294.67819990	
294.67952541	
294.68085038	
294.68217483	
294.68349873	
294.68482211	
294.68614496	
294.68746727	
294.68878905	
294.69011030	
294.69143102	
294.69275121	
294.69407087	
294.69538999	
294.69670859	
294.69802666	
294.69934419	
294.70066120	
294.70197768	
294.70329363	
294.70460905	
294.70592394	
294.70723831	
294.70855214	
294.70986545	
294.71117823	
294.71249048	
294.71380220	
294.71511340	
294.71642407	
294.71773422	
294.71904383	
294.72035292	
294.72166149	
294.72296953	
294.72427704	
294.72558402	
294.72689049	
294.72819642	
294.72950184	
294.73080672	
294.73211109	
294.73341492	
294.73471824	
294.73602103	
294.73732330	
294.73862504	
294.73992626	
294.74122696	
294.74252713	
294.74382678	
294.74512591	
294.74642452	
294.74772261	
294.74902017	
294.75031721	
294.75161373	
294.75290973	
294.75420521	
294.75550017	
294.75679461	
294.75808853	
294.75938193	
294.76067480	
294.76196716	
294.76325900	
294.76455032	
294.76584112	
294.76713140	
294.76842117	
294.76971041	
294.77099914	
294.77228735	
294.77357504	
294.77486221	
294.77614887	
294.77743501	
294.77872063	
294.78000573	
294.78129032	
294.78257440	
294.78385795	
294.78514099	
294.78642352	
294.78770553	
294.78898702	
294.79026800	
294.79154847	
294.79282841	
294.79410785	
294.79538677	
294.79666518	
294.79794307	
294.79922045	
294.80049732	
294.80177367	
294.80304951	
294.80432484	
294.80559965	
294.80687395	
294.80814774	
294.80942102	
294.81069379	
294.81196604	
294.81323779	
294.81450902	
294.81577974	
294.81704995	
294.81831965	
294.81958884	
294.82085752	
294.82212569	
294.82339335	
294.82466050	
294.82592715	
294.82719328	
294.82845890	
294.82972402	
294.83098862	
294.83225272	
294.83351631	
294.83477939	
294.83604197	
294.83730403	
294.83856559	
294.83982665	
294.84108719	
294.84234723	
294.84360677	
294.84486579	
294.84612431	
294.84738233	
294.84863984	
294.84989684	
294.85115334	
294.85240933	
294.85366482	
294.85491981	
294.85617429	
294.85742826	
294.85868173	
294.85993470	
294.86118716	
294.86243913	
294.86369058	
294.86494154	
294.86619199	
294.86744194	
294.86869139	
294.86994033	
294.87118877	
294.87243672	
294.87368415	
294.87493109	
294.87617753	
294.87742347	
294.87866890	
294.87991384	
294.88115827	
294.88240220	
294.88364564	
294.88488857	
294.88613101	
294.88737294	
294.88861438	
294.88985532	
294.89109576	
294.89233570	
294.89357514	
294.89481408	
294.89605253	
294.89729048	
294.89852793	
294.89976488	
294.90100133	
294.90223729	
294.90347276	
294.90470772	
294.90594219	
294.90717616	
294.90840964	
294.90964262	
294.91087511	
294.91210710	
294.91333859	
294.91456959	
294.91580010	
294.91703011	
294.91825963	
294.91948865	
294.92071718	
294.92194521	
294.92317276	
294.92439980	
294.92562636	
294.92685242	
294.92807799	
294.92930307	
294.93052765	
294.93175174	
294.93297534	
294.93419845	
294.93542107	
294.93664319	
294.93786482	
294.93908597	
294.94030662	
294.94152678	
294.94274645	
294.94396563	
294.94518432	
294.94640253	
294.94762024	
294.94883746	
294.95005419	
294.95127044	
294.95248619	
294.95370146	
294.95491624	
294.95613053	
294.95734433	
294.95855764	
294.95977047	
294.96098281	
294.96219466	
294.96340602	
294.96461690	
294.96582729	
294.96703719	
294.96824661	
294.96945554	
294.97066399	
294.97187195	
294.97307943	
294.97428642	
294.97549292	
294.97669894	
294.97790448	
294.97910953	
294.98031409	
294.98151817	
294.98272177	
294.98392489	
294.98512752	
294.98632966	
294.98753133	
294.98873251	
294.98993321	
294.99113342	
294.99233316	
294.99353241	
294.99473118	
294.99592947	
294.99712727	
294.99832460	
294.99952144	
295.00071780	
295.00191368	
295.00310908	
295.00430400	
295.00549844	
295.00669240	
295.00788588	
295.00907888	
295.01027141	
295.01146345	
295.01265501	
295.01384609	
295.01503670	
295.01622682	
295.01741647	
295.01860564	
295.01979433	
295.02098255	
295.02217029	
295.02335754	
295.02454433	
295.02573063	
295.02691646	
295.02810181	
295.02928669	
295.03047109	
295.03165501	
295.03283846	
295.03402143	
295.03520393	
295.03638595	
295.03756749	
295.03874856	
295.03992916	
295.04110928	
295.04228893	
295.04346810	
295.04464680	
295.04582503	
295.04700278	
295.04818006	
295.04935686	
295.05053320	
295.05170906	
295.05288444	
295.05405936	
295.05523380	
295.05640777	
295.05758127	
295.05875430	
295.05992685	
295.06109894	
295.06227055	
295.06344169	
295.06461236	
295.06578257	
295.06695230	
295.06812156	
295.06929035	
295.07045867	
295.07162652	
295.07279390	
295.07396082	
295.07512726	
295.07629323	
295.07745874	
295.07862378	
295.07978835	
295.08095245	
295.08211608	
295.08327925	
295.08444195	
295.08560418	
295.08676595	
295.08792724	
295.08908807	
295.09024844	
295.09140833	
295.09256777	
295.09372673	
295.09488523	
295.09604327	
295.09720083	
295.09835794	
295.09951458	
295.10067075	
295.10182646	
295.10298170	
295.10413648	
295.10529080	
295.10644465	
295.10759804	
295.10875096	
295.10990342	
295.11105542	
295.11220696	
295.11335803	
295.11450864	
295.11565879	
295.11680847	
295.11795769	
295.11910646	
295.12025475	
295.12140259	
295.12254997	
295.12369688	
295.12484334	
295.12598933	
295.12713486	
295.12827994	
295.12942455	
295.13056870	
295.13171239	
295.13285563	
295.13399840	
295.13514071	
295.13628257	
295.13742396	
295.13856490	
295.13970538	
295.14084540	
295.14198496	
295.14312407	
295.14426271	
295.14540090	
295.14653863	
295.14767591	
295.14881272	
295.14994908	
295.15108499	
295.15222043	
295.15335542	
295.15448996	
295.15562403	
295.15675766	
295.15789082	
295.15902353	
295.16015579	
295.16128759	
295.16241894	
295.16354983	
295.16468027	
295.16581025	
295.16693978	
295.16806885	
295.16919747	
295.17032564	
295.17145335	
295.17258061	
295.17370742	
295.17483377	
295.17595967	
295.17708512	
295.17821012	
295.17933466	
295.18045876	
295.18158240	
295.18270559	
295.18382832	
295.18495061	
295.18607245	
295.18719383	
295.18831477	
295.18943525	
295.19055528	
295.19167486	
295.19279400	
295.19391268	
295.19503091	
295.19614870	
295.19726603	
295.19838292	
295.19949936	
295.20061534	
295.20173088	
295.20284597	
295.20396062	
295.20507481	
295.20618856	
295.20730186	
295.20841471	
295.20952712	
295.21063907	
295.21175058	
295.21286165	
295.21397227	
295.21508244	
295.21619216	
295.21730144	
295.21841028	
295.21951866	
295.22062660	
295.22173410	
295.22284115	
295.22394776	
295.22505392	
295.22615964	
295.22726491	
295.22836974	
295.22947413	
295.23057807	
295.23168156	
295.23278462	
295.23388723	
295.23498939	
295.23609112	
295.23719240	
295.23829324	
295.23939363	
295.24049359	
295.24159310	
295.24269217	
295.24379080	
295.24488899	
295.24598673	
295.24708403	
295.24818090	
295.24927732	
295.25037330	
295.25146884	
295.25256394	
295.25365860	
295.25475282	
295.25584661	
295.25693995	
295.25803285	
295.25912531	
295.26021734	
295.26130892	
295.26240007	
295.26349077	
295.26458104	
295.26567087	
295.26676027	
295.26784922	
295.26893774	
295.27002582	
295.27111346	
295.27220067	
295.27328743	
295.27437377	
295.27545966	
295.27654512	
295.27763014	
295.27871473	
295.27979888	
295.28088259	
295.28196587	
295.28304871	
295.28413112	
295.28521310	
295.28629463	
295.28737574	
295.28845641	
295.28953664	
295.29061644	
295.29169581	
295.29277474	
295.29385324	
295.29493131	
295.29600894	
295.29708614	
295.29816291	
295.29923924	
295.30031514	
295.30139061	
295.30246565	
295.30354025	
295.30461442	
295.30568816	
295.30676147	
295.30783435	
295.30890680	
295.30997881	
295.31105040	
295.31212155	
295.31319228	
295.31426257	
295.31533243	
295.31640187	
295.31747087	
295.31853944	
295.31960759	
295.32067530	
295.32174259	
295.32280944	
295.32387587	
295.32494187	
295.32600744	
295.32707258	
295.32813730	
295.32920158	
295.33026544	
295.33132888	
295.33239188	
295.33345446	
295.33451661	
295.33557833	
295.33663962	
295.33770049	
295.33876094	
295.33982095	
295.34088054	
295.34193971	
295.34299845	
295.34405676	
295.34511465	
295.34617211	
295.34722915	
295.34828576	
295.34934195	
295.35039772	
295.35145306	
295.35250797	
295.35356246	
295.35461653	
295.35567018	
295.35672340	
295.35777619	
295.35882857	
295.35988052	
295.36093205	
295.36198315	
295.36303384	
295.36408410	
295.36513394	
295.36618335	
295.36723235	
295.36828092	
295.36932908	
295.37037681	
295.37142412	
295.37247101	
295.37351747	
295.37456352	
295.37560915	
295.37665436	
295.37769914	
295.37874351	
295.37978746	
295.38083098	
295.38187409	
295.38291678	
295.38395905	
295.38500090	
295.38604233	
295.38708335	
295.38812394	
295.38916412	
295.39020388	
295.39124322	
295.39228214	
295.39332065	
295.39435874	
295.39539641	
295.39643366	
295.39747050	
295.39850692	
295.39954292	
295.40057851	
295.40161368	
295.40264844	
295.40368278	
295.40471670	
295.40575021	
295.40678330	
295.40781598	
295.40884824	
295.40988009	
295.41091152	
295.41194254	
295.41297315	
295.41400334	
295.41503311	
295.41606247	
295.41709142	
295.41811996	
295.41914808	
295.42017579	
295.42120308	
295.42222996	
295.42325643	
295.42428249	
295.42530813	
295.42633336	
295.42735818	
295.42838259	
295.42940659	
295.43043017	
295.43145335	
295.43247611	
295.43349846	
295.43452040	
295.43554193	
295.43656305	
295.43758376	
295.43860406	
295.43962395	
295.44064342	
295.44166249	
295.44268115	
295.44369940	
295.44471724	
295.44573467	
295.44675170	
295.44776831	
295.44878451	
295.44980031	
295.45081570	
295.45183068	
295.45284525	
295.45385942	
295.45487317	
295.45588652	
295.45689947	
295.45791200	
295.45892413	
295.45993585	
295.46094716	
295.46195807	
295.46296858	
295.46397867	
295.46498836	
295.46599764	
295.46700652	
295.46801500	
295.46902306	
295.47003073	
295.47103798	
295.47204484	
295.47305128	
295.47405733	
295.47506297	
295.47606820	
295.47707303	
295.47807746	
295.47908148	
295.48008510	
295.48108832	
295.48209113	
295.48309354	
295.48409555	
295.48509715	
295.48609836	
295.48709916	
295.48809955	
295.48909955	
295.49009914	
295.49109833	
295.49209712	
295.49309551	
295.49409350	
295.49509109	
295.49608827	
295.49708506	
295.49808144	
295.49907742	
295.50007301	
295.50106819	
295.50206297	
295.50305736	
295.50405134	
295.50504492	
295.50603811	
295.50703089	
295.50802328	
295.50901527	
295.51000686	
295.51099805	
295.51198884	
295.51297923	
295.51396923	
295.51495883	
295.51594803	
295.51693683	
295.51792524	
295.51891324	
295.51990085	
295.52088807	
295.52187489	
295.52286131	
295.52384733	
295.52483296	
295.52581819	
295.52680303	
295.52778747	
295.52877151	
295.52975516	
295.53073841	
295.53172127	
295.53270373	
295.53368580	
295.53466747	
295.53564875	
295.53662964	
295.53761013	
295.53859022	
295.53956993	
295.54054924	
295.54152815	
295.54250667	
295.54348480	
295.54446254	
295.54543988	
295.54641683	
295.54739338	
295.54836955	
295.54934532	
295.55032070	
295.55129569	
295.55227028	
295.55324449	
295.55421830	
295.55519172	
295.55616475	
295.55713739	
295.55810964	
295.55908150	
295.56005296	
295.56102404	
295.56199472	
295.56296502	
295.56393493	
295.56490444	
295.56587357	
295.56684230	
295.56781065	
295.56877861	
295.56974618	
295.57071336	
295.57168015	
295.57264655	
295.57361257	
295.57457820	
295.57554343	
295.57650828	
295.57747275	
295.57843682	
295.57940051	
295.58036381	
295.58132672	
295.58228925	
295.58325139	
295.58421314	
295.58517451	
295.58613549	
295.58709608	
295.58805629	
295.58901611	
295.58997554	
295.59093459	
295.59189326	
295.59285154	
295.59380943	
295.59476694	
295.59572406	
295.59668080	
295.59763716	
295.59859313	
295.59954871	
295.60050392	
295.60145873	
295.60241317	
295.60336722	
295.60432089	
295.60527417	
295.60622707	
295.60717959	
295.60813173	
295.60908348	
295.61003485	
295.61098584	
295.61193644	
295.61288667	
295.61383651	
295.61478597	
295.61573504	
295.61668374	
295.61763206	
295.61857999	
295.61952754	
295.62047472	
295.62142151	
295.62236792	
295.62331395	
295.62425960	
295.62520487	
295.62614976	
295.62709427	
295.62803840	
295.62898216	
295.62992553	
295.63086852	
295.63181114	
295.63275337	
295.63369523	
295.63463671	
295.63557781	
295.63651853	
295.63745887	
295.63839884	
295.63933843	
295.64027764	
295.64121647	
295.64215492	
295.64309300	
295.64403070	
295.64496803	
295.64590497	
295.64684155	
295.64777774	
295.64871356	
295.64964900	
295.65058407	
295.65151876	
295.65245307	
295.65338701	
295.65432057	
295.65525376	
295.65618658	
295.65711902	
295.65805108	
295.65898277	
295.65991408	
295.66084502	
295.66177559	
295.66270578	
295.66363560	
295.66456505	
295.66549412	
295.66642281	
295.66735114	
295.66827909	
295.66920667	
295.67013387	
295.67106071	
295.67198717	
295.67291326	
295.67383897	
295.67476432	
295.67568929	
295.67661389	
295.67753812	
295.67846197	
295.67938546	
295.68030857	
295.68123132	
295.68215369	
295.68307569	
295.68399732	
295.68491859	
295.68583948	
295.68676000	
295.68768015	
295.68859993	
295.68951934	
295.69043838	
295.69135705	
295.69227536	
295.69319329	
295.69411086	
295.69502805	
295.69594488	
295.69686134	
295.69777743	
295.69869315	
295.69960851	
295.70052349	
295.70143811	
295.70235236	
295.70326625	
295.70417976	
295.70509291	
295.70600570	
295.70691811	
295.70783016	
295.70874184	
295.70965316	
295.71056411	
295.71147469	
295.71238491	
295.71329476	
295.71420425	
295.71511337	
295.71602212	
295.71693051	
295.71783854	
295.71874620	
295.71965349	
295.72056042	
295.72146699	
295.72237319	
295.72327903	
295.72418450	
295.72508961	
295.72599436	
295.72689874	
295.72780276	
295.72870641	
295.72960970	
295.73051263	
295.73141520	
295.73231740	
295.73321924	
295.73412072	
295.73502183	
295.73592259	
295.73682298	
295.73772301	
295.73862268	
295.73952198	
295.74042093	
295.74131951	
295.74221773	
295.74311560	
295.74401310	
295.74491024	
295.74580702	
295.74670343	
295.74759949	
295.74849519	
295.74939053	
295.75028551	
295.75118013	
295.75207439	
295.75296829	
295.75386183	
295.75475501	
295.75564783	
295.75654029	
295.75743240	
295.75832415	
295.75921553	
295.76010656	
295.76099723	
295.76188755	
295.76277750	
295.76366710	
295.76455634	
295.76544523	
295.76633375	
295.76722192	
295.76810973	
295.76899719	
295.76988429	
295.77077103	
295.77165741	
295.77254344	
295.77342912	
295.77431443	
295.77519939	
295.77608400	
295.77696825	
295.77785214	
295.77873568	
295.77961887	
295.78050170	
295.78138417	
295.78226629	
295.78314806	
295.78402947	
295.78491052	
295.78579123	
295.78667158	
295.78755157	
295.78843121	
295.78931050	
295.79018943	
295.79106801	
295.79194624	
295.79282412	
295.79370164	
295.79457881	
295.79545562	
295.79633209	
295.79720820	
295.79808396	
295.79895937	
295.79983442	
295.80070913	
295.80158348	
295.80245748	
295.80333113	
295.80420443	
295.80507738	
295.80594998	
295.80682222	
295.80769412	
295.80856567	
295.80943686	
295.81030771	
295.81117820	
295.81204835	
295.81291814	
295.81378759	
295.81465668	
295.81552543	
295.81639383	
295.81726188	
295.81812958	
295.81899693	
295.81986393	
295.82073059	
295.82159689	
295.82246285	
295.82332846	
295.82419372	
295.82505864	
295.82592320	
295.82678742	
295.82765129	
295.82851482	
295.82937799	
295.83024082	
295.83110331	
295.83196544	
295.83282724	
295.83368868	
295.83454978	
295.83541053	
295.83627093	
295.83713099	
295.83799071	
295.83885008	
295.83970910	
295.84056778	
295.84142611	
295.84228410	
295.84314174	
295.84399904	
295.84485600	
295.84571261	
295.84656887	
295.84742479	
295.84828037	
295.84913560	
295.84999049	
295.85084504	
295.85169924	
295.85255310	
295.85340662	
295.85425979	
295.85511262	
295.85596511	
295.85681725	
295.85766905	
295.85852051	
295.85937163	
295.86022241	
295.86107284	
295.86192293	
295.86277268	
295.86362209	
295.86447116	
295.86531988	
295.86616827	
295.86701631	
295.86786401	
295.86871138	
295.86955840	
295.87040508	
295.87125142	
295.87209742	
295.87294308	
295.87378840	
295.87463338	
295.87547803	
295.87632233	
295.87716629	
295.87800991	
295.87885320	
295.87969614	
295.88053875	
295.88138102	
295.88222295	
295.88306454	
295.88390579	
295.88474671	
295.88558728	
295.88642752	
295.88726743	
295.88810699	
295.88894622	
295.88978510	
295.89062366	
295.89146187	
295.89229975	
295.89313729	
295.89397449	
295.89481136	
295.89564789	
295.89648409	
295.89731995	
295.89815547	
295.89899066	
295.89982551	
295.90066003	
295.90149421	
295.90232806	
295.90316157	
295.90399474	
295.90482758	
295.90566009	
295.90649226	
295.90732410	
295.90815560	
295.90898677	
295.90981760	
295.91064810	
295.91147827	
295.91230810	
295.91313760	
295.91396677	
295.91479560	
295.91562410	
295.91645227	
295.91728010	
295.91810760	
295.91893477	
295.91976161	
295.92058811	
295.92141428	
295.92224012	
295.92306563	
295.92389081	
295.92471565	
295.92554016	
295.92636435	
295.92718820	
295.92801171	
295.92883490	
295.92965776	
295.93048029	
295.93130248	
295.93212435	
295.93294588	
295.93376709	
295.93458796	
295.93540851	
295.93622872	
295.93704861	
295.93786816	
295.93868739	
295.93950629	
295.94032486	
295.94114310	
295.94196101	
295.94277859	
295.94359584	
295.94441276	
295.94522936	
295.94604563	
295.94686157	
295.94767718	
295.94849247	
295.94930742	
295.95012205	
295.95093635	
295.95175033	
295.95256397	
295.95337729	
295.95419029	
295.95500295	
295.95581529	
295.95662731	
295.95743899	
295.95825035	
295.95906139	
295.95987210	
295.96068248	
295.96149254	
295.96230227	
295.96311168	
295.96392076	
295.96472951	
295.96553794	
295.96634605	
295.96715383	
295.96796128	
295.96876842	
295.96957522	
295.97038171	
295.97118787	
295.97199370	
295.97279921	
295.97360440	
295.97440926	
295.97521380	
295.97601802	
295.97682191	
295.97762548	
295.97842873	
295.97923166	
295.98003426	
295.98083654	
295.98163849	
295.98244013	
295.98324144	
295.98404243	
295.98484310	
295.98564345	
295.98644347	
295.98724317	
295.98804256	
295.98884162	
295.98964036	
295.99043878	
295.99123687	
295.99203465	
295.99283211	
295.99362924	
295.99442606	
295.99522255	
295.99601873	
295.99681458	
295.99761012	
295.99840533	
295.99920023	
295.99999480	
296.00078906	
296.00158300	
296.00237662	
296.00316992	
296.00396290	
296.00475556	
296.00554790	
296.00633993	
296.00713164	
296.00792302	
296.00871409	
296.00950485	
296.01029528	
296.01108540	
296.01187520	
296.01266468	
296.01345385	
296.01424269	
296.01503122	
296.01581944	
296.01660733	
296.01739491	
296.01818218	
296.01896912	
296.01975576	
296.02054207	
296.02132807	
296.02211375	
