-0.46172014	
-0.46495620	
-0.46495620	
-0.46495620	
-0.46817625	
-0.46817625	
-0.46817625	
-0.47138033	
-0.47138033	
-0.47138033	
-0.47456844	
-0.47456844	
-0.47774061	
-0.47774061	
-0.47774061	
-0.48089687	
-0.48089687	
-0.48403724	
-0.48403724	
-0.48403724	
-0.48716175	
-0.48716175	
-0.48716175	
-0.49027042	
-0.49027042	
-0.49027042	
-0.49336328	
-0.49336328	
-0.49336328	
-0.49644034	
-0.49644034	
-0.49950164	
-0.49950164	
-0.49950164	
-0.50254720	
-0.50254720	
-0.50254720	
-0.50557704	
-0.50557704	
-0.50859118	
-0.50859118	
-0.50859118	
-0.51158966	
-0.51158966	
-0.51457248	
-0.51457248	
-0.51457248	
-0.51753969	
-0.51753969	
-0.51753969	
-0.52049130	
-0.52049130	
-0.52049130	
-0.52342733	
-0.52342733	
-0.52342733	
-0.52634781	
-0.52634781	
-0.52925277	
-0.52925277	
-0.52925277	
-0.53214222	
-0.53214222	
-0.53214222	
-0.53501618	
-0.53501618	
-0.53787469	
-0.53787469	
-0.53787469	
-0.54071777	
-0.54071777	
-0.54071777	
-0.54354543	
-0.54354543	
-0.54635769	
-0.54635769	
-0.54635769	
-0.54915459	
-0.54915459	
-0.54915459	
-0.55193615	
-0.55193615	
-0.55193615	
-0.55470238	
-0.55470238	
-0.55470238	
-0.55745330	
-0.55745330	
-0.56018894	
-0.56018894	
-0.56018894	
-0.56290933	
-0.56290933	
-0.56561447	
-0.56561447	
-0.56561447	
-0.56830439	
-0.56830439	
-0.56830439	
-0.57097912	
-0.57097912	
-0.57363867	
-0.57363867	
-0.57363867	
-0.57628306	
-0.57628306	
-0.57628306	
-0.57891231	
-0.57891231	
-0.57891231	
-0.58152644	
-0.58152644	
-0.58152644	
-0.58412548	
-0.58412548	
-0.58670943	
-0.58670943	
-0.58670943	
-0.58927832	
-0.58927832	
-0.59183218	
-0.59183218	
-0.59183218	
-0.59437100	
-0.59437100	
-0.59437100	
-0.59689483	
-0.59689483	
-0.59689483	
-0.59940366	
-0.59940366	
-0.60189753	
-0.60189753	
-0.60189753	
-0.60437644	
-0.60437644	
-0.60437644	
-0.60684042	
-0.60684042	
-0.60684042	
-0.60928948	
-0.60928948	
-0.60928948	
-0.61172363	
-0.61172363	
-0.61414291	
-0.61414291	
-0.61654731	
-0.61654731	
-0.61654731	
-0.61893687	
-0.61893687	
-0.61893687	
-0.62131158	
-0.62131158	
-0.62131158	
-0.62367148	
-0.62367148	
-0.62601657	
-0.62601657	
-0.62601657	
-0.62834687	
-0.62834687	
-0.62834687	
-0.63066239	
-0.63066239	
-0.63066239	
-0.63296315	
-0.63296315	
-0.63296315	
-0.63524916	
-0.63524916	
-0.63752045	
-0.63752045	
-0.63977701	
-0.63977701	
-0.63977701	
-0.64201886	
-0.64201886	
-0.64201886	
-0.64424603	
-0.64424603	
-0.64424603	
-0.64645852	
-0.64645852	
-0.64645852	
-0.64865634	
-0.64865634	
-0.65083950	
-0.65083950	
-0.65083950	
-0.65300803	
-0.65300803	
-0.65300803	
-0.65516193	
-0.65516193	
-0.65516193	
-0.65730121	
-0.65730121	
-0.65730121	
-0.65942589	
