297.86809353	
297.86813697	
297.86818040	
297.86822380	
297.86826719	
297.86831056	
297.86835391	
297.86839725	
297.86844056	
297.86848386	
297.86852715	
297.86857041	
297.86861366	
297.86865689	
297.86870011	
297.86874330	
297.86878648	
297.86882964	
297.86887279	
297.86891591	
297.86895902	
297.86900211	
297.86904519	
297.86908825	
297.86913129	
297.86917431	
297.86921732	
297.86926030	
297.86930327	
297.86934623	
297.86938916	
297.86943208	
297.86947499	
297.86951787	
297.86956074	
297.86960359	
297.86964642	
297.86968924	
297.86973204	
297.86977482	
297.86981758	
297.86986033	
297.86990306	
297.86994577	
297.86998847	
297.87003114	
297.87007381	
297.87011645	
297.87015908	
297.87020169	
297.87024428	
297.87028685	
297.87032941	
297.87037195	
297.87041448	
297.87045699	
297.87049948	
297.87054195	
297.87058440	
297.87062684	
297.87066926	
297.87071167	
297.87075406	
297.87079643	
297.87083878	
297.87088112	
297.87092344	
297.87096574	
297.87100803	
297.87105029	
297.87109255	
297.87113478	
297.87117700	
297.87121920	
297.87126138	
297.87130355	
297.87134570	
297.87138783	
297.87142995	
297.87147205	
297.87151413	
297.87155619	
297.87159824	
297.87164027	
297.87168229	
297.87172429	
297.87176627	
297.87180823	
297.87185018	
297.87189211	
297.87193402	
297.87197592	
297.87201780	
297.87205966	
297.87210150	
297.87214333	
297.87218515	
297.87222694	
297.87226872	
297.87231048	
297.87235223	
297.87239396	
297.87243567	
297.87247736	
297.87251904	
297.87256070	
297.87260235	
297.87264397	
297.87268558	
297.87272718	
297.87276876	
297.87281032	
297.87285186	
297.87289339	
297.87293490	
297.87297639	
297.87301787	
297.87305933	
297.87310078	
297.87314220	
297.87318361	
297.87322501	
297.87326639	
297.87330775	
297.87334909	
297.87339042	
297.87343173	
297.87347302	
297.87351430	
297.87355556	
297.87359681	
297.87363804	
297.87367925	
297.87372044	
297.87376162	
297.87380278	
297.87384393	
297.87388506	
297.87392617	
297.87396726	
297.87400834	
297.87404941	
297.87409045	
297.87413148	
297.87417250	
297.87421349	
297.87425447	
297.87429544	
297.87433638	
297.87437731	
297.87441823	
297.87445913	
297.87450001	
297.87454087	
297.87458172	
297.87462255	
297.87466337	
297.87470417	
297.87474495	
297.87478572	
297.87482647	
297.87486720	
297.87490792	
297.87494862	
297.87498931	
297.87502997	
297.87507063	
297.87511126	
297.87515188	
297.87519248	
297.87523307	
297.87527364	
297.87531420	
297.87535473	
297.87539526	
297.87543576	
297.87547625	
297.87551672	
297.87555718	
297.87559762	
297.87563804	
297.87567845	
297.87571884	
297.87575922	
297.87579958	
297.87583992	
297.87588025	
297.87592056	
297.87596085	
297.87600113	
297.87604139	
297.87608164	
297.87612186	
297.87616208	
297.87620228	
297.87624246	
297.87628262	
297.87632277	
297.87636290	
297.87640302	
297.87644312	
297.87648320	
297.87652327	
297.87656332	
297.87660336	
297.87664338	
297.87668338	
297.87672337	
297.87676334	
297.87680330	
297.87684324	
297.87688316	
297.87692307	
297.87696296	
297.87700283	
297.87704269	
297.87708253	
297.87712236	
297.87716217	
297.87720197	
297.87724175	
297.87728151	
297.87732126	
297.87736099	
297.87740070	
297.87744040	
297.87748009	
297.87751975	
297.87755940	
297.87759904	
297.87763866	
297.87767826	
297.87771785	
297.87775742	
297.87779698	
297.87783652	
297.87787604	
297.87791555	
297.87795504	
297.87799452	
297.87803398	
297.87807342	
297.87811285	
297.87815227	
297.87819166	
297.87823105	
297.87827041	
297.87830976	
297.87834909	
297.87838841	
297.87842771	
297.87846700	
297.87850627	
297.87854553	
297.87858477	
297.87862399	
297.87866320	
297.87870239	
297.87874156	
297.87878073	
297.87881987	
297.87885900	
297.87889811	
297.87893721	
297.87897629	
297.87901536	
297.87905441	
297.87909344	
297.87913246	
297.87917146	
297.87921045	
297.87924942	
297.87928838	
297.87932732	
297.87936624	
297.87940515	
297.87944405	
297.87948293	
297.87952179	
297.87956063	
297.87959947	
297.87963828	
297.87967708	
297.87971587	
297.87975463	
297.87979339	
297.87983213	
297.87987085	
297.87990955	
297.87994824	
297.87998692	
297.88002558	
297.88006422	
297.88010285	
297.88014147	
297.88018006	
297.88021865	
297.88025721	
297.88029576	
297.88033430	
297.88037282	
297.88041132	
297.88044981	
297.88048829	
297.88052675	
297.88056519	
297.88060362	
297.88064203	
297.88068042	
297.88071881	
297.88075717	
297.88079552	
297.88083386	
297.88087218	
297.88091048	
297.88094877	
297.88098704	
297.88102530	
297.88106354	
297.88110177	
297.88113998	
297.88117818	
297.88121636	
297.88125452	
297.88129267	
297.88133081	
297.88136893	
297.88140703	
297.88144512	
297.88148320	
297.88152125	
297.88155930	
297.88159732	
297.88163534	
297.88167333	
297.88171132	
297.88174928	
297.88178723	
297.88182517	
297.88186309	
297.88190100	
297.88193889	
297.88197676	
297.88201462	
297.88205247	
297.88209030	
297.88212811	
297.88216591	
297.88220370	
297.88224146	
297.88227922	
297.88231696	
297.88235468	
297.88239239	
297.88243008	
297.88246776	
297.88250542	
297.88254307	
297.88258070	
297.88261832	
297.88265592	
297.88269351	
297.88273108	
297.88276864	
297.88280618	
297.88284371	
297.88288122	
297.88291871	
297.88295620	
297.88299366	
297.88303111	
297.88306855	
297.88310597	
297.88314338	
297.88318077	
297.88321814	
297.88325551	
297.88329285	
297.88333018	
297.88336750	
297.88340480	
297.88344209	
297.88347936	
297.88351661	
297.88355385	
297.88359108	
297.88362829	
297.88366549	
297.88370267	
297.88373984	
297.88377699	
297.88381412	
297.88385124	
297.88388835	
297.88392544	
297.88396252	
297.88399958	
297.88403663	
297.88407366	
297.88411068	
297.88414768	
297.88418467	
297.88422164	
297.88425860	
297.88429554	
297.88433247	
297.88436938	
297.88440628	
297.88444317	
297.88448003	
297.88451689	
297.88455373	
297.88459055	
297.88462736	
297.88466416	
297.88470094	
297.88473770	
297.88477445	
297.88481119	
297.88484791	
297.88488461	
297.88492131	
297.88495798	
297.88499464	
297.88503129	
297.88506792	
297.88510454	
297.88514114	
297.88517773	
297.88521431	
297.88525086	
297.88528741	
297.88532394	
297.88536045	
297.88539695	
297.88543344	
297.88546991	
297.88550637	
297.88554281	
297.88557923	
297.88561565	
297.88565204	
297.88568843	
297.88572479	
297.88576115	
297.88579749	
297.88583381	
297.88587012	
297.88590642	
297.88594270	
297.88597896	
297.88601521	
297.88605145	
297.88608767	
297.88612388	
297.88616008	
297.88619625	
297.88623242	
297.88626857	
297.88630470	
297.88634082	
297.88637693	
297.88641302	
297.88644910	
297.88648516	
297.88652121	
297.88655724	
297.88659326	
297.88662927	
297.88666526	
297.88670123	
297.88673719	
297.88677314	
297.88680907	
297.88684499	
297.88688089	
297.88691678	
297.88695266	
297.88698852	
297.88702436	
297.88706019	
297.88709601	
297.88713181	
297.88716760	
297.88720338	
297.88723913	
297.88727488	
297.88731061	
297.88734633	
297.88738203	
297.88741772	
297.88745339	
297.88748905	
297.88752469	
297.88756032	
297.88759594	
297.88763154	
297.88766713	
297.88770270	
297.88773826	
297.88777380	
297.88780933	
297.88784485	
297.88788035	
297.88791584	
297.88795131	
297.88798677	
297.88802222	
297.88805765	
297.88809306	
297.88812846	
297.88816385	
297.88819922	
297.88823458	
297.88826993	
297.88830526	
297.88834058	
297.88837588	
297.88841117	
297.88844644	
297.88848170	
297.88851695	
297.88855218	
297.88858739	
297.88862260	
297.88865779	
297.88869296	
297.88872812	
297.88876327	
297.88879840	
297.88883352	
297.88886862	
297.88890371	
297.88893879	
297.88897385	
297.88900890	
297.88904393	
297.88907895	
297.88911396	
297.88914895	
297.88918393	
297.88921889	
297.88925384	
297.88928878	
297.88932370	
297.88935860	
297.88939350	
297.88942838	
297.88946324	
297.88949809	
297.88953293	
297.88956775	
297.88960256	
297.88963736	
297.88967214	
297.88970691	
297.88974166	
297.88977640	
297.88981112	
297.88984583	
297.88988053	
297.88991522	
297.88994988	
297.88998454	
297.89001918	
297.89005381	
297.89008842	
297.89012302	
297.89015761	
297.89019218	
297.89022674	
297.89026128	
297.89029581	
297.89033033	
297.89036483	
297.89039932	
297.89043380	
297.89046826	
297.89050270	
297.89053714	
297.89057156	
297.89060596	
297.89064036	
297.89067473	
297.89070910	
297.89074345	
297.89077778	
297.89081211	
297.89084642	
297.89088071	
297.89091499	
297.89094926	
297.89098351	
297.89101775	
297.89105198	
297.89108619	
297.89112039	
297.89115458	
297.89118875	
297.89122291	
297.89125705	
297.88729118	
297.88332690	
297.87936422	
297.87540313	
297.87144363	
297.86748573	
297.86352941	
297.85957469	
297.85562155	
297.85167000	
297.84772004	
297.84377167	
297.83982489	
297.83587969	
297.83193608	
297.82799405	
297.82405360	
297.82011474	
297.81617747	
297.81224177	
297.80830766	
297.80437513	
297.80044418	
297.79651481	
297.79258702	
297.78866080	
297.78473617	
297.78081311	
297.77689163	
297.77297173	
297.76905340	
297.76513664	
297.76122146	
297.75730786	
297.75339582	
297.74948536	
297.74557647	
297.74166915	
297.73776340	
297.73385923	
297.72995662	
297.72605558	
297.72215610	
297.71825820	
297.71436186	
297.71046709	
297.70657388	
297.70268224	
297.69879216	
297.69490364	
297.69101669	
297.68713130	
297.68324747	
297.67936520	
297.67548449	
297.67160535	
297.66772776	
297.66385173	
297.65997726	
297.65610434	
297.65223298	
297.64836318	
297.64449493	
297.64062824	
297.63676310	
297.63289952	
297.62903749	
297.62517701	
297.62131808	
297.61746070	
297.61360487	
297.60975060	
297.60589787	
297.60204669	
297.59819706	
297.59434897	
297.59050243	
297.58665744	
297.58281400	
297.57897209	
297.57513174	
297.57129292	
297.56745565	
297.56361992	
297.55978573	
297.55595309	
297.55212198	
297.54829241	
297.54446439	
297.54063790	
297.53681295	
297.53298953	
297.52916766	
297.52534732	
297.52152851	
297.51771124	
297.51389550	
297.51008130	
297.50626863	
297.50245750	
297.49864789	
297.49483982	
297.49103327	
297.48722826	
297.48342477	
297.47962282	
297.47582239	
297.47202349	
297.46822612	
297.46443027	
297.46063595	
297.45684315	
297.45305188	
297.44926213	
297.44547390	
297.44168720	
297.43790202	
297.43411836	
297.43033622	
297.42655560	
297.42277650	
297.41899892	
297.41522286	
297.41144832	
297.40767529	
297.40390378	
297.40013378	
297.39636530	
297.39259834	
297.38883289	
297.38506895	
297.38130652	
297.37754561	
297.37378621	
297.37002832	
297.36627194	
297.36251707	
297.35876371	
297.35501185	
297.35126151	
297.34751267	
297.34376534	
297.34001951	
297.33627520	
297.33253238	
297.32879107	
297.32505127	
297.32131296	
297.31757616	
297.31384086	
297.31010706	
297.30637477	
297.30264397	
297.29891467	
297.29518688	
297.29146057	
297.28773577	
297.28401247	
297.28029066	
297.27657034	
297.27285153	
297.26913420	
297.26541837	
297.26170404	
297.25799119	
297.25427984	
297.25056998	
297.24686162	
297.24315474	
297.23944935	
297.23574545	
297.23204304	
297.22834212	
297.22464269	
297.22094474	
297.21724828	
297.21355330	
297.20985981	
297.20616781	
297.20247728	
297.19878825	
297.19510069	
297.19141461	
297.18773002	
297.18404691	
297.18036528	
297.17668513	
297.17300645	
297.16932926	
297.16565354	
297.16197931	
297.15830654	
297.15463526	
297.15096545	
297.14729711	
297.14363025	
297.13996486	
297.13630095	
297.13263851	
297.12897754	
297.12531804	
297.12166001	
297.11800345	
297.11434837	
297.11069475	
297.10704260	
297.10339192	
297.09974270	
297.09609495	
297.09244867	
297.08880385	
297.08516050	
297.08151861	
297.07787819	
297.07423923	
297.07060173	
297.06696570	
297.06333112	
297.05969801	
297.05606635	
297.05243616	
297.04880742	
297.04518015	
297.04155433	
297.03792997	
297.03430706	
297.03068561	
297.02706562	
297.02344708	
297.01983000	
297.01621437	
297.01260019	
297.00898747	
297.00537619	
297.00176637	
296.99815800	
296.99455108	
296.99094561	
296.98734159	
296.98373902	
296.98013789	
296.97653822	
296.97293999	
296.96934320	
296.96574786	
296.96215397	
296.95856152	
296.95497052	
296.95138095	
296.94779283	
296.94420616	
296.94062092	
296.93703713	
296.93345477	
296.92987386	
296.92629438	
296.92271634	
296.91913975	
296.91556458	
296.91199086	
296.90841857	
296.90484772	
296.90127830	
296.89771032	
296.89414377	
296.89057866	
296.88701497	
296.88345272	
296.87989191	
296.87633252	
296.87277456	
296.86921804	
296.86566294	
296.86210927	
296.85855703	
296.85500622	
296.85145683	
296.84790888	
296.84436234	
296.84081724	
296.83727355	
296.83373130	
296.83019046	
296.82665105	
296.82311306	
296.81957650	
296.81604135	
296.81250763	
296.80897532	
296.80544444	
296.80191497	
296.79838692	
296.79486030	
296.79133508	
296.78781129	
296.78428891	
296.78076795	
296.77724840	
296.77373027	
296.77021355	
296.76669824	
296.76318435	
296.75967187	
296.75616080	
296.75265114	
296.74914290	
296.74563606	
296.74213063	
296.73862661	
296.73512400	
296.73162280	
296.72812301	
296.72462462	
296.72112763	
296.71763206	
296.71413788	
296.71064512	
296.70715375	
296.70366379	
296.70017523	
296.69668808	
296.69320232	
296.68971797	
296.68623502	
296.68275346	
296.67927331	
296.67579455	
296.67231720	
296.66884124	
296.66536667	
296.66189351	
296.65842174	
296.65495136	
296.65148238	
296.64801480	
296.64454861	
296.64108381	
296.63762040	
296.63415839	
296.63069776	
296.62723853	
296.62378069	
296.62032424	
296.61686917	
296.61341550	
296.60996321	
296.60651231	
296.60306280	
296.59961468	
296.59616794	
296.59272258	
296.58927862	
296.58583603	
296.58239483	
296.57895501	
296.57551657	
296.57207952	
296.56864385	
296.56520956	
296.56177665	
296.55834511	
296.55491496	
296.55148619	
296.54805879	
296.54463277	
296.54120813	
296.53778487	
296.53436298	
296.53094246	
296.52752333	
296.52410556	
296.52068917	
296.51727415	
296.51386051	
296.51044823	
296.50703733	
296.50362780	
296.50021964	
296.49681285	
296.49340743	
296.49000337	
296.48660069	
296.48319937	
296.47979942	
296.47640084	
296.47300362	
296.46960777	
296.46621328	
296.46282016	
296.45942840	
296.45603800	
296.45264897	
296.44926129	
296.44587498	
296.44249004	
296.43910645	
296.43572422	
296.43234335	
296.42896384	
296.42558569	
296.42220889	
296.41883345	
296.41545937	
296.41208665	
296.40871528	
296.40534527	
296.40197661	
296.39860930	
296.39524335	
296.39187875	
296.38851550	
296.38515361	
296.38179306	
296.37843387	
296.37507603	
296.37171953	
296.36836439	
296.36501059	
296.36165814	
296.35830704	
296.35495729	
296.35160888	
296.34826182	
296.34491610	
296.34157173	
296.33822870	
296.33488702	
296.33154668	
296.32820768	
296.32487002	
296.32153370	
296.31819873	
296.31486510	
296.31153280	
296.30820185	
296.30487223	
296.30154395	
296.29821701	
296.29489141	
296.29156714	
296.28824421	
296.28492262	
296.28160236	
296.27828343	
296.27496584	
296.27164958	
296.26833466	
296.26502106	
296.26170880	
296.25839787	
296.25508827	
296.25178001	
296.24847307	
296.24516746	
296.24186317	
296.23856022	
296.23525859	
296.23195830	
296.22865932	
296.22536168	
296.22206535	
296.21877036	
296.21547669	
296.21218434	
296.20889331	
296.20560361	
296.20231523	
296.19902817	
296.19574243	
296.19245802	
296.18917492	
296.18589314	
296.18261268	
296.17933354	
296.17605572	
296.17277922	
296.16950403	
296.16623016	
296.16295760	
296.15968636	
296.15641644	
296.15314783	
296.14988053	
296.14661454	
296.14334987	
296.14008651	
296.13682446	
296.13356373	
296.13030430	
296.12704618	
296.12378938	
296.12053388	
296.11727969	
296.11402681	
296.11077523	
296.10752497	
296.10427601	
296.10102835	
296.09778200	
296.09453695	
296.09129321	
296.08805078	
296.08480964	
296.08156981	
296.07833128	
296.07509405	
296.07185813	
296.06862350	
296.06539018	
296.06215815	
296.05892742	
296.05569799	
296.05246986	
296.04924303	
296.04601749	
296.04279325	
296.03957031	
296.03634866	
296.03312830	
296.02990924	
296.02669148	
296.02347500	
296.02025982	
296.01704594	
296.01383334	
296.01062204	
296.00741202	
296.00420330	
296.00099586	
295.99778972	
295.99458486	
295.99138129	
295.98817901	
295.98497802	
295.98177831	
295.97857989	
295.97538275	
295.97218690	
295.96899233	
295.96579905	
295.96260705	
295.95941633	
295.95622690	
295.95303875	
295.94985188	
295.94666629	
295.94348198	
295.94029895	
295.93711720	
295.93393673	
295.93075753	
295.92757962	
295.92440298	
295.92122762	
295.91805353	
295.91488072	
295.91170919	
295.90853893	
295.90536994	
295.90220223	
295.89903579	
295.89587063	
295.89270673	
295.88954411	
295.88638276	
295.88322268	
295.88006387	
295.87690633	
295.87375005	
295.87059505	
295.86744132	
295.86428885	
295.86113765	
295.85798771	
295.85483904	
295.85169164	
295.84854550	
295.84540063	
295.84225702	
295.83911468	
295.83597359	
295.83283377	
295.82969521	
295.82655792	
295.82342188	
295.82028710	
295.81715359	
295.81402133	
295.81089033	
295.80776060	
295.80463211	
295.80150489	
295.79837892	
295.79525421	
295.79213076	
295.78900856	
295.78588761	
295.78276792	
295.77964949	
295.77653230	
295.77341637	
295.77030170	
295.76718827	
295.76407610	
295.76096517	
295.75785550	
295.75474708	
295.75163990	
295.74853398	
295.74542930	
295.74232587	
295.73922369	
295.73612275	
295.73302306	
295.72992462	
295.72682742	
295.72373147	
295.72063676	
295.71754330	
295.71445107	
295.71136009	
295.70827036	
295.70518186	
295.70209461	
295.69900860	
295.69592383	
295.69284029	
295.68975800	
295.68667695	
295.68359713	
295.68051855	
295.67744121	
295.67436511	
295.67129024	
295.66821661	
295.66514421	
295.66207305	
295.65900312	
295.65593443	
295.65286697	
295.64980074	
295.64673575	
295.64367198	
295.64060945	
295.63754815	
295.63448808	
295.63142924	
295.62837163	
295.62531525	
295.62226009	
295.61920617	
295.61615347	
295.61310200	
295.61005175	
295.60700273	
295.60395494	
295.60090837	
295.59786303	
295.59481891	
295.59177601	
295.58873434	
295.58569389	
295.58265466	
295.57961665	
295.57657986	
295.57354430	
295.57050995	
295.56747682	
295.56444492	
295.56141423	
295.55838476	
295.55535650	
295.55232947	
295.54930365	
295.54627904	
295.54325566	
295.54023348	
295.53721252	
295.53419278	
295.53117425	
295.52815693	
295.52514083	
295.52212594	
295.51911226	
295.51609979	
295.51308853	
295.51007848	
295.50706964	
295.50406201	
295.50105559	
295.49805038	
295.49504638	
295.49204358	
295.48904199	
295.48604161	
295.48304243	
295.48004446	
295.47704769	
295.47405213	
295.47105777	
295.46806461	
295.46507266	
295.46208191	
295.45909236	
295.45610402	
295.45311687	
295.45013093	
295.44714618	
295.44416264	
295.44118029	
295.43819915	
295.43521920	
295.43224045	
295.42926289	
295.42628653	
295.42331137	
295.42033741	
295.41736464	
295.41439306	
295.41142268	
295.40845349	
295.40548550	
295.40251870	
295.39955309	
295.39658867	
295.39362545	
295.39066342	
295.38770257	
295.38474292	
295.38178445	
295.37882718	
295.37587109	
295.37291619	
295.36996248	
295.36700996	
295.36405862	
295.36110847	
295.35815951	
295.35521173	
295.35226513	
295.34931972	
295.34637549	
295.34343245	
295.34049059	
295.33754991	
295.33461042	
295.33167210	
295.32873497	
295.32579901	
295.32286424	
295.31993064	
295.31699823	
295.31406699	
295.31113693	
295.30820805	
295.30528035	
295.30235382	
295.29942847	
295.29650430	
295.29358130	
295.29065947	
295.28773882	
295.28481935	
295.28190104	
295.27898391	
295.27606795	
295.27315317	
295.27023955	
295.26732711	
295.26441584	
295.26150574	
295.25859680	
295.25568904	
295.25278244	
295.24987702	
295.24697276	
295.24406966	
295.24116774	
295.23826698	
295.23536739	
295.23246896	
295.22957170	
295.22667560	
295.22378066	
295.22088689	
295.21799428	
295.21510284	
295.21221256	
295.20932343	
295.20643547	
295.20354867	
295.20066303	
295.19777855	
295.19489523	
295.19201307	
295.18913207	
295.18625223	
295.18337354	
295.18049601	
295.17761963	
295.17474441	
295.17187035	
295.16899744	
295.16612569	
295.16325509	
295.16038565	
295.15751736	
295.15465022	
295.15178423	
295.14891940	
295.14605571	
295.14319318	
295.14033180	
295.13747157	
295.13461249	
295.13175455	
295.12889777	
295.12604213	
295.12318765	
295.12033430	
295.11748211	
295.11463106	
295.11178116	
295.10893240	
295.10608479	
295.10323832	
295.10039300	
295.09754882	
295.09470579	
295.09186389	
295.08902314	
295.08618353	
295.08334506	
295.08050773	
295.07767155	
295.07483650	
295.07200259	
295.06916982	
295.06633819	
295.06350770	
295.06067834	
295.05785013	
295.05502305	
295.05219710	
295.04937229	
295.04654862	
295.04372608	
295.04090468	
295.03808441	
295.03526527	
295.03244726	
295.02963039	
295.02681465	
295.02400005	
295.02118657	
295.01837423	
295.01556301	
295.01275293	
295.00994397	
295.00713614	
295.00432945	
295.00152388	
294.99871943	
294.99591612	
294.99311393	
294.99031287	
294.98751293	
294.98471412	
294.98191643	
294.97911987	
294.97632443	
294.97353012	
294.97073693	
294.96794486	
294.96515391	
294.96236408	
294.95957538	
294.95678780	
294.95400134	
294.95121599	
294.94843177	
294.94564867	
294.94286668	
294.94008581	
294.93730606	
294.93452743	
294.93174992	
294.92897352	
294.92619823	
294.92342406	
294.92065101	
294.91787907	
294.91510825	
294.91233854	
294.90956994	
294.90680245	
294.90403608	
294.90127082	
294.89850667	
294.89574363	
294.89298171	
294.89022089	
294.88746118	
294.88470258	
294.88194509	
294.87918871	
294.87643343	
294.87367927	
294.87092621	
294.86817425	
294.86542341	
294.86267366	
294.85992503	
294.85717750	
294.85443107	
294.85168575	
294.84894152	
294.84619841	
294.84345639	
294.84071548	
294.83797567	
294.83523696	
294.83249935	
294.82976284	
294.82702743	
294.82429312	
294.82155991	
294.81882780	
294.81609678	
294.81336687	
294.81063805	
294.80791032	
294.80518370	
294.80245817	
294.79973373	
294.79701039	
294.79428815	
294.79156700	
294.78884694	
294.78612797	
294.78341010	
294.78069332	
294.77797763	
294.77526304	
294.77254953	
294.76983712	
294.76712580	
294.76441556	
294.76170642	
294.75899836	
294.75629139	
294.75358551	
294.75088072	
294.74817701	
294.74547439	
294.74277286	
294.74007242	
294.73737305	
294.73467478	
294.73197759	
294.72928148	
294.72658645	
294.72389251	
294.72119965	
294.71850788	
294.71581718	
294.71312757	
294.71043904	
294.70775159	
294.70506522	
294.70237993	
294.69969571	
294.69701258	
294.69433053	
294.69164955	
294.68896965	
294.68629083	
294.68361308	
294.68093641	
294.67826082	
294.67558630	
294.67291286	
294.67024049	
294.66756919	
294.66489897	
294.66222982	
294.65956175	
294.65689475	
294.65422882	
294.65156396	
294.64890017	
294.64623745	
294.64357580	
294.64091522	
294.63825572	
294.63559728	
294.63293990	
294.63028360	
294.62762837	
294.62497420	
294.62232110	
294.61966906	
294.61701809	
294.61436819	
294.61171935	
294.60907157	
294.60642486	
294.60377922	
294.60113463	
294.59849111	
294.59584866	
294.59320726	
294.59056693	
294.58792765	
294.58528944	
294.58265229	
294.58001620	
294.57738117	
294.57474719	
294.57211428	
294.56948242	
294.56685162	
294.56422188	
294.56159320	
294.55896557	
294.55633900	
294.55371348	
294.55108902	
294.54846562	
294.54584326	
294.54322197	
294.54060172	
294.53798253	
294.53536439	
294.53274731	
294.53013127	
294.52751629	
294.52490236	
294.52228948	
294.51967765	
294.51706686	
294.51445713	
294.51184845	
294.50924082	
294.50663423	
294.50402869	
294.50142420	
294.49882075	
294.49621835	
294.49361700	
294.49101669	
294.48841743	
294.48581921	
294.48322204	
294.48062591	
294.47803083	
294.47543678	
294.47284378	
294.47025183	
294.46766091	
294.46507103	
294.46248220	
294.45989441	
294.45730765	
294.45472194	
294.45213726	
294.44955363	
294.44697103	
294.44438947	
294.44180895	
294.43922947	
294.43665102	
294.43407361	
294.43149723	
294.42892189	
294.42634758	
294.42377431	
294.42120208	
294.41863087	
294.41606071	
294.41349157	
294.41092347	
294.40835639	
294.40579036	
294.40322535	
294.40066137	
294.39809842	
294.39553651	
294.39297562	
294.39041576	
294.38785693	
294.38529913	
294.38274236	
294.38018661	
294.37763190	
294.37507820	
294.37252554	
294.36997390	
294.36742329	
294.36487370	
294.36232514	
294.35977760	
294.35723108	
294.35468559	
294.35214112	
294.34959768	
294.34705525	
294.34451385	
294.34197347	
294.33943411	
294.33689577	
294.33435845	
294.33182216	
294.32928688	
294.32675262	
294.32421937	
294.32168715	
294.31915594	
294.31662576	
294.31409658	
294.31156843	
294.30904129	
294.30651517	
294.30399006	
294.30146597	
294.29894289	
294.29642082	
294.29389977	
294.29137973	
294.28886071	
294.28634270	
294.28382569	
294.28130971	
294.27879473	
294.27628076	
294.27376781	
294.27125586	
294.26874492	
294.26623499	
294.26372608	
294.26121816	
294.25871126	
294.25620537	
294.25370048	
294.25119660	
294.24869372	
294.24619185	
294.24369099	
294.24119113	
294.23869228	
294.23619443	
294.23369759	
294.23120174	
294.22870691	
294.22621307	
294.22372024	
294.22122840	
294.21873757	
294.21624775	
294.21375892	
294.21127109	
294.20878426	
294.20629843	
294.20381360	
294.20132977	
294.19884694	
294.19636511	
294.19388427	
294.19140443	
294.18892558	
294.18644774	
294.18397089	
294.18149503	
294.17902017	
294.17654630	
294.17407343	
294.17160155	
294.16913067	
294.16666078	
294.16419188	
294.16172397	
294.15925706	
294.15679114	
294.15432621	
294.15186226	
294.14939931	
294.14693735	
294.14447638	
294.14201640	
294.13955741	
294.13709940	
294.13464238	
294.13218635	
294.12973131	
294.12727725	
294.12482418	
294.12237210	
294.11992100	
294.11747089	
294.11502176	
294.11257362	
294.11012646	
294.10768028	
294.10523509	
294.10279088	
294.10034765	
294.09790540	
294.09546414	
294.09302385	
294.09058455	
294.08814623	
294.08570889	
294.08327252	
294.08083714	
294.07840273	
294.07596931	
294.07353686	
294.07110539	
294.06867490	
294.06624538	
294.06381684	
294.06138928	
294.05896269	
294.05653707	
294.05411244	
294.05168877	
294.04926608	
294.04684437	
294.04442362	
294.04200386	
294.03958506	
294.03716723	
294.03475038	
294.03233450	
294.02991959	
294.02750565	
294.02509268	
294.02268068	
294.02026965	
294.01785958	
294.01545049	
294.01304237	
294.01063521	
294.00822902	
294.00582380	
294.00341954	
294.00101625	
293.99861393	
293.99621257	
293.99381218	
293.99141275	
293.98901429	
293.98661679	
293.98422025	
293.98182468	
293.97943007	
293.97703642	
293.97464373	
293.97225201	
293.96986125	
293.96747145	
293.96508260	
293.96269472	
293.96030780	
293.95792184	
293.95553684	
293.95315279	
293.95076971	
293.94838758	
293.94600641	
293.94362619	
293.94124693	
293.93886863	
293.93649129	
293.93411490	
293.93173946	
293.92936498	
293.92699146	
293.92461888	
293.92224727	
293.91987660	
293.91750689	
293.91513813	
293.91277032	
293.91040347	
293.90803756	
293.90567261	
293.90330860	
293.90094555	
293.89858345	
293.89622229	
293.89386209	
293.89150283	
293.88914452	
293.88678716	
293.88443075	
293.88207528	
293.87972076	
293.87736719	
293.87501456	
293.87266288	
293.87031214	
293.86796235	
293.86561351	
293.86326560	
293.86091864	
293.85857263	
293.85622755	
293.85388342	
293.85154023	
293.84919799	
293.84685668	
293.84451632	
293.84217689	
293.83983841	
293.83750087	
293.83516426	
293.83282860	
293.83049387	
293.82816008	
293.82582723	
293.82349532	
293.82116435	
293.81883431	
293.81650521	
293.81417704	
293.81184981	
293.80952351	
293.80719816	
293.80487373	
293.80255024	
293.80022768	
293.79790606	
293.79558537	
293.79326561	
293.79094678	
293.78862889	
293.78631193	
293.78399590	
293.78168080	
293.77936663	
293.77705339	
293.77474108	
293.77242970	
293.77011925	
293.76780973	
293.76550113	
293.76319347	
293.76088673	
293.75858092	
293.75627603	
293.75397207	
293.75166904	
293.74936693	
293.74706575	
293.74476549	
293.74246616	
293.74016775	
293.73787027	
293.73557371	
293.73327807	
293.73098335	
293.72868956	
293.72639669	
293.72410474	
293.72181371	
293.71952360	
293.71723442	
293.71494615	
293.71265880	
293.71037237	
293.70808686	
293.70580227	
293.70351860	
293.70123584	
293.69895401	
293.69667309	
293.69439308	
293.69211400	
293.68983583	
293.68755857	
293.68528223	
293.68300681	
293.68073229	
293.67845870	
293.67618602	
293.67391425	
293.67164339	
293.66937345	
293.66710441	
293.66483630	
293.66256909	
293.66030279	
293.65803741	
293.65577293	
293.65350937	
293.65124671	
293.64898496	
293.64672413	
293.64446420	
293.64220518	
293.63994707	
293.63768986	
293.63543357	
293.63317818	
293.63092369	
293.62867011	
293.62641744	
293.62416568	
293.62191481	
293.61966486	
293.61741580	
293.61516766	
293.61292041	
293.61067407	
293.60842863	
293.60618409	
293.60394046	
293.60169773	
293.59945589	
293.59721496	
293.59497493	
293.59273580	
293.59049758	
293.58826025	
293.58602381	
293.58378828	
293.58155365	
293.57931991	
293.57708708	
293.57485514	
293.57262409	
293.57039395	
293.56816470	
293.56593634	
293.56370889	
293.56148232	
293.55925665	
293.55703188	
293.55480800	
293.55258502	
293.55036292	
293.54814172	
293.54592142	
293.54370200	
293.54148348	
293.53926585	
293.53704911	
293.53483326	
293.53261831	
293.53040424	
293.52819106	
293.52597877	
293.52376738	
293.52155687	
293.51934724	
293.51713851	
293.51493066	
293.51272371	
293.51051763	
293.50831245	
293.50610815	
293.50390474	
293.50170221	
293.49950057	
293.49729981	
293.49509994	
293.49290095	
293.49070285	
293.48850563	
293.48630929	
293.48411384	
293.48191926	
293.47972557	
293.47753276	
293.47534084	
293.47314979	
293.47095962	
293.46877034	
293.46658193	
293.46439441	
293.46220776	
293.46002199	
293.45783710	
293.45565309	
293.45346995	
293.45128770	
293.44910632	
293.44692582	
293.44474619	
293.44256744	
293.44038957	
293.43821257	
293.43603644	
293.43386119	
293.43168682	
293.42951332	
293.42734069	
293.42516893	
293.42299805	
293.42082804	
293.41865890	
293.41649064	
293.41432325	
293.41215672	
293.40999107	
293.40782629	
293.40566238	
293.40349934	
293.40133716	
293.39917586	
293.39701543	
293.39485586	
293.39269716	
293.39053933	
293.38838237	
293.38622627	
293.38407104	
293.38191667	
293.37976318	
293.37761054	
293.37545878	
293.37330787	
293.37115784	
293.36900866	
293.36686035	
293.36471291	
293.36256632	
293.36042060	
293.35827574	
293.35613175	
293.35398861	
293.35184634	
293.34970493	
293.34756437	
293.34542468	
293.34328585	
293.34114788	
293.33901077	
293.33687451	
293.33473912	
293.33260458	
293.33047090	
293.32833808	
293.32620612	
293.32407501	
293.32194476	
293.31981537	
293.31768683	
293.31555914	
293.31343232	
293.31130634	
293.30918122	
293.30705696	
293.30493355	
293.30281099	
293.30068929	
293.29856844	
293.29644844	
293.29432929	
293.29221099	
293.29009355	
293.28797696	
293.28586121	
293.28374632	
293.28163228	
293.27951909	
293.27740675	
293.27529525	
293.27318461	
293.27107481	
293.26896586	
293.26685776	
293.26475050	
293.26264410	
293.26053854	
293.25843382	
293.25632995	
293.25422693	
293.25212475	
293.25002342	
293.24792293	
293.24582329	
293.24372449	
293.24162653	
293.23952942	
293.23743315	
293.23533772	
293.23324313	
293.23114939	
293.22905649	
293.22696443	
293.22487321	
293.22278283	
293.22069329	
293.21860459	
293.21651673	
293.21442971	
293.21234352	
293.21025818	
293.20817367	
293.20609000	
293.20400717	
293.20192518	
293.19984402	
293.19776370	
293.19568422	
293.19360557	
293.19152776	
293.18945078	
293.18737464	
293.18529933	
293.18322485	
293.18115121	
293.17907841	
293.17700643	
293.17493529	
293.17286498	
293.17079550	
293.16872686	
293.16665904	
293.16459206	
293.16252591	
293.16046059	
293.15839610	
293.15633243	
293.15426960	
293.15220760	
293.15014642	
293.14808608	
293.14602656	
293.14396787	
293.14191001	
293.13985297	
293.13779676	
293.13574138	
293.13368682	
293.13163309	
293.12958019	
293.12752811	
293.12547685	
293.12342642	
293.12137681	
293.11932803	
293.11728007	
293.11523293	
293.11318662	
293.11114113	
293.10909646	
293.10705261	
293.10500959	
293.10296738	
293.10092600	
293.09888543	
293.09684569	
293.09480677	
293.09276866	
293.09073138	
293.08869491	
293.08665926	
293.08462443	
293.08259042	
293.08055723	
293.07852485	
293.07649329	
293.07446254	
293.07243262	
293.07040351	
293.06837521	
293.06634773	
293.06432106	
293.06229521	
293.06027017	
293.05824595	
293.05622254	
293.05419994	
293.05217816	
293.05015719	
293.04813703	
293.04611768	
293.04409915	
293.04208142	
293.04006451	
293.03804841	
293.03603311	
293.03401863	
293.03200496	
293.02999210	
293.02798004	
293.02596880	
293.02395836	
293.02194873	
293.01993991	
293.01793189	
293.01592469	
293.01391829	
293.01191269	
293.00990791	
293.00790392	
293.00590075	
293.00389837	
293.00189681	
292.99989605	
292.99789609	
292.99589693	
292.99389858	
292.99190103	
292.98990429	
292.98790835	
292.98591321	
292.98391887	
292.98192533	
292.97993260	
292.97794066	
292.97594953	
292.97395919	
292.97196966	
292.96998093	
292.96799299	
292.96600586	
292.96401952	
292.96203398	
292.96004924	
292.95806529	
292.95608215	
292.95409980	
292.95211825	
292.95013749	
292.94815753	
292.94617837	
292.94420000	
292.94222243	
292.94024565	
292.93826967	
292.93629448	
292.93432008	
292.93234648	
292.93037367	
292.92840165	
292.92643043	
292.92446000	
292.92249036	
292.92052151	
292.91855345	
292.91658619	
292.91461971	
292.91265403	
292.91068914	
292.90872503	
292.90676172	
292.90479919	
292.90283745	
292.90087650	
292.89891634	
292.89695697	
292.89499838	
292.89304059	
292.89108357	
292.88912735	
292.88717191	
292.88521726	
292.88326339	
292.88131031	
292.87935801	
292.87740650	
292.87545577	
292.87350583	
292.87155667	
292.86960829	
292.86766070	
292.86571389	
292.86376786	
292.86182261	
292.85987815	
292.85793447	
292.85599156	
292.85404944	
292.85210810	
292.85016754	
292.84822776	
292.84628876	
292.84435054	
292.84241310	
292.84047644	
292.83854055	
292.83660544	
292.83467111	
292.83273756	
292.83080479	
292.82887279	
292.82694157	
292.82501112	
292.82308145	
292.82115256	
292.81922444	
292.81729710	
292.81537053	
292.81344473	
292.81151971	
292.80959547	
292.80767199	
292.80574929	
292.80382737	
292.80190621	
292.79998583	
292.79806622	
292.79614738	
292.79422931	
292.79231201	
292.79039548	
292.78847973	
292.78656474	
292.78465052	
292.78273707	
292.78082440	
292.77891249	
292.77700134	
292.77509097	
292.77318136	
292.77127253	
292.76936446	
292.76745715	
292.76555061	
292.76364484	
292.76173984	
292.75983560	
292.75793212	
292.75602941	
292.75412747	
292.75222629	
292.75032587	
292.74842622	
292.74652733	
292.74462921	
292.74273184	
292.74083524	
292.73893941	
292.73704433	
292.73515002	
292.73325646	
292.73136367	
292.72947164	
292.72758037	
292.72568986	
292.72380011	
292.72191112	
292.72002289	
292.71813541	
292.71624870	
292.71436274	
292.71247754	
292.71059310	
292.70870942	
292.70682650	
292.70494433	
292.70306291	
292.70118226	
292.69930236	
292.69742321	
292.69554482	
292.69366719	
292.69179031	
292.68991418	
292.68803881	
292.68616419	
292.68429033	
292.68241721	
292.68054486	
292.67867325	
292.67680240	
292.67493229	
292.67306294	
292.67119434	
292.66932650	
292.66745940	
292.66559305	
292.66372745	
292.66186261	
292.65999851	
292.65813516	
292.65627256	
292.65441071	
292.65254961	
292.65068925	
292.64882965	
292.64697079	
292.64511268	
292.64325531	
292.64139869	
292.63954282	
292.63768769	
292.63583331	
292.63397968	
292.63212678	
292.63027464	
292.62842324	
292.62657258	
292.62472266	
292.62287349	
292.62102507	
292.61917738	
292.61733044	
292.61548424	
292.61363878	
292.61179407	
292.60995009	
292.60810686	
292.60626437	
292.60442262	
292.60258161	
292.60074133	
292.59890180	
292.59706301	
292.59522496	
292.59338764	
292.59155107	
292.58971523	
292.58788013	
292.58604576	
292.58421214	
292.58237925	
292.58054710	
292.57871568	
292.57688500	
292.57505506	
292.57322585	
292.57139738	
292.56956964	
292.56774264	
292.56591637	
292.56409083	
292.56226603	
292.56044196	
292.55861863	
292.55679602	
292.55497416	
292.55315302	
292.55133261	
292.54951294	
292.54769400	
292.54587578	
292.54405830	
292.54224155	
292.54042553	
292.53861024	
292.53679568	
292.53498185	
292.53316875	
292.53135638	
292.52954473	
292.52773381	
292.52592363	
292.52411416	
292.52230543	
292.52049742	
292.51869014	
292.51688359	
292.51507776	
292.51327266	
292.51146828	
292.50966463	
292.50786170	
292.50605950	
292.50425802	
292.50245727	
292.50065724	
292.49885793	
292.49705935	
292.49526149	
292.49346435	
292.49166793	
292.48987224	
292.48807727	
292.48628302	
292.48448949	
292.48269668	
292.48090459	
292.47911322	
292.47732257	
292.47553265	
292.47374344	
292.47195495	
292.47016718	
292.46838013	
292.46659379	
292.46480818	
292.46302328	
292.46123910	
292.45945563	
292.45767289	
292.45589085	
292.45410954	
292.45232894	
292.45054906	
292.44876989	
292.44699144	
292.44521370	
292.44343668	
292.44166037	
292.43988477	
292.43810989	
292.43633573	
292.43456227	
292.43278953	
292.43101750	
292.42924618	
292.42747558	
292.42570568	
292.42393650	
292.42216803	
292.42040027	
292.41863322	
292.41686688	
292.41510125	
292.41333633	
292.41157212	
292.40980861	
292.40804582	
292.40628374	
292.40452236	
292.40276169	
292.40100173	
292.39924248	
292.39748393	
292.39572609	
292.39396896	
292.39221253	
292.39045681	
292.38870179	
292.38694748	
292.38519388	
292.38344098	
292.38168878	
292.37993729	
292.37818650	
292.37643642	
292.37468704	
292.37293836	
292.37119039	
292.36944312	
292.36769655	
292.36595068	
292.36420551	
292.36246105	
292.36071729	
292.35897422	
292.35723186	
292.35549020	
292.35374924	
292.35200897	
292.35026941	
292.34853055	
292.34679238	
292.34505492	
292.34331815	
292.34158208	
292.33984671	
292.33811203	
292.33637806	
292.33464478	
292.33291219	
292.33118031	
292.32944911	
292.32771862	
292.32598882	
292.32425971	
292.32253130	
292.32080359	
292.31907657	
292.31735024	
292.31562461	
292.31389967	
292.31217542	
292.31045187	
292.30872901	
292.30700684	
292.30528537	
292.30356458	
292.30184449	
292.30012509	
292.29840638	
292.29668836	
292.29497103	
292.29325439	
292.29153845	
292.28982319	
292.28810862	
292.28639474	
292.28468155	
292.28296904	
292.28125723	
292.27954610	
292.27783566	
292.27612591	
292.27441685	
292.27270847	
292.27100078	
292.26929378	
292.26758746	
292.26588183	
292.26417688	
292.26247262	
292.26076904	
292.25906615	
292.25736394	
292.25566242	
292.25396158	
292.25226142	
292.25056195	
292.24886316	
292.24716505	
292.24546763	
292.24377089	
292.24207483	
292.24037945	
292.23868475	
292.23699074	
292.23529740	
292.23360475	
292.23191277	
292.23022148	
292.22853086	
292.22684093	
292.22515167	
292.22346310	
292.22177520	
292.22008798	
292.21840144	
292.21671557	
292.21503039	
292.21334588	
292.21166205	
292.20997889	
292.20829641	
292.20661461	
292.20493348	
292.20325303	
292.20157326	
292.19989416	
292.19821573	
292.19653798	
292.19486090	
292.19318450	
292.19150877	
292.18983372	
292.18815934	
292.18648563	
292.18481259	
292.18314023	
292.18146854	
292.17979752	
292.17812717	
292.17645749	
292.17478848	
292.17312015	
292.17145248	
292.16978549	
292.16811917	
292.16645351	
292.16478853	
292.16312421	
292.16146056	
292.15979758	
292.15813527	
292.15647363	
292.15481266	
292.15315235	
292.15149271	
292.14983374	
292.14817544	
292.14651780	
292.14486082	
292.14320452	
292.14154888	
292.13989390	
292.13823959	
292.13658595	
292.13493296	
292.13328065	
292.13162900	
292.12997801	
292.12832768	
292.12667802	
292.12502902	
292.12338068	
292.12173301	
292.12008600	
292.11843965	
292.11679396	
292.11514894	
292.11350457	
292.11186087	
292.11021782	
292.10857544	
292.10693372	
292.10529265	
292.10365225	
292.10201251	
292.10037342	
292.09873500	
292.09709723	
292.09546012	
292.09382367	
292.09218787	
292.09055273	
292.08891826	
292.08728443	
292.08565127	
292.08401876	
292.08238690	
292.08075571	
292.07912516	
292.07749528	
292.07586605	
292.07423747	
292.07260955	
292.07098228	
292.06935567	
292.06772971	
292.06610440	
292.06447975	
292.06285575	
292.06123240	
292.05960970	
292.05798766	
292.05636627	
292.05474553	
292.05312544	
292.05150601	
292.04988722	
292.04826908	
292.04665160	
292.04503476	
292.04341858	
292.04180304	
292.04018816	
292.03857392	
292.03696033	
292.03534739	
292.03373510	
292.03212346	
292.03051246	
292.02890211	
292.02729241	
292.02568336	
292.02407495	
292.02246719	
292.02086007	
292.01925360	
292.01764778	
292.01604260	
292.01443807	
292.01283418	
292.01123094	
292.00962834	
292.00802639	
292.00642508	
292.00482441	
292.00322438	
292.00162500	
292.00002627	
291.99842817	
291.99683072	
291.99523391	
291.99363774	
291.99204221	
291.99044732	
291.98885308	
291.98725947	
291.98566651	
291.98407418	
291.98248250	
291.98089145	
291.97930105	
291.97771128	
291.97612216	
291.97453367	
291.97294582	
291.97135861	
291.96977203	
291.96818610	
291.96660080	
291.96501614	
291.96343211	
291.96184873	
291.96026597	
291.95868386	
291.95710238	
291.95552154	
291.95394133	
291.95236175	
291.95078282	
291.94920451	
291.94762684	
291.94604981	
291.94447341	
291.94289764	
291.94132250	
291.93974800	
291.93817413	
291.93660090	
291.93502829	
291.93345632	
291.93188498	
291.93031427	
291.92874420	
291.92717475	
291.92560593	
291.92403775	
291.92247019	
291.92090327	
291.91933697	
291.91777131	
291.91620627	
291.91464187	
291.91307809	
291.91151494	
291.90995242	
291.90839052	
291.90682926	
291.90526862	
291.90370861	
291.90214922	
291.90059047	
291.89903234	
291.89747483	
291.89591795	
291.89436170	
291.89280607	
291.89125107	
291.88969669	
291.88814294	
291.88658981	
291.88503731	
291.88348543	
291.88193417	
291.88038354	
291.87883353	
291.87728415	
291.87573538	
291.87418724	
291.87263972	
291.87109283	
291.86954655	
291.86800090	
291.86645586	
291.86491145	
291.86336766	
291.86182449	
291.86028194	
291.85874001	
291.85719870	
291.85565801	
291.85411794	
291.85257849	
291.85103965	
291.84950144	
291.84796384	
291.84642686	
291.84489050	
291.84335475	
291.84181963	
291.84028512	
291.83875122	
291.83721795	
291.83568529	
291.83415324	
291.83262181	
291.83109100	
291.82956080	
291.82803122	
291.82650225	
291.82497390	
291.82344616	
291.82191903	
291.82039252	
291.81886662	
291.81734134	
291.81581667	
291.81429261	
291.81276916	
291.81124633	
291.80972411	
291.80820250	
291.80668150	
291.80516111	
291.80364133	
291.80212217	
291.80060361	
291.79908567	
291.79756833	
291.79605161	
291.79453550	
291.79301999	
291.79150509	
291.78999081	
291.78847713	
291.78696406	
291.78545159	
291.78393974	
291.78242849	
291.78091785	
291.77940782	
291.77789839	
291.77638957	
291.77488136	
291.77337376	
291.77186675	
291.77036036	
291.76885457	
291.76734939	
291.76584481	
291.76434083	
291.76283746	
291.76133470	
291.75983254	
291.75833098	
291.75683002	
291.75532967	
291.75382992	
291.75233078	
291.75083223	
291.74933429	
291.74783696	
291.74634022	
291.74484408	
291.74334855	
291.74185362	
291.74035928	
291.73886555	
291.73737242	
291.73587989	
291.73438796	
291.73289663	
291.73140590	
291.72991576	
291.72842623	
291.72693729	
291.72544896	
291.72396122	
291.72247408	
291.72098753	
291.71950159	
291.71801624	
291.71653149	
291.71504733	
291.71356378	
291.71208081	
291.71059845	
291.70911668	
291.70763550	
291.70615492	
291.70467494	
291.70319555	
291.70171676	
291.70023856	
291.69876095	
291.69728394	
291.69580752	
291.69433169	
291.69285646	
291.69138182	
291.68990777	
291.68843432	
291.68696146	
291.68548919	
291.68401751	
291.68254642	
291.68107593	
291.67960602	
291.67813671	
291.67666799	
291.67519985	
291.67373231	
291.67226536	
291.67079899	
291.66933322	
291.66786803	
291.66640344	
291.66493943	
291.66347601	
291.66201318	
291.66055094	
291.65908928	
291.65762822	
291.65616773	
291.65470784	
291.65324853	
291.65178981	
291.65033168	
291.64887413	
291.64741717	
291.64596079	
291.64450500	
291.64304980	
291.64159517	
291.64014114	
291.63868769	
291.63723482	
291.63578253	
291.63433083	
291.63287972	
291.63142918	
291.62997923	
291.62852986	
291.62708108	
291.62563287	
291.62418525	
291.62273821	
291.62129176	
291.61984588	
291.61840058	
291.61695587	
291.61551174	
291.61406818	
291.61262521	
291.61118282	
291.60974100	
291.60829977	
291.60685911	
291.60541904	
291.60397954	
291.60254062	
291.60110228	
291.59966452	
291.59822734	
291.59679073	
291.59535470	
291.59391925	
291.59248437	
291.59105008	
291.58961635	
291.58818321	
291.58675064	
291.58531865	
291.58388723	
291.58245638	
291.58102612	
291.57959642	
291.57816731	
291.57673876	
291.57531079	
291.57388340	
291.57245657	
291.57103032	
291.56960465	
291.56817955	
291.56675502	
291.56533106	
291.56390767	
291.56248486	
291.56106262	
291.55964095	
291.55821985	
291.55679933	
291.55537937	
291.55395998	
291.55254117	
291.55112293	
291.54970525	
291.54828815	
291.54687161	
291.54545565	
291.54404025	
291.54262542	
291.54121116	
291.53979747	
291.53838435	
291.53697179	
291.53555981	
291.53414839	
291.53273753	
291.53132725	
291.52991753	
291.52850838	
291.52709979	
291.52569178	
291.52428432	
291.52287743	
291.52147111	
291.52006536	
291.51866016	
291.51725554	
291.51585147	
291.51444797	
291.51304504	
291.51164267	
291.51024086	
291.50883962	
291.50743894	
291.50603882	
291.50463927	
291.50324028	
291.50184185	
291.50044398	
291.49904667	
291.49764993	
291.49625375	
291.49485812	
291.49346306	
291.49206856	
291.49067462	
291.48928124	
291.48788842	
291.48649616	
291.48510446	
291.48371332	
291.48232274	
291.48093272	
291.47954326	
291.47815435	
291.47676600	
291.47537821	
291.47399098	
291.47260431	
291.47121819	
291.46983263	
291.46844763	
291.46706318	
291.46567929	
291.46429596	
291.46291318	
291.46153096	
291.46014929	
291.45876818	
291.45738763	
291.45600763	
291.45462818	
291.45324929	
291.45187095	
291.45049317	
291.44911594	
291.44773926	
291.44636314	
291.44498757	
291.44361255	
291.44223809	
291.44086418	
291.43949082	
291.43811801	
291.43674575	
291.43537405	
291.43400289	
291.43263229	
291.43126224	
291.42989274	
291.42852379	
291.42715539	
291.42578754	
291.42442024	
291.42305349	
291.42168729	
291.42032163	
291.41895653	
291.41759198	
291.41622797	
291.41486451	
291.41350160	
291.41213924	
291.41077742	
291.40941616	
291.40805544	
291.40669526	
291.40533564	
291.40397656	
291.40261802	
291.40126003	
291.39990259	
291.39854569	
291.39718934	
291.39583354	
291.39447827	
291.39312356	
291.39176939	
291.39041576	
291.38906267	
291.38771013	
291.38635814	
291.38500668	
291.38365577	
291.38230541	
291.38095558	
291.37960630	
291.37825756	
291.37690937	
291.37556171	
291.37421460	
291.37286802	
291.37152199	
291.37017650	
291.36883155	
291.36748714	
291.36614328	
291.36479995	
291.36345716	
291.36211491	
291.36077320	
291.35943203	
291.35809140	
291.35675131	
291.35541175	
291.35407274	
291.35273426	
291.35139632	
291.35005892	
291.34872206	
291.34738573	
291.34604994	
291.34471469	
291.34337997	
291.34204579	
291.34071215	
291.33937904	
291.33804647	
291.33671444	
291.33538293	
291.33405197	
291.33272154	
291.33139164	
291.33006228	
291.32873346	
291.32740516	
291.32607740	
291.32475018	
291.32342349	
291.32209733	
291.32077170	
291.31944661	
291.31812205	
291.31679802	
291.31547453	
291.31415156	
291.31282913	
291.31150723	
291.31018586	
291.30886502	
291.30754471	
291.30622494	
291.30490569	
291.30358697	
291.30226879	
291.30095113	
291.29963401	
291.29831741	
291.29700134	
291.29568580	
291.29437079	
291.29305631	
291.29174235	
291.29042893	
291.28911603	
291.28780366	
291.28649182	
291.28518050	
291.28386972	
291.28255945	
291.28124972	
291.27994051	
291.27863183	
291.27732367	
291.27601604	
291.27470894	
291.27340236	
291.27209630	
291.27079077	
291.26948577	
291.26818129	
291.26687733	
291.26557390	
291.26427099	
291.26296861	
291.26166675	
291.26036541	
291.25906459	
291.25776430	
291.25646453	
291.25516529	
291.25386656	
291.25256836	
291.25127068	
291.24997352	
291.24867688	
291.24738076	
291.24608517	
291.24479009	
291.24349554	
291.24220150	
291.24090799	
291.23961500	
291.23832252	
291.23703057	
291.23573913	
291.23444821	
291.23315781	
291.23186793	
291.23057857	
291.22928973	
291.22800141	
291.22671360	
291.22542631	
291.22413954	
291.22285328	
291.22156754	
291.22028232	
291.21899762	
291.21771343	
291.21642976	
291.21514660	
291.21386396	
291.21258184	
291.21130023	
291.21001913	
291.20873855	
291.20745849	
291.20617894	
291.20489990	
291.20362138	
291.20234337	
291.20106587	
291.19978889	
291.19851242	
291.19723647	
291.19596103	
291.19468610	
291.19341168	
291.19213778	
291.19086438	
291.18959150	
291.18831913	
291.18704727	
291.18577593	
291.18450509	
291.18323477	
291.18196495	
291.18069565	
291.17942685	
291.17815857	
291.17689079	
291.17562353	
291.17435677	
291.17309053	
291.17182479	
291.17055956	
291.16929484	
291.16803063	
291.16676692	
291.16550373	
291.16424104	
291.16297886	
291.16171719	
291.16045602	
291.15919536	
291.15793521	
291.15667556	
291.15541642	
291.15415779	
291.15289966	
291.15164203	
291.15038492	
291.14912831	
291.14787220	
291.14661660	
291.14536150	
291.14410691	
291.14285282	
291.14159923	
291.14034615	
291.13909358	
291.13784150	
291.13658993	
291.13533886	
291.13408830	
291.13283824	
291.13158868	
291.13033962	
291.12909107	
291.12784301	
291.12659546	
291.12534841	
291.12410186	
291.12285581	
291.12161026	
291.12036522	
291.11912067	
291.11787662	
291.11663308	
291.11539003	
291.11414748	
291.11290544	
291.11166389	
291.11042284	
291.10918229	
291.10794224	
291.10670268	
291.10546363	
291.10422507	
291.10298701	
291.10174945	
291.10051239	
291.09927582	
291.09803975	
291.09680417	
291.09556910	
291.09433452	
291.09310043	
291.09186684	
291.09063375	
291.08940115	
291.08816905	
291.08693745	
291.08570633	
291.08447572	
291.08324560	
291.08201597	
291.08078684	
291.07955820	
291.07833005	
291.07710240	
291.07587524	
291.07464857	
291.07342240	
291.07219672	
291.07097154	
291.06974684	
291.06852264	
291.06729893	
291.06607571	
291.06485298	
291.06363075	
291.06240901	
291.06118775	
291.05996699	
291.05874672	
291.05752694	
291.05630765	
291.05508885	
291.05387053	
291.05265271	
291.05143538	
291.05021854	
291.04900219	
291.04778632	
291.04657095	
291.04535606	
291.04414166	
291.04292775	
291.04171432	
291.04050139	
291.03928894	
291.03807698	
291.03686551	
291.03565452	
291.03444402	
291.03323401	
291.03202448	
291.03081544	
291.02960688	
291.02839881	
291.02719123	
291.02598413	
291.02477752	
291.02357139	
291.02236575	
291.02116059	
291.01995591	
291.01875172	
291.01754802	
291.01634479	
291.01514205	
291.01393980	
291.01273803	
291.01153674	
291.01033593	
291.00913561	
291.00793576	
291.00673640	
291.00553753	
291.00433913	
291.00314122	
291.00194379	
291.00074683	
290.99955036	
290.99835437	
290.99715887	
290.99596384	
290.99476929	
290.99357522	
290.99238164	
290.99118853	
290.98999590	
290.98880375	
290.98761208	
290.98642089	
290.98523018	
290.98403994	
290.98285019	
290.98166091	
290.98047211	
290.97928379	
