333.00083035	
333.00055182	
333.00039907	
333.00101321	
333.00089870	
333.00054191	
333.00091698	
333.00145553	
333.00140581	
333.00093434	
333.00043021	
332.99974515	
332.99943158	
332.99923549	
332.99951183	
332.99952372	
332.99885378	
332.99862345	
332.99863459	
332.99920775	
332.99933669	
332.99883885	
332.99913837	
332.99959036	
332.99919915	
332.99842130	
332.99817289	
332.99801806	
332.99788298	
332.99824165	
332.99888506	
332.99921996	
332.99892439	
332.99912441	
332.99962475	
332.99982929	
332.99992112	
332.99972659	
333.00002758	
333.00055642	
333.00046800	
333.00018445	
333.00038913	
333.00078215	
333.00112043	
333.00154840	
333.00150185	
333.00082506	
333.00088774	
333.00122522	
333.00095596	
333.00092726	
333.00089485	
333.00062005	
333.00008135	
333.00024375	
333.00067464	
333.00019933	
332.99969086	
332.99982947	
333.00030484	
333.00083883	
333.00066290	
333.00024767	
333.00011542	
333.00020466	
333.00034565	
333.00027344	
333.00003651	
332.99995728	
333.00061440	
333.00112149	
333.00143904	
333.00155278	
333.00185190	
333.00164751	
333.00103807	
333.00071118	
333.00000796	
333.00016204	
333.00074268	
333.00027910	
332.99983615	
333.00036005	
333.00048170	
332.99985822	
332.99979713	
333.00032689	
333.00061700	
333.00033004	
333.00006161	
332.99966268	
332.99900894	
332.99899535	
332.99949937	
332.99969356	
332.99926215	
332.99862402	
332.99851761	
332.99841459	
332.99864200	
332.99883513	
332.99870829	
332.99893035	
332.99862059	
332.99827221	
332.99803963	
332.99799338	
332.99862802	
332.99934757	
332.99921451	
332.99882674	
332.99918146	
332.99939692	
332.99949377	
333.00002096	
333.00003155	
332.99982480	
332.99979149	
333.00010954	
333.00032971	
333.00043205	
333.00075407	
333.00051573	
333.00053400	
333.00104301	
333.00083091	
333.00053416	
333.00049589	
333.00053201	
333.00101728	
333.00112518	
333.00068226	
333.00000714	
332.99929276	
332.99918306	
332.99919875	
332.99863502	
332.99816805	
332.99844640	
332.99851021	
332.99824983	
332.99883731	
332.99889463	
332.99854170	
332.99831183	
332.99839745	
332.99887635	
332.99878467	
332.99893306	
332.99897808	
332.99906149	
332.99978897	
333.00052408	
333.00109840	
333.00162455	
333.00140694	
333.00051019	
333.00019954	
332.99989668	
332.99972071	
332.99988462	
333.00008663	
332.99989327	
332.99926226	
332.99916871	
332.99956128	
332.99989741	
332.99958286	
332.99952418	
332.99965010	
332.99921387	
332.99881650	
332.99920190	
332.99980474	
333.00018058	
333.00024468	
332.99972474	
332.99968927	
333.00033183	
333.00037296	
332.99971607	
332.99998630	
333.00079736	
333.00119220	
333.00139637	
333.00154667	
333.00116974	
333.00028642	
333.00029779	
333.00101955	
333.00102336	
333.00111924	
333.00173968	
333.00213110	
333.00179366	
333.00154107	
333.00129354	
333.00132206	
333.00132129	
333.00043597	
332.99987514	
332.99962734	
332.99970898	
332.99968655	
332.99983417	
332.99996237	
332.99970367	
332.99920880	
332.99901552	
332.99956114	
332.99972091	
332.99941645	
332.99936093	
332.99924991	
332.99877262	
332.99827686	
332.99841702	
332.99923675	
332.99958879	
332.99907962	
332.99848322	
332.99840393	
332.99855176	
332.99819210	
332.99779474	
332.99774414	
332.99759881	
332.99728527	
332.99761870	
332.99844781	
332.99919542	
332.99918972	
332.99856184	
332.99832266	
332.99826281	
332.99869995	
332.99896278	
332.99848242	
332.99829599	
332.99852905	
332.99913634	
332.99915424	
332.99904348	
332.99956227	
333.00004784	
333.00051173	
333.00102778	
333.00162796	
333.00169475	
333.00102667	
333.00016741	
332.99966525	
332.99922125	
332.99871974	
332.99895858	
332.99933424	
332.99948211	
332.99991952	
333.00009651	
333.00028270	
333.00069067	
333.00063523	
333.00059988	
333.00030524	
332.99944610	
332.99942833	
332.99976615	
332.99961271	
332.99971307	
333.00010799	
332.99972923	
332.99957355	
333.00024687	
333.00064458	
333.00059389	
333.00087117	
333.00116230	
333.00136111	
333.00132016	
333.00114281	
333.00120384	
333.00111231	
333.00124572	
333.00143564	
333.00129017	
333.00125103	
333.00162048	
333.00143207	
333.00155596	
333.00229519	
333.00253446	
333.00191689	
333.00125255	
333.00113784	
333.00064846	
333.00007124	
333.00038398	
333.00067552	
333.00050575	
333.00036475	
333.00058329	
333.00128334	
333.00177537	
333.00216058	
333.00227994	
333.00178644	
333.00136273	
333.00128624	
333.00079258	
332.99999681	
333.00002974	
333.00041181	
333.00056280	
333.00079832	
333.00082507	
333.00084540	
333.00095988	
333.00135751	
333.00180489	
333.00141827	
333.00136215	
333.00146944	
333.00069623	
333.00048454	
333.00053898	
332.99998184	
333.00011517	
333.00066447	
333.00103351	
333.00153248	
333.00126931	
333.00119160	
333.00114159	
333.00091110	
333.00131987	
333.00108732	
333.00030282	
333.00027756	
333.00030201	
332.99985323	
332.99959772	
332.99967335	
332.99952014	
332.99937029	
332.99991987	
333.00055574	
333.00047865	
333.00016838	
333.00053098	
333.00079067	
333.00029667	
333.00003846	
333.00040904	
333.00074552	
333.00049243	
333.00022097	
333.00052363	
333.00109534	
333.00169410	
333.00137953	
333.00100214	
333.00120699	
333.00082346	
333.00072674	
333.00096933	
333.00073186	
333.00098689	
333.00104198	
333.00045714	
333.00048712	
333.00109726	
333.00087033	
333.00036234	
333.00067866	
333.00066225	
333.00003900	
333.00011011	
333.00005648	
332.99947235	
332.99974262	
333.00007076	
332.99963357	
332.99914470	
332.99919580	
332.99971554	
332.99965706	
332.99940361	
332.99966350	
333.00002964	
333.00051141	
333.00106929	
333.00160547	
333.00180464	
333.00120434	
333.00061442	
333.00039933	
333.00045690	
333.00080280	
333.00039232	
333.00019388	
333.00048371	
333.00003750	
332.99922755	
332.99854032	
332.99874960	
332.99944963	
332.99917393	
332.99879285	
332.99931490	
332.99994614	
332.99986625	
332.99960034	
332.99930434	
332.99870401	
332.99874904	
332.99946711	
332.99944995	
332.99893660	
332.99925728	
332.99917239	
332.99840099	
332.99798886	
332.99835628	
332.99930995	
332.99954993	
332.99936620	
332.99950309	
332.99985426	
332.99966642	
332.99982225	
333.00001788	
332.99958568	
332.99965566	
333.00021635	
333.00053722	
333.00020222	
332.99981647	
332.99964259	
332.99940473	
332.99905148	
332.99888910	
332.99895215	
332.99930979	
332.99917150	
332.99917145	
332.99981290	
332.99950649	
332.99948347	
332.99990438	
333.00023884	
333.00061131	
333.00009306	
332.99970059	
332.99976209	
332.99991446	
332.99959784	
332.99965771	
333.00041263	
333.00089274	
333.00102176	
333.00065329	
333.00048864	
333.00059422	
333.00101082	
333.00119719	
333.00058573	
332.99995806	
332.99955981	
332.99969277	
333.00025631	
333.00075022	
333.00057107	
332.99994087	
332.99980849	
332.99986428	
333.00026718	
333.00053443	
333.00050591	
333.00070270	
333.00073156	
333.00058215	
333.00055419	
333.00060955	
333.00022685	
332.99954073	
332.99906258	
332.99864215	
332.99844207	
332.99816384	
332.99814365	
332.99875423	
332.99878248	
332.99815177	
332.99818906	
332.99813493	
332.99825811	
332.99838951	
332.99818217	
332.99807959	
332.99786844	
332.99803113	
332.99839969	
332.99894700	
332.99894133	
332.99849624	
332.99822141	
332.99867116	
332.99868894	
332.99861505	
332.99919573	
332.99907214	
332.99893098	
332.99885645	
332.99922883	
332.99935787	
332.99945194	
332.99971921	
332.99961291	
332.99951401	
332.99886909	
332.99868158	
332.99889013	
332.99899761	
332.99928401	
332.99930781	
332.99927614	
332.99960414	
332.99939614	
332.99887229	
332.99910926	
332.99987781	
333.00022459	
332.99966787	
332.99976918	
333.00061160	
333.00063733	
333.00072452	
333.00125482	
333.00179396	
333.00226964	
333.00206501	
333.00136064	
333.00084339	
333.00044474	
332.99990957	
332.99956951	
332.99944787	
332.99910846	
332.99937849	
333.00019866	
332.99995085	
332.99959567	
332.99999934	
333.00030971	
333.00067159	
333.00112351	
333.00138933	
333.00108477	
333.00090014	
333.00089037	
333.00055351	
333.00064808	
333.00121149	
333.00134148	
333.00077134	
333.00015544	
332.99980257	
333.00019857	
333.00051640	
333.00042979	
333.00010930	
333.00019175	
333.00028574	
332.99954586	
332.99934835	
332.99969830	
333.00027369	
333.00030984	
333.00015164	
333.00054256	
333.00090539	
333.00067039	
333.00026275	
333.00000050	
333.00021618	
333.00069346	
333.00101790	
333.00136581	
333.00156810	
333.00167269	
333.00114674	
333.00119475	
333.00178275	
333.00187035	
333.00205900	
333.00168457	
333.00075959	
333.00082327	
333.00066077	
332.99981036	
332.99938097	
332.99898758	
332.99874781	
332.99907629	
332.99964779	
332.99955897	
332.99939168	
332.99953243	
332.99938963	
332.99951193	
333.00016738	
333.00076489	
333.00050510	
333.00013729	
333.00019865	
332.99976222	
332.99904695	
332.99884346	
332.99895044	
332.99908294	
332.99921329	
332.99932069	
332.99913290	
332.99931719	
332.99980527	
332.99958248	
332.99973514	
333.00020974	
332.99988020	
332.99966098	
332.99942867	
332.99922143	
332.99991259	
333.00059785	
333.00039981	
332.99988595	
332.99982587	
332.99987064	
332.99944159	
332.99959624	
333.00035939	
333.00005559	
333.00008161	
333.00053223	
333.00053623	
333.00080739	
333.00077287	
333.00067970	
333.00119055	
333.00136021	
333.00149215	
333.00196941	
333.00153691	
333.00142486	
333.00131904	
333.00102496	
333.00132672	
333.00142637	
333.00168899	
333.00173946	
333.00200480	
333.00235116	
333.00224686	
333.00240384	
333.00240351	
333.00182694	
333.00165194	
333.00172640	
333.00141727	
333.00136284	
333.00165341	
333.00125970	
333.00093739	
333.00077840	
333.00051229	
333.00050241	
333.00080472	
333.00138311	
333.00101373	
333.00027106	
332.99981708	
332.99965063	
333.00017182	
333.00009968	
332.99925415	
332.99893307	
332.99864414	
332.99880339	
332.99928096	
332.99923619	
332.99880033	
332.99817246	
332.99819703	
332.99844555	
332.99861686	
332.99928449	
332.99929279	
332.99871857	
332.99868012	
332.99882675	
332.99887738	
332.99874943	
332.99867536	
332.99870292	
332.99907275	
332.99921306	
332.99903088	
332.99948114	
332.99953609	
332.99917545	
332.99948236	
332.99985534	
332.99950816	
332.99939946	
332.99920607	
332.99934699	
332.99950807	
332.99912952	
332.99922767	
332.99887353	
332.99893878	
332.99917030	
332.99904901	
332.99957072	
332.99969638	
332.99901117	
332.99867995	
332.99893993	
332.99884715	
332.99847841	
332.99870514	
332.99907551	
332.99891897	
332.99832752	
332.99854906	
332.99888752	
332.99849332	
332.99797908	
332.99814612	
332.99879846	
332.99937496	
332.99932992	
332.99920372	
332.99951311	
332.99983828	
333.00024612	
332.99984436	
332.99942956	
332.99953400	
332.99977909	
332.99994994	
332.99961341	
332.99941102	
332.99988849	
333.00014546	
333.00047124	
333.00071637	
333.00060017	
333.00017515	
332.99968014	
332.99983501	
332.99971893	
332.99996456	
333.00007758	
332.99965754	
332.99939483	
332.99965522	
333.00026554	
333.00017530	
332.99987359	
332.99957840	
332.99963643	
332.99997040	
333.00006644	
332.99958581	
332.99886625	
332.99859694	
332.99857759	
332.99862309	
332.99863538	
332.99875867	
332.99889597	
332.99902973	
332.99898145	
332.99913421	
332.99959257	
332.99921809	
332.99934526	
332.99935773	
332.99850660	
332.99873848	
332.99877825	
332.99838193	
332.99824834	
332.99819412	
332.99879306	
332.99964608	
332.99965719	
332.99928759	
332.99896653	
332.99893316	
332.99940369	
332.99910680	
332.99912832	
332.99938033	
332.99883430	
332.99907951	
332.99925216	
332.99876494	
332.99860646	
332.99829188	
332.99780494	
332.99807927	
332.99814304	
332.99744610	
332.99726589	
332.99723440	
332.99766067	
332.99818130	
332.99791614	
332.99828458	
332.99869918	
332.99814290	
332.99802167	
332.99868319	
332.99944380	
333.00017087	
333.00044445	
333.00001638	
332.99959010	
332.99920095	
332.99937804	
332.99952400	
332.99977740	
333.00047289	
333.00044701	
333.00000393	
332.99949736	
332.99956009	
332.99972999	
332.99922818	
332.99882113	
332.99894915	
332.99949573	
332.99957056	
332.99960587	
332.99957678	
332.99980983	
333.00029817	
332.99977318	
332.99988866	
333.00049369	
333.00071124	
333.00062404	
333.00072786	
333.00056041	
333.00027826	
333.00019828	
333.00018145	
333.00076409	
333.00110689	
333.00122119	
333.00088822	
333.00079306	
333.00063029	
333.00013122	
333.00043840	
333.00081245	
333.00106181	
333.00072844	
333.00046194	
333.00103001	
333.00170166	
333.00188096	
333.00194354	
333.00173077	
333.00178666	
333.00217769	
333.00198009	
333.00173875	
333.00192686	
333.00177229	
333.00160206	
333.00138032	
333.00121586	
333.00166805	
333.00167694	
333.00184726	
333.00204707	
333.00216859	
333.00207416	
333.00144976	
333.00077268	
333.00038867	
333.00011519	
332.99995009	
333.00037184	
333.00074959	
333.00108010	
333.00089957	
333.00071259	
333.00131273	
333.00102926	
333.00059766	
333.00031807	
333.00009401	
333.00011124	
333.00023402	
333.00051577	
333.00067025	
333.00072125	
333.00059945	
333.00056955	
333.00058896	
333.00029859	
333.00036027	
333.00041377	
332.99977111	
332.99961322	
332.99956023	
332.99981886	
332.99990911	
332.99955574	
332.99958833	
332.99992928	
333.00002902	
332.99987189	
332.99956034	
332.99893428	
332.99896503	
332.99908016	
332.99888280	
332.99871975	
332.99895259	
332.99912547	
332.99929109	
332.99938473	
332.99926169	
332.99926688	
332.99899806	
332.99919960	
332.99986062	
333.00016342	
333.00037551	
333.00027299	
333.00045392	
333.00102530	
333.00111538	
333.00086456	
333.00109547	
333.00115258	
333.00112373	
333.00102423	
333.00092457	
333.00127894	
333.00094267	
333.00029802	
333.00003167	
333.00051970	
333.00087668	
333.00042017	
333.00058799	
333.00056993	
332.99983225	
332.99998398	
333.00033523	
333.00072456	
333.00119610	
333.00082575	
333.00071858	
333.00089454	
333.00093377	
333.00118521	
333.00065795	
333.00010117	
332.99998391	
333.00023515	
333.00054361	
333.00053564	
333.00038253	
333.00012725	
333.00043480	
333.00024656	
332.99989599	
333.00043576	
333.00048284	
333.00011121	
332.99961310	
332.99949081	
332.99987756	
332.99998256	
332.99992212	
333.00026403	
333.00060873	
333.00043327	
333.00046569	
333.00074365	
333.00070742	
333.00012056	
332.99970701	
333.00008485	
333.00018264	
333.00009556	
333.00008069	
332.99984869	
333.00022437	
333.00034030	
332.99992456	
332.99993529	
333.00048885	
333.00048963	
332.99974943	
332.99929875	
332.99886380	
332.99850711	
332.99814535	
332.99785056	
332.99819555	
332.99856860	
332.99874068	
332.99882394	
332.99883748	
332.99877331	
332.99908653	
332.99927043	
332.99922342	
332.99918487	
332.99931734	
332.99921618	
332.99930839	
332.99960752	
332.99904782	
332.99916541	
332.99929277	
332.99929746	
332.99934804	
332.99947246	
332.99943611	
332.99875588	
332.99814281	
332.99835407	
332.99851088	
332.99873201	
332.99877077	
332.99887669	
332.99982190	
333.00003832	
333.00008651	
333.00018496	
333.00012630	
333.00014453	
333.00030919	
333.00050514	
333.00065352	
333.00061970	
333.00069195	
333.00122541	
333.00174560	
333.00135885	
333.00125365	
333.00105833	
333.00090409	
333.00091127	
333.00009522	
333.00015139	
333.00032556	
333.00041608	
333.00021739	
332.99990746	
332.99994715	
332.99955172	
332.99957247	
332.99989381	
332.99995818	
332.99990436	
332.99982998	
333.00018989	
333.00043274	
333.00000456	
332.99951058	
332.99925745	
332.99924290	
332.99927847	
332.99912806	
332.99942842	
332.99985939	
332.99943576	
332.99909390	
332.99900593	
332.99878763	
332.99917689	
332.99943881	
332.99892186	
332.99910181	
332.99917695	
332.99937753	
333.00003294	
333.00017626	
333.00038938	
333.00014261	
333.00034488	
333.00115617	
333.00115139	
333.00046004	
333.00024671	
333.00067096	
333.00123137	
333.00179406	
333.00191230	
333.00201835	
333.00238973	
333.00227141	
333.00185106	
333.00207068	
333.00241070	
333.00240689	
333.00267029	
333.00288368	
333.00249689	
333.00179534	
333.00143979	
333.00141515	
333.00099635	
333.00093134	
333.00159295	
333.00165200	
333.00158831	
333.00151587	
333.00156930	
333.00178545	
333.00168690	
333.00155271	
333.00134062	
333.00101889	
333.00056417	
333.00059892	
333.00077068	
333.00043989	
333.00000570	
332.99944326	
332.99963367	
333.00051948	
333.00030536	
332.99991838	
332.99964676	
332.99946235	
332.99949231	
332.99897434	
332.99910934	
332.99937620	
332.99911408	
332.99939874	
332.99967454	
332.99955484	
332.99991795	
333.00057299	
333.00090200	
333.00126094	
333.00139782	
333.00094326	
333.00078603	
333.00133390	
333.00139508	
333.00124538	
333.00153654	
333.00165180	
333.00163342	
333.00171726	
333.00181244	
333.00162161	
333.00156175	
333.00167231	
333.00128119	
333.00111158	
333.00113889	
333.00087481	
333.00086907	
333.00086212	
333.00113667	
333.00180832	
333.00147035	
333.00116326	
333.00129232	
333.00126182	
333.00090176	
333.00021137	
333.00032551	
333.00053370	
333.00059821	
333.00081374	
333.00051119	
333.00009341	
332.99973876	
332.99929616	
332.99908771	
332.99860664	
332.99873107	
332.99890260	
332.99831517	
332.99859541	
332.99869680	
332.99833543	
332.99802949	
332.99801360	
332.99865482	
332.99929002	
332.99962450	
332.99985528	
333.00038288	
333.00017166	
332.99979222	
332.99946086	
332.99880267	
332.99830066	
332.99849926	
332.99852782	
332.99848722	
332.99912374	
332.99956868	
333.00003429	
333.00004581	
332.99936719	
332.99882469	
332.99858876	
332.99826008	
332.99779946	
332.99754099	
332.99780144	
332.99764631	
332.99706842	
332.99711038	
332.99760874	
332.99830178	
332.99873367	
332.99898379	
332.99899517	
332.99878564	
332.99855090	
332.99805106	
332.99819087	
332.99872923	
332.99880208	
332.99909559	
332.99902972	
332.99836755	
332.99812096	
332.99851134	
332.99903986	
332.99948307	
332.99934292	
332.99911401	
332.99973400	
333.00023903	
332.99982926	
332.99942048	
332.99992390	
333.00011875	
332.99994987	
333.00020278	
333.00072426	
333.00125424	
333.00111396	
333.00094268	
333.00077400	
333.00057405	
333.00090107	
333.00102260	
333.00122305	
333.00096807	
333.00030394	
333.00040184	
333.00037550	
333.00012104	
333.00029952	
333.00079741	
333.00059133	
332.99978824	
332.99962058	
332.99989658	
333.00044988	
333.00060572	
333.00068208	
333.00075488	
333.00030949	
333.00050839	
333.00107439	
333.00112846	
333.00056927	
332.99989778	
332.99934423	
332.99914345	
332.99917338	
332.99889536	
332.99900705	
332.99918658	
332.99895394	
332.99922087	
332.99928636	
332.99863007	
332.99858844	
332.99857871	
332.99847115	
332.99837901	
332.99867686	
332.99926902	
332.99938245	
332.99949450	
333.00000727	
333.00053466	
333.00039559	
333.00052010	
333.00107814	
333.00105712	
333.00098283	
333.00142296	
333.00125842	
333.00072045	
333.00031237	
332.99973480	
332.99909400	
332.99916499	
332.99966032	
332.99935991	
332.99924397	
332.99928481	
332.99871570	
332.99862440	
332.99860409	
332.99874450	
332.99914783	
332.99883992	
332.99848035	
332.99827194	
332.99816338	
332.99801073	
332.99830136	
332.99844705	
332.99800353	
332.99840387	
332.99854190	
332.99844425	
332.99895485	
332.99924972	
332.99917113	
332.99898344	
332.99875425	
332.99846630	
332.99856525	
332.99904922	
332.99900398	
332.99839675	
332.99867048	
332.99878869	
332.99858265	
332.99881369	
332.99897102	
332.99905226	
332.99867792	
332.99814614	
332.99768694	
332.99765354	
332.99819754	
332.99839694	
332.99846712	
332.99834096	
332.99789897	
332.99801406	
332.99867491	
332.99864575	
332.99802646	
332.99826175	
332.99910481	
332.99990907	
332.99991660	
332.99955548	
332.99972318	
333.00022205	
333.00008365	
332.99958887	
332.99924721	
332.99877427	
332.99868872	
332.99849395	
332.99825545	
332.99886423	
332.99941243	
332.99913430	
332.99874517	
332.99855618	
332.99863055	
332.99918631	
332.99973578	
333.00018359	
333.00032356	
333.00030872	
333.00037464	
333.00071298	
333.00070438	
332.99995103	
332.99989947	
333.00044185	
333.00046378	
333.00011067	
332.99962749	
332.99982709	
333.00031356	
333.00039471	
333.00097126	
333.00074928	
333.00031952	
333.00029707	
333.00053116	
333.00117546	
333.00150764	
333.00116375	
333.00104129	
333.00161830	
333.00197707	
333.00169785	
333.00153174	
333.00207889	
333.00250438	
333.00279596	
333.00267780	
333.00221114	
333.00178683	
333.00162419	
333.00203887	
333.00185260	
333.00136219	
333.00141711	
333.00118411	
333.00142156	
333.00128908	
333.00080118	
333.00049344	
333.00001726	
333.00049936	
333.00125940	
333.00178573	
333.00222791	
333.00178983	
333.00086637	
333.00105206	
333.00122289	
333.00100630	
333.00144049	
333.00125876	
333.00048352	
333.00050619	
333.00041367	
332.99996222	
333.00004357	
333.00005931	
332.99952433	
332.99902326	
332.99904557	
332.99938638	
332.99942058	
332.99906051	
332.99894182	
332.99862699	
332.99886046	
332.99946637	
332.99969411	
332.99942728	
332.99921349	
332.99989170	
333.00064834	
333.00042946	
333.00005666	
333.00056332	
333.00040918	
333.00009515	
333.00065719	
333.00105820	
333.00097126	
333.00082762	
333.00060036	
333.00004631	
333.00010649	
333.00033249	
332.99985188	
332.99970946	
333.00011838	
333.00041517	
333.00031658	
333.00062959	
333.00082494	
333.00037690	
333.00008770	
333.00025678	
333.00071431	
333.00123380	
333.00094454	
333.00004999	
333.00027803	
333.00064548	
333.00049496	
333.00067538	
333.00030374	
333.00038153	
333.00058987	
333.00065976	
333.00093005	
333.00072551	
333.00102740	
333.00109781	
333.00081141	
333.00102608	
333.00109758	
333.00131659	
333.00196374	
333.00160340	
333.00143493	
333.00208900	
333.00203368	
333.00184467	
333.00141843	
333.00123289	
333.00099042	
333.00009934	
332.99940202	
332.99959717	
333.00009689	
333.00038702	
333.00099782	
333.00146975	
333.00162565	
333.00185217	
333.00206283	
333.00188147	
333.00215898	
333.00184758	
333.00124598	
333.00140901	
333.00105221	
333.00078334	
333.00055611	
333.00054940	
333.00093592	
333.00124158	
333.00096715	
333.00065885	
333.00037779	
332.99998679	
333.00005092	
332.99980779	
332.99968654	
332.99994374	
332.99975941	
332.99979495	
332.99980067	
332.99957091	
333.00005322	
333.00031438	
332.99994350	
332.99982291	
332.99986540	
332.99998209	
332.99980769	
332.99922228	
332.99953251	
333.00009813	
333.00027160	
333.00000088	
333.00017835	
333.00051375	
333.00020878	
332.99967421	
332.99975451	
333.00026688	
333.00049261	
333.00093010	
333.00079140	
333.00083622	
333.00119948	
333.00146951	
333.00168801	
333.00155652	
333.00138410	
333.00150857	
333.00176925	
333.00186880	
333.00158510	
333.00139840	
333.00105986	
333.00052993	
333.00054695	
333.00093621	
333.00120157	
333.00077122	
333.00082641	
333.00143193	
333.00175838	
333.00207630	
333.00247465	
333.00252780	
333.00194900	
333.00138139	
333.00165246	
333.00184734	
333.00151264	
333.00167583	
333.00199726	
333.00227321	
333.00275865	
333.00317279	
333.00344693	
333.00361479	
333.00343900	
333.00336012	
333.00368796	
333.00310367	
333.00265948	
333.00304606	
333.00301035	
333.00298785	
333.00285418	
333.00257306	
333.00260994	
333.00232909	
333.00181563	
333.00149017	
333.00167738	
333.00198842	
333.00157097	
333.00134563	
333.00101186	
333.00022099	
333.00028110	
333.00007946	
332.99975883	
333.00036925	
333.00087899	
333.00096466	
333.00110992	
333.00074231	
333.00001296	
333.00012082	
333.00055774	
333.00042594	
333.00060185	
333.00077145	
333.00083208	
333.00067153	
333.00040157	
333.00020884	
332.99959393	
332.99944281	
332.99924043	
332.99877221	
332.99828230	
332.99795946	
332.99842093	
332.99844661	
332.99781880	
332.99801852	
332.99863928	
332.99925052	
332.99985691	
333.00010670	
333.00008511	
333.00026026	
333.00059034	
333.00087223	
333.00086667	
333.00110001	
333.00122802	
333.00068064	
333.00004821	
333.00018944	
333.00013743	
332.99985719	
332.99978106	
332.99960755	
332.99971454	
333.00011851	
333.00046889	
333.00014931	
332.99953480	
332.99965234	
332.99980035	
332.99951899	
332.99949212	
332.99910774	
332.99875926	
332.99885291	
332.99887413	
332.99890449	
332.99916585	
332.99922987	
332.99883497	
332.99880968	
332.99881997	
332.99854481	
332.99890989	
332.99940948	
332.99976353	
332.99975345	
332.99977059	
332.99962454	
332.99972472	
333.00020201	
333.00024666	
333.00033319	
333.00011917	
333.00028554	
333.00047440	
332.99985198	
332.99978746	
333.00001004	
333.00021611	
333.00044483	
333.00073631	
333.00043387	
333.00001098	
332.99991324	
332.99986984	
332.99966419	
332.99973556	
332.99995107	
332.99943125	
332.99939805	
332.99992822	
332.99983032	
332.99945664	
332.99976656	
333.00003231	
332.99968308	
332.99892643	
332.99865493	
332.99874672	
332.99907008	
332.99935445	
332.99975478	
332.99997652	
332.99978175	
332.99963157	
332.99922594	
332.99888495	
332.99860811	
332.99843236	
332.99879537	
332.99937556	
332.99944126	
332.99977296	
332.99996443	
333.00009306	
333.00060290	
333.00031647	
332.99980101	
332.99933623	
332.99888737	
332.99911683	
332.99945252	
332.99968369	
332.99975611	
332.99930472	
332.99955205	
332.99956399	
332.99921441	
332.99937787	
332.99970208	
332.99964800	
332.99940035	
332.99925688	
332.99884397	
332.99906275	
332.99965512	
332.99968957	
332.99929639	
332.99898417	
332.99923618	
332.99988666	
333.00030811	
333.00009433	
332.99998938	
333.00050002	
333.00043466	
333.00043005	
333.00084079	
333.00035504	
332.99999947	
333.00059446	
333.00057742	
333.00063687	
333.00115437	
333.00092230	
333.00104637	
333.00087941	
332.99989610	
332.99991118	
332.99971278	
332.99963474	
332.99992418	
332.99978388	
332.99943286	
332.99886515	
332.99919584	
332.99965883	
332.99974750	
333.00002707	
332.99975982	
332.99963767	
332.99964322	
332.99938263	
332.99956625	
332.99927641	
332.99874283	
332.99873638	
332.99916263	
332.99905336	
332.99851724	
332.99831235	
332.99793421	
332.99756570	
332.99762551	
332.99816071	
332.99886037	
332.99920154	
332.99888913	
332.99824951	
332.99809077	
332.99792315	
332.99820885	
332.99851832	
332.99803063	
332.99789249	
332.99833306	
332.99888834	
332.99923285	
332.99939089	
332.99914812	
332.99891054	
332.99934276	
332.99942674	
332.99948186	
332.99988808	
332.99969793	
332.99926153	
332.99873125	
332.99851411	
332.99903813	
332.99983779	
332.99971017	
332.99923524	
332.99917608	
332.99919643	
332.99936786	
332.99920226	
332.99906873	
332.99955734	
332.99956147	
332.99882917	
332.99872443	
332.99871525	
332.99828239	
332.99824929	
332.99821106	
332.99779014	
332.99734199	
332.99686035	
332.99650954	
332.99626087	
332.99640879	
332.99725037	
332.99731714	
332.99736394	
332.99811162	
332.99853085	
332.99864373	
332.99824584	
332.99843083	
332.99896764	
332.99941161	
332.99987540	
332.99960135	
332.99937628	
332.99987759	
332.99992615	
332.99968063	
332.99968470	
332.99983648	
333.00026090	
333.00019814	
333.00032940	
333.00037924	
332.99966860	
332.99892308	
332.99899798	
332.99895147	
332.99824193	
332.99791556	
332.99784832	
332.99804805	
332.99834092	
332.99883959	
332.99896246	
332.99922476	
332.99964785	
332.99926343	
332.99866062	
332.99817924	
332.99773258	
332.99763785	
332.99790713	
332.99780197	
332.99813102	
332.99837025	
332.99871598	
332.99944524	
332.99953597	
332.99983509	
332.99968517	
332.99941047	
333.00005910	
333.00049725	
333.00040023	
332.99996770	
332.99945564	
332.99896661	
332.99914657	
332.99915210	
332.99840592	
332.99822674	
332.99800220	
332.99810749	
332.99888144	
332.99937681	
332.99992304	
333.00004720	
333.00016425	
333.00009681	
332.99944328	
332.99932217	
332.99909745	
332.99879408	
332.99853386	
332.99833595	
332.99843860	
332.99893845	
332.99896805	
332.99865412	
332.99849589	
332.99815992	
332.99830961	
332.99834707	
332.99853240	
332.99845398	
332.99851803	
332.99884344	
332.99860812	
332.99861078	
332.99834658	
332.99858046	
332.99873933	
332.99868838	
332.99907266	
332.99880044	
332.99903137	
332.99908912	
332.99835078	
332.99868741	
332.99935733	
332.99947813	
332.99965296	
333.00010193	
333.00022165	
332.99973428	
332.99928665	
332.99885926	
332.99894206	
332.99936761	
332.99929931	
332.99913208	
332.99873351	
332.99812461	
332.99835520	
332.99847074	
332.99822301	
332.99835344	
332.99895249	
332.99968620	
332.99996107	
333.00011510	
333.00000212	
332.99972040	
332.99987322	
333.00059235	
333.00056862	
333.00061385	
333.00076683	
333.00047210	
333.00025367	
333.00031299	
333.00098736	
333.00089238	
333.00087656	
333.00112048	
333.00081651	
333.00030706	
333.00035021	
333.00047037	
332.99985863	
332.99998467	
333.00081826	
333.00114384	
333.00111911	
333.00148246	
333.00122418	
333.00100788	
333.00142140	
333.00151103	
333.00193451	
333.00249144	
333.00219879	
333.00155922	
333.00088669	
333.00032126	
333.00019811	
333.00000964	
332.99977143	
333.00018302	
333.00046229	
333.00057842	
333.00093630	
333.00132473	
333.00108208	
333.00092912	
333.00118079	
333.00069522	
333.00052049	
333.00082249	
333.00102237	
333.00139451	
333.00147996	
333.00162476	
333.00193909	
333.00184757	
333.00135949	
333.00118928	
333.00119551	
333.00121487	
333.00146480	
333.00109307	
333.00120956	
333.00184442	
333.00229610	
333.00271917	
333.00317377	
333.00359495	
333.00313586	
333.00236034	
333.00214190	
333.00212541	
333.00191777	
333.00135126	
333.00144206	
333.00183172	
333.00175629	
333.00132333	
333.00145014	
333.00180693	
333.00131279	
333.00057401	
333.00046050	
333.00037931	
333.00020982	
333.00003775	
332.99982217	
333.00024006	
333.00050251	
333.00016592	
333.00035063	
333.00039074	
332.99974646	
333.00009471	
333.00072768	
333.00095362	
333.00076961	
333.00012520	
333.00005165	
333.00027589	
333.00070271	
333.00136861	
333.00109380	
333.00035975	
332.99977702	
332.99946870	
332.99922978	
332.99903183	
332.99892201	
332.99910833	
332.99992450	
333.00048982	
333.00027804	
333.00000797	
333.00033350	
333.00053254	
333.00001058	
332.99988234	
332.99993935	
332.99942532	
332.99959474	
332.99947562	
332.99950753	
333.00028611	
333.00009634	
332.99962110	
332.99978211	
333.00023191	
333.00062495	
333.00120869	
333.00104436	
333.00054937	
333.00058278	
333.00052470	
333.00074124	
333.00070238	
333.00035406	
333.00027665	
333.00007583	
333.00026244	
333.00051066	
332.99993033	
332.99937394	
332.99937636	
332.99954477	
332.99990247	
332.99987406	
332.99948112	
332.99938116	
332.99949490	
332.99962663	
332.99941199	
332.99937517	
332.99955552	
332.99988251	
333.00056422	
333.00059953	
333.00046721	
333.00102719	
333.00097535	
333.00069932	
333.00036061	
333.00026622	
333.00042573	
333.00022247	
333.00043839	
333.00100192	
333.00122358	
333.00127489	
333.00172528	
333.00181806	
333.00168103	
333.00169389	
333.00144046	
333.00106295	
333.00085810	
333.00094679	
333.00070994	
333.00060923	
333.00062140	
333.00043413	
333.00079739	
333.00107637	
333.00091571	
333.00042129	
333.00004942	
333.00010784	
333.00056475	
333.00093962	
333.00076218	
333.00074424	
333.00125849	
333.00161915	
333.00129935	
333.00119801	
333.00175267	
333.00225071	
333.00269879	
333.00247618	
333.00231446	
333.00233240	
333.00200310	
333.00194846	
333.00193236	
333.00168174	
333.00093347	
333.00011766	
332.99998723	
333.00063754	
333.00071306	
333.00049090	
333.00036323	
333.00026308	
333.00014706	
332.99971993	
332.99960801	
332.99989914	
333.00027452	
333.00065212	
333.00041169	
333.00009248	
333.00033265	
332.99993953	
332.99944533	
332.99974759	
333.00032322	
333.00049141	
333.00003755	
332.99931468	
332.99919575	
332.99915228	
332.99864829	
332.99851930	
332.99886725	
332.99941851	
333.00012545	
333.00058640	
333.00030833	
332.99957745	
332.99961352	
333.00005282	
332.99962421	
332.99944693	
332.99937155	
332.99875427	
332.99878834	
332.99868927	
332.99804689	
332.99780263	
332.99830888	
332.99890704	
332.99872154	
332.99884849	
332.99926742	
332.99922659	
332.99923028	
332.99930704	
332.99933523	
332.99915620	
332.99940663	
332.99984834	
333.00012139	
333.00040297	
333.00054768	
333.00088953	
333.00051179	
332.99971832	
332.99988778	
332.99971821	
332.99885099	
332.99833379	
332.99828636	
332.99851207	
332.99908937	
332.99933181	
332.99883774	
332.99895292	
332.99951583	
332.99992675	
332.99999423	
333.00000797	
333.00052731	
333.00090390	
333.00127917	
333.00115649	
333.00047961	
332.99984987	
332.99932554	
332.99891007	
332.99862909	
332.99888599	
332.99904945	
332.99897935	
332.99923544	
332.99903220	
332.99884794	
332.99869361	
332.99857366	
332.99935337	
332.99978344	
333.00012637	
333.00027061	
332.99972259	
332.99974961	
332.99988624	
333.00001417	
333.00022714	
333.00008268	
333.00010882	
332.99975819	
332.99986585	
333.00018755	
332.99974196	
332.99918044	
332.99855767	
332.99828158	
332.99889129	
332.99950592	
332.99924971	
332.99864912	
332.99862884	
332.99849022	
332.99850419	
332.99860433	
332.99853871	
332.99876208	
332.99847614	
332.99854032	
332.99890960	
332.99861249	
332.99807994	
332.99827643	
332.99823917	
332.99781901	
332.99825433	
332.99858636	
332.99869763	
332.99925038	
332.99954126	
332.99960595	
332.99999567	
332.99995430	
332.99947759	
332.99956012	
332.99954792	
332.99901405	
332.99878394	
332.99892372	
332.99921529	
332.99947500	
332.99925824	
332.99955127	
333.00046723	
333.00063571	
333.00024886	
333.00021182	
333.00045186	
333.00088319	
333.00132506	
333.00103164	
333.00074915	
333.00054713	
332.99995025	
332.99927092	
332.99928831	
332.99963963	
332.99926712	
332.99938580	
332.99984162	
333.00005932	
333.00014436	
332.99966119	
332.99905343	
332.99901300	
332.99931203	
332.99927240	
332.99970757	
332.99974132	
332.99895034	
332.99900141	
332.99883854	
332.99884650	
332.99928959	
332.99952625	
333.00009450	
333.00065287	
333.00080477	
333.00061711	
333.00026567	
333.00052108	
333.00093118	
333.00056546	
332.99990314	
332.99956552	
333.00007928	
333.00012319	
332.99968263	
332.99989583	
333.00045663	
333.00025476	
332.99965047	
332.99953920	
332.99975834	
333.00017276	
333.00012969	
332.99986408	
332.99997771	
332.99987996	
332.99944185	
332.99934356	
332.99967174	
332.99961995	
332.99904761	
332.99937275	
332.99987967	
333.00003826	
333.00036504	
332.99997834	
332.99931318	
332.99914886	
332.99913926	
332.99908556	
332.99901891	
332.99905510	
332.99940245	
332.99952810	
332.99905876	
332.99868075	
332.99879067	
332.99905485	
332.99875666	
332.99890524	
332.99942100	
332.99937523	
332.99928255	
332.99914743	
332.99924077	
332.99979218	
332.99986440	
333.00008279	
333.00058120	
333.00031047	
333.00030492	
333.00067428	
333.00051947	
333.00044969	
333.00075992	
333.00031654	
333.00001941	
332.99989158	
332.99969840	
332.99992385	
332.99992496	
333.00024642	
333.00105765	
333.00112420	
333.00050564	
333.00001788	
332.99996924	
333.00009083	
332.99993328	
332.99996089	
333.00015037	
333.00036236	
333.00091986	
333.00130989	
333.00168646	
333.00152987	
333.00086356	
333.00052951	
333.00011051	
333.00014173	
333.00036085	
333.00067348	
333.00110802	
333.00157178	
333.00135255	
333.00079420	
333.00067407	
333.00041567	
333.00049109	
333.00094085	
333.00104908	
333.00047205	
333.00047966	
333.00123803	
333.00131596	
333.00122728	
333.00149384	
333.00146695	
333.00088382	
333.00006307	
333.00029271	
333.00046097	
333.00008102	
333.00010068	
333.00052589	
333.00064016	
333.00045758	
333.00029332	
332.99976867	
332.99967526	
332.99977480	
332.99948947	
332.99907888	
332.99939339	
332.99949177	
332.99952618	
332.99983615	
332.99986633	
332.99968939	
332.99911555	
332.99912364	
332.99982912	
332.99991504	
332.99934750	
332.99923478	
332.99905963	
332.99872063	
332.99853623	
332.99843663	
332.99818438	
332.99816355	
332.99839963	
332.99897021	
332.99973251	
333.00002814	
333.00056878	
333.00097800	
333.00046421	
333.00039559	
333.00022294	
332.99951880	
332.99958186	
333.00008821	
333.00081810	
333.00124729	
333.00121380	
333.00155101	
333.00149376	
333.00119303	
333.00118392	
333.00115991	
333.00099928	
333.00037249	
333.00053871	
333.00118698	
333.00108863	
333.00090758	
333.00130022	
333.00167944	
333.00153275	
333.00096619	
333.00063611	
333.00093363	
333.00088773	
333.00037542	
333.00024201	
333.00012395	
333.00004859	
332.99970394	
332.99986742	
333.00073462	
333.00138904	
333.00182197	
333.00158216	
333.00115992	
333.00074521	
333.00072726	
333.00071723	
333.00050418	
333.00050397	
333.00000867	
332.99936138	
332.99913182	
332.99922479	
332.99932254	
332.99935638	
332.99953711	
332.99933661	
332.99907860	
332.99907589	
332.99918517	
332.99985751	
333.00037237	
333.00015065	
333.00037472	
333.00053965	
333.00058334	
333.00085632	
333.00074801	
333.00035468	
333.00042549	
333.00077626	
333.00062667	
333.00094082	
333.00089473	
333.00048511	
333.00089944	
333.00133704	
333.00162643	
333.00146815	
333.00128879	
333.00175597	
333.00175926	
333.00181955	
333.00228116	
333.00202578	
333.00181147	
333.00221749	
333.00225734	
333.00192412	
333.00197879	
333.00238843	
333.00279571	
333.00303477	
333.00268205	
333.00247181	
333.00258721	
333.00245392	
333.00185921	
333.00185884	
333.00194042	
333.00154850	
333.00161636	
333.00174366	
333.00189290	
333.00190592	
333.00176946	
333.00175526	
333.00177886	
333.00199426	
333.00199077	
333.00183610	
333.00138309	
333.00135136	
333.00196934	
333.00196941	
333.00207324	
333.00199106	
333.00199977	
333.00222173	
333.00161451	
333.00066761	
333.00044955	
333.00053676	
333.00061853	
333.00111400	
333.00114572	
333.00073044	
333.00027268	
333.00048143	
333.00106748	
333.00126662	
333.00162855	
333.00208137	
333.00221379	
333.00212659	
333.00184312	
333.00194940	
333.00232726	
333.00211665	
333.00163436	
333.00161685	
333.00173797	
333.00134564	
333.00110605	
333.00092960	
333.00074978	
333.00037071	
333.00039446	
333.00077997	
333.00073085	
333.00092654	
333.00076212	
332.99999132	
332.99936604	
332.99890775	
332.99923271	
332.99959100	
332.99977156	
332.99971320	
332.99919439	
332.99953229	
333.00005036	
333.00028436	
333.00021907	
332.99989105	
333.00017576	
333.00010021	
332.99992239	
332.99990219	
332.99942163	
332.99919980	
332.99885245	
332.99854269	
332.99819454	
332.99797829	
332.99831703	
332.99805492	
332.99740021	
332.99741242	
332.99783216	
332.99788416	
332.99754608	
332.99778697	
332.99822226	
332.99859354	
332.99927629	
332.99902833	
332.99883453	
332.99955952	
332.99973400	
332.99964834	
332.99945890	
332.99947457	
332.99937846	
332.99930276	
332.99905373	
332.99870056	
332.99874032	
332.99853247	
332.99862294	
332.99910813	
332.99964886	
333.00008890	
332.99997687	
333.00009062	
333.00063659	
333.00072817	
333.00068113	
333.00078215	
333.00078104	
333.00045252	
332.99980435	
332.99925964	
332.99889231	
332.99858138	
332.99827352	
332.99823368	
332.99875028	
332.99915638	
332.99903072	
332.99898712	
332.99952767	
332.99957043	
332.99982904	
333.00066451	
333.00106854	
333.00091012	
333.00020087	
332.99997627	
333.00022141	
333.00040038	
333.00028266	
332.99964035	
332.99915090	
332.99862546	
332.99860153	
332.99901940	
332.99863719	
332.99866028	
332.99927710	
332.99965029	
333.00003357	
332.99994198	
332.99983960	
332.99977911	
332.99947914	
332.99969236	
332.99992146	
332.99938638	
332.99928294	
333.00003271	
333.00030928	
333.00014885	
332.99993933	
332.99988130	
333.00019545	
333.00021088	
332.99972555	
332.99930948	
332.99947444	
332.99989741	
332.99957388	
332.99891692	
332.99904303	
332.99947179	
332.99996560	
332.99990784	
332.99973030	
332.99949458	
332.99875572	
332.99853137	
332.99848906	
332.99834912	
332.99824379	
332.99868885	
332.99888912	
332.99884459	
332.99924554	
332.99953408	
332.99998923	
333.00044244	
333.00023421	
333.00000355	
333.00030915	
333.00089689	
333.00069516	
333.00068624	
333.00103934	
333.00109199	
333.00121313	
333.00145902	
333.00153511	
333.00097538	
333.00117457	
333.00095773	
333.00018980	
332.99991812	
332.99959403	
332.99936027	
332.99919267	
332.99939730	
332.99920972	
332.99859078	
332.99821373	
332.99850742	
332.99857702	
332.99835597	
332.99894055	
332.99885287	
332.99880095	
332.99959590	
333.00029721	
333.00057708	
333.00097469	
333.00158276	
333.00133846	
333.00081376	
333.00020325	
332.99982890	
333.00007966	
332.99988837	
332.99933060	
332.99942584	
332.99958512	
332.99955811	
332.99950461	
332.99983545	
333.00061270	
333.00118437	
333.00103388	
333.00065549	
333.00111526	
333.00144407	
333.00146857	
333.00128454	
333.00074327	
333.00002457	
333.00005980	
333.00051833	
333.00012596	
332.99965787	
332.99996299	
332.99995324	
332.99993602	
333.00036455	
333.00073094	
333.00092679	
333.00039033	
333.00013428	
333.00049200	
333.00071029	
333.00032756	
333.00035424	
333.00083803	
333.00035323	
333.00039836	
333.00093145	
333.00111274	
333.00096521	
333.00109995	
333.00166014	
333.00172356	
333.00184844	
333.00199809	
333.00195526	
333.00175390	
333.00166884	
333.00138433	
333.00112176	
333.00153566	
333.00163885	
333.00181550	
333.00213317	
333.00159427	
333.00089498	
333.00034735	
332.99973517	
332.99910636	
332.99922672	
332.99969307	
332.99938888	
332.99946146	
332.99941833	
332.99902645	
332.99873024	
332.99809338	
332.99844887	
332.99912791	
332.99966175	
333.00047905	
333.00054200	
333.00035752	
333.00082678	
333.00058662	
333.00027844	
333.00082276	
333.00124107	
333.00165613	
333.00212150	
333.00223804	
333.00186957	
333.00196645	
333.00171214	
333.00100997	
333.00121709	
333.00148920	
333.00108374	
333.00064945	
333.00027628	
332.99968269	
332.99992195	
332.99991291	
332.99920607	
332.99907280	
332.99883412	
332.99874721	
332.99878597	
332.99867484	
332.99896270	
332.99945658	
332.99995310	
332.99985504	
332.99933668	
332.99894570	
332.99924204	
332.99920383	
332.99849944	
332.99874205	
332.99903065	
332.99858215	
332.99861587	
332.99848032	
332.99819380	
332.99860017	
332.99900641	
332.99890312	
332.99878101	
332.99945070	
333.00014977	
333.00003506	
332.99972468	
333.00007944	
332.99996313	
332.99995813	
333.00032919	
333.00043757	
333.00047001	
332.99992681	
332.99937599	
332.99914096	
332.99886704	
332.99913038	
332.99906524	
332.99885346	
332.99890018	
332.99915096	
332.99931619	
332.99913180	
332.99951269	
332.99998864	
332.99975201	
332.99980174	
333.00053101	
333.00086463	
333.00065597	
333.00008922	
332.99967134	
332.99948332	
332.99906009	
332.99900282	
332.99909114	
332.99846086	
332.99836069	
332.99841620	
332.99840188	
332.99839512	
332.99868551	
332.99900281	
332.99847526	
332.99788115	
332.99800717	
332.99837727	
332.99851444	
332.99853686	
332.99827045	
332.99781995	
332.99742137	
332.99724532	
332.99747511	
332.99808507	
332.99887492	
332.99905589	
332.99848772	
332.99803506	
332.99804354	
332.99848261	
332.99917485	
332.99910963	
332.99885781	
332.99874591	
332.99810850	
332.99762933	
332.99790990	
332.99844900	
332.99835572	
332.99856828	
332.99848385	
332.99843596	
332.99849329	
332.99795840	
332.99773633	
332.99752204	
332.99759646	
332.99838800	
332.99880379	
332.99907140	
332.99943910	
332.99918949	
332.99874632	
332.99857725	
332.99912575	
332.99928014	
332.99886426	
332.99900151	
332.99917422	
332.99900670	
332.99889638	
332.99875751	
332.99835615	
332.99860806	
332.99908000	
332.99893624	
332.99860448	
332.99827298	
332.99822751	
332.99820149	
332.99827141	
332.99891022	
332.99941115	
332.99959192	
332.99954356	
332.99921890	
332.99882138	
332.99867824	
332.99841681	
332.99785559	
332.99799739	
332.99862597	
332.99927812	
332.99964646	
332.99998862	
333.00071383	
333.00073090	
333.00053889	
333.00024463	
332.99965377	
332.99993318	
333.00030926	
333.00038375	
333.00024563	
333.00009613	
333.00017196	
333.00042720	
333.00108722	
333.00145287	
333.00171582	
333.00176598	
333.00109606	
333.00073597	
333.00091649	
333.00143239	
333.00158086	
333.00160793	
333.00221341	
333.00262765	
333.00269683	
333.00241584	
333.00204398	
333.00221360	
333.00259160	
333.00270684	
333.00236896	
333.00161554	
333.00096440	
333.00097242	
333.00074064	
333.00040699	
333.00068407	
333.00077399	
333.00029817	
332.99995573	
332.99983117	
333.00012471	
333.00035190	
333.00050105	
333.00065103	
333.00011101	
333.00015967	
333.00029454	
333.00009116	
332.99993730	
332.99957802	
332.99978944	
333.00025031	
333.00044127	
333.00031837	
333.00047686	
333.00123062	
333.00180126	
333.00229530	
333.00238214	
333.00216002	
333.00163268	
333.00115107	
333.00093932	
333.00098188	
333.00124285	
333.00158681	
333.00202463	
333.00183890	
333.00140261	
333.00131698	
333.00165569	
333.00144055	
333.00086356	
333.00108977	
333.00112656	
333.00082812	
333.00060093	
333.00014514	
332.99991567	
332.99974594	
332.99966553	
333.00027112	
333.00096856	
333.00126047	
333.00152487	
333.00182540	
333.00183070	
333.00124517	
333.00068494	
333.00078041	
333.00065067	
333.00049205	
333.00019793	
333.00014129	
333.00036079	
333.00052261	
333.00080903	
333.00088939	
333.00044609	
333.00026768	
333.00020832	
333.00010852	
333.00005296	
332.99965423	
332.99922786	
332.99922782	
332.99977505	
332.99983315	
332.99957843	
332.99935738	
332.99903611	
332.99849930	
332.99858536	
332.99918196	
332.99946332	
332.99921116	
332.99913876	
332.99981681	
332.99989602	
332.99939291	
332.99924634	
332.99894293	
332.99866720	
332.99889147	
332.99869829	
332.99882898	
332.99933952	
332.99906348	
332.99863491	
332.99834533	
332.99797808	
332.99792595	
332.99779612	
332.99808391	
332.99820396	
332.99748762	
332.99722864	
332.99712583	
332.99693826	
332.99705621	
332.99772928	
332.99798290	
332.99784530	
332.99842918	
332.99894378	
332.99902679	
332.99899711	
332.99911465	
332.99904578	
332.99862472	
332.99892612	
332.99915170	
332.99951259	
332.99955247	
332.99883125	
332.99867458	
332.99845971	
332.99799860	
332.99777191	
332.99764458	
332.99751288	
332.99801857	
332.99899579	
332.99911746	
332.99852599	
332.99827743	
332.99840058	
332.99876639	
332.99902482	
332.99927727	
332.99908416	
332.99832551	
332.99816722	
332.99861254	
332.99887839	
332.99888964	
332.99941217	
333.00002724	
333.00017075	
333.00047078	
333.00046916	
333.00038347	
333.00061251	
333.00078416	
333.00046600	
333.00013784	
333.00043175	
333.00072463	
333.00044887	
333.00031445	
333.00066948	
333.00100101	
333.00144524	
333.00109406	
333.00052910	
333.00052250	
333.00073017	
333.00038025	
332.99957010	
332.99940524	
332.99940505	
332.99964550	
332.99986356	
332.99939103	
332.99894652	
332.99867173	
332.99820623	
332.99832433	
332.99916157	
332.99990067	
333.00003492	
332.99964768	
332.99935665	
332.99891006	
332.99846436	
332.99814804	
332.99853852	
332.99934560	
332.99919998	
332.99872652	
332.99866758	
332.99877829	
332.99845679	
332.99803242	
332.99846961	
332.99891247	
332.99940156	
332.99940290	
332.99874419	
332.99883909	
332.99917660	
332.99979022	
333.00028297	
333.00013704	
332.99981931	
332.99927726	
332.99947931	
332.99949136	
332.99889669	
332.99880603	
332.99904459	
332.99967482	
333.00041965	
333.00077926	
333.00052993	
332.99991504	
332.99994419	
332.99985738	
332.99991264	
333.00020342	
332.99999720	
333.00033342	
333.00025362	
332.99967482	
332.99936171	
332.99928336	
332.99960826	
332.99953753	
332.99920478	
332.99927395	
332.99929808	
332.99951497	
332.99966670	
332.99953160	
332.99928498	
332.99940374	
332.99981609	
332.99966161	
332.99903347	
332.99862667	
332.99886604	
332.99917519	
332.99938503	
332.99989605	
333.00007468	
333.00003183	
332.99966797	
332.99987345	
333.00077875	
333.00079394	
333.00066207	
333.00032303	
333.00015478	
333.00006906	
332.99954656	
332.99921112	
332.99934515	
332.99988735	
333.00053191	
333.00064570	
333.00009686	
332.99989159	
332.99952477	
332.99921171	
332.99918685	
332.99895415	
332.99885502	
332.99868919	
332.99854361	
332.99905842	
332.99959088	
332.99993612	
332.99994628	
333.00008130	
333.00020310	
332.99969054	
332.99974327	
333.00031484	
333.00089892	
333.00077691	
333.00035717	
333.00034576	
333.00042471	
333.00015234	
332.99986989	
332.99977206	
333.00003835	
333.00078611	
333.00132723	
333.00117385	
333.00040078	
333.00022421	
333.00058751	
333.00099301	
333.00085368	
333.00010521	
332.99970705	
333.00015948	
333.00033176	
333.00033377	
333.00032326	
333.00008165	
333.00008431	
332.99978913	
332.99949714	
332.99961229	
332.99961884	
332.99971494	
333.00006944	
332.99991003	
333.00010704	
333.00046982	
333.00053064	
333.00058082	
333.00075335	
333.00136047	
333.00164033	
333.00107161	
333.00041350	
333.00011095	
333.00031585	
333.00041399	
333.00046765	
333.00106683	
333.00102846	
333.00054328	
333.00065845	
333.00070650	
333.00100674	
333.00102287	
333.00042628	
333.00019350	
333.00043879	
333.00066093	
333.00084286	
333.00067198	
333.00034951	
333.00060598	
333.00062843	
333.00044926	
333.00076629	
333.00116451	
333.00121479	
333.00153237	
333.00139249	
333.00135221	
333.00112457	
333.00042259	
333.00043865	
333.00043699	
333.00081463	
333.00095077	
333.00105511	
333.00101737	
333.00100331	
333.00120410	
333.00050691	
333.00047402	
333.00039637	
332.99966986	
332.99919637	
332.99886494	
332.99932147	
332.99970190	
332.99980555	
332.99978626	
332.99991757	
333.00037493	
333.00002223	
332.99944767	
332.99958700	
332.99991401	
332.99971514	
332.99982651	
333.00009800	
333.00020366	
333.00019996	
333.00019360	
333.00042444	
333.00095344	
333.00081834	
333.00011936	
333.00010609	
333.00007763	
332.99966418	
332.99917018	
332.99925572	
332.99943534	
332.99913721	
332.99959424	
333.00022522	
333.00029939	
333.00012121	
333.00033045	
333.00030150	
332.99984986	
332.99986618	
332.99959464	
332.99927109	
332.99946166	
332.99986944	
333.00046874	
333.00067782	
333.00060150	
333.00057725	
333.00031316	
333.00040001	
333.00019214	
333.00011313	
333.00016217	
333.00035849	
333.00055057	
333.00034080	
333.00042868	
333.00004747	
333.00017576	
333.00089450	
333.00091197	
333.00058511	
333.00055338	
333.00102614	
333.00162138	
333.00134258	
333.00137874	
333.00131910	
333.00080098	
333.00099422	
333.00085636	
333.00061474	
333.00098996	
333.00132204	
333.00085791	
333.00019303	
332.99996558	
333.00016785	
333.00037992	
333.00055123	
333.00065447	
333.00074323	
333.00087844	
333.00044738	
332.99972490	
332.99930198	
332.99968769	
332.99980301	
332.99940962	
332.99915535	
332.99873559	
332.99872558	
332.99902843	
332.99887952	
332.99833712	
332.99869816	
332.99907124	
332.99942982	
332.99984200	
332.99988152	
333.00047983	
333.00076249	
333.00049471	
333.00075828	
333.00143658	
333.00166480	
333.00155557	
333.00177403	
333.00185930	
333.00204681	
333.00221386	
333.00188521	
333.00128860	
333.00111177	
333.00156597	
333.00190865	
333.00208479	
333.00171552	
333.00147791	
333.00129621	
333.00131310	
333.00114736	
333.00040404	
333.00000153	
333.00031092	
333.00079339	
333.00043549	
332.99981756	
332.99948767	
332.99935585	
332.99953881	
332.99981087	
333.00005841	
333.00061989	
333.00132607	
333.00107426	
333.00089480	
333.00078923	
333.00010834	
333.00012455	
333.00025157	
333.00060720	
333.00118835	
333.00087173	
333.00091440	
333.00075719	
333.00014430	
333.00041216	
333.00014502	
333.00001552	
333.00020011	
332.99965485	
332.99974860	
