327.00000000	
327.00853365	
327.00073355	
327.00343314	
326.99950003	
326.99998291	
326.99756567	
326.99724370	
326.99571032	
326.99495847	
326.99384695	
326.99369617	
326.99250287	
326.99151555	
326.99023404	
326.98939116	
326.98869497	
326.98727349	
326.98595037	
326.98530434	
326.98470944	
326.98403228	
326.98354608	
326.98312085	
326.98207326	
326.98092782	
326.98054998	
326.98006016	
326.97961663	
326.97911543	
326.97820058	
326.97736250	
326.97667600	
326.97588499	
326.97505597	
326.97436790	
326.97317043	
326.97201016	
326.97083334	
326.96992215	
326.96917450	
326.96814680	
326.96739059	
326.96631509	
326.96574305	
326.96476193	
326.96339234	
326.96243254	
326.96169566	
326.96056360	
326.95954384	
326.95891195	
326.95810559	
326.95680003	
326.95598236	
326.95509735	
326.95394524	
326.95308321	
326.95194938	
326.95118243	
326.95039055	
326.94932724	
326.94802967	
326.94739100	
326.94643635	
326.94524007	
326.94431327	
326.94311952	
326.94210828	
326.94079892	
326.93976436	
326.93943886	
326.93817328	
326.93698066	
326.93580594	
326.93429864	
326.93318909	
326.93267993	
326.93187076	
326.93071499	
326.92963799	
326.92831074	
326.92716386	
326.92594834	
326.92530238	
326.92489351	
326.92446921	
326.92390854	
326.92301323	
326.92214414	
326.92085044	
326.91945449	
326.91853199	
326.91763558	
326.91685566	
326.91577834	
326.91443657	
326.91369976	
326.91307554	
326.91255442	
326.91218222	
326.91090418	
326.90991759	
326.90918716	
326.90835241	
326.90783659	
326.90675874	
326.90552272	
326.90437529	
326.90328361	
326.90247212	
326.90128197	
326.90038901	
326.89920280	
326.89853164	
326.89769442	
326.89683314	
326.89638714	
326.89557772	
326.89510809	
326.89425798	
326.89350609	
326.89232217	
326.89119570	
326.89070387	
326.89026403	
326.88954617	
326.88913630	
326.88888377	
326.88855470	
326.88803347	
326.88718744	
326.88613338	
326.88541706	
326.88446883	
326.88359978	
326.88287688	
326.88161298	
326.88077164	
326.87985146	
326.87919026	
326.87836292	
326.87752767	
326.87644779	
326.87504598	
326.87405842	
326.87353898	
326.87301510	
326.87223553	
326.87167813	
326.87098103	
326.87033091	
326.86971291	
326.86939615	
326.86859334	
326.86769550	
326.86681865	
326.86633212	
326.86524123	
326.86451095	
326.86396190	
326.86261860	
326.86189147	
326.86100386	
326.86029956	
326.85967878	
326.85896208	
326.85838783	
326.85757546	
326.85616846	
326.85554164	
326.85508156	
326.85465628	
326.85396055	
326.85283720	
326.85245888	
326.85186755	
326.85105898	
326.85044639	
326.84937794	
326.84823948	
326.84779436	
326.84666365	
326.84604343	
326.84560384	
326.84420701	
326.84366860	
326.84318094	
326.84249491	
326.84213011	
326.84137993	
326.84027302	
326.83958195	
326.83863925	
326.83755133	
326.83698707	
326.83667333	
326.83635273	
326.83533514	
326.83429020	
326.83390474	
326.83309239	
326.83201230	
326.83155650	
326.83050376	
326.82913747	
326.82814856	
326.82691709	
326.82613610	
326.82582167	
326.82485924	
326.82351269	
326.82310105	
326.82221104	
326.82090753	
326.81972487	
326.81876103	
326.81841205	
326.81801808	
326.81706764	
326.81620794	
326.81589071	
326.81525381	
326.81405273	
326.81309271	
326.81268212	
326.81222593	
326.81171931	
326.81102258	
326.81026958	
326.80989932	
326.80969298	
326.80850685	
326.80737935	
326.80685141	
326.80566940	
326.80487418	
326.80405507	
326.80271083	
326.80175350	
326.80067189	
326.79979372	
326.79855954	
326.79803212	
326.79701956	
326.79545338	
326.79448994	
326.79356981	
326.79278992	
326.79160886	
326.79072904	
326.78957999	
326.78836578	
326.78745369	
326.78615501	
326.78515928	
326.78439155	
326.78320337	
326.78197066	
326.78099690	
326.78065761	
326.77955338	
326.77840591	
326.77724985	
326.77637367	
326.77584056	
326.77451458	
326.77324907	
326.77204133	
326.77090969	
326.76974480	
326.76866260	
326.76767647	
326.76639825	
326.76569075	
326.76472877	
326.76405912	
326.76306805	
326.76167092	
326.76134537	
326.76096581	
326.76049502	
326.75996137	
326.75960937	
326.75897095	
326.75797448	
326.75756218	
326.75704246	
326.75628687	
326.75567237	
326.75497678	
326.75408416	
326.75325153	
326.75228242	
326.75179051	
326.75084534	
326.74941504	
326.74875953	
326.74824952	
326.74724026	
326.74610587	
326.74512412	
326.74456964	
326.74402140	
326.74296516	
326.74186451	
326.74102568	
326.74026082	
326.73907319	
326.73874358	
326.73772570	
326.73681578	
326.73596216	
326.73526344	
326.73473890	
326.73379465	
326.73274087	
326.73191346	
326.73162285	
326.73099692	
326.73063663	
326.73040114	
326.72958255	
326.72865668	
326.72766086	
326.72631127	
326.72517955	
326.72453901	
326.72400176	
326.72326587	
326.72293249	
326.72274713	
326.72173373	
326.72034377	
326.71959943	
326.71913229	
326.71843272	
326.71721795	
326.71613820	
326.71576226	
326.71552107	
326.71439437	
326.71373029	
326.71302323	
326.71193592	
326.71135319	
326.71086523	
326.71023635	
326.70916956	
326.70865405	
326.70836669	
326.70801504	
326.70749723	
326.70635399	
326.70553153	
326.70478687	
326.70418234	
326.70390003	
326.70302371	
326.70222636	
326.70186531	
326.70139303	
326.70073664	
326.69956575	
326.69874457	
326.69835012	
326.69741612	
326.69692749	
326.69632927	
326.69509292	
326.69451048	
326.69400854	
326.69358412	
326.69328054	
326.69209305	
326.69140980	
326.69116185	
326.69004782	
326.68879378	
326.68762335	
326.68689453	
326.68618285	
326.68504942	
326.68429548	
326.68317107	
326.68230593	
326.68115874	
326.67997096	
326.67909622	
326.67796377	
326.67743522	
326.67643526	
326.67530986	
326.67489071	
326.67430497	
326.67315661	
326.67272261	
326.67225743	
326.67122035	
326.67041961	
326.67000694	
326.66897611	
326.66795609	
326.66772227	
326.66681884	
326.66636475	
326.66590657	
326.66495051	
326.66372110	
326.66237154	
326.66145737	
326.66100450	
326.65996642	
326.65894799	
326.65870755	
326.65835117	
326.65812910	
326.65751771	
326.65694117	
326.65652079	
326.65621546	
326.65522741	
326.65418545	
326.65338215	
326.65287162	
326.65238064	
326.65193841	
326.65153869	
326.65067807	
326.64967995	
326.64876405	
326.64802527	
326.64734719	
326.64691207	
326.64586854	
326.64513473	
326.64439113	
326.64343213	
326.64225412	
326.64181983	
326.64144479	
326.64100048	
326.64079596	
326.64036466	
326.63975271	
326.63850370	
326.63804420	
326.63718624	
326.63642418	
326.63562114	
326.63450884	
326.63422281	
326.63321708	
326.63238778	
326.63177797	
326.63109401	
326.63042596	
326.62937817	
326.62835816	
326.62749964	
326.62710928	
326.62626577	
326.62566089	
326.62512854	
326.62445843	
326.62380998	
326.62272355	
326.62164685	
326.62096704	
326.62034424	
326.61985004	
326.61905518	
326.61794828	
326.61688963	
326.61571170	
326.61539414	
326.61522903	
326.61487746	
326.61464750	
326.61442922	
326.61363288	
326.61278831	
326.61233284	
326.61159144	
326.61070545	
326.60958209	
326.60912197	
326.60899210	
326.60811873	
326.60705601	
326.60607369	
326.60492857	
326.60416042	
326.60321877	
326.60272228	
326.60248402	
326.60144447	
326.60085705	
326.59985577	
326.59906948	
326.59857286	
326.59819275	
326.59751962	
326.59712930	
326.59640065	
326.59553249	
326.59513624	
326.59402267	
326.59352310	
326.59288132	
326.59249708	
326.59186768	
326.59119563	
326.59107192	
326.59014115	
326.58947887	
326.58869211	
326.58775403	
326.58710194	
326.58668138	
326.58620717	
326.58524982	
326.58452299	
326.58381720	
326.58320061	
326.58219562	
326.58153742	
326.58134890	
326.58070914	
326.57981173	
326.57857787	
326.57760861	
326.57646326	
326.57553254	
326.57445027	
326.57394276	
326.57329596	
326.57218099	
326.57168684	
326.57087536	
326.57000945	
326.56880660	
326.56797336	
326.56685681	
326.56564613	
326.56452400	
326.56380729	
326.56304250	
326.56241561	
326.56192988	
326.56066804	
326.55970337	
326.55935190	
326.55867786	
326.55789320	
326.55702353	
326.55654365	
326.55653651	
326.55603403	
326.55578933	
326.55494529	
326.55385626	
326.55297734	
326.55217029	
326.55181292	
326.55096055	
326.55056314	
326.55048506	
326.55018894	
326.55008959	
326.54899967	
326.54857624	
326.54783752	
326.54728071	
326.54655267	
326.54527860	
326.54498799	
326.54479131	
326.54387393	
326.54301428	
326.54273686	
326.54217614	
326.54132115	
326.54003679	
326.53937166	
326.53914569	
326.53862965	
326.53768875	
326.53704814	
326.53652632	
326.53580098	
326.53535191	
326.53500744	
326.53392463	
326.53341532	
326.53292400	
326.53167143	
326.53117702	
326.53043954	
326.52983080	
326.52924824	
326.52877232	
326.52811638	
326.52729700	
326.52635553	
326.52565560	
326.52508766	
326.52427200	
326.52348049	
326.52297911	
326.52215858	
326.52111229	
326.52045147	
326.51962334	
326.51915847	
326.51888710	
326.51852688	
326.51757373	
326.51649256	
326.51550111	
326.51434605	
326.51334072	
326.51262018	
326.51182658	
326.51080177	
326.50967478	
326.50938933	
326.50885900	
326.50757982	
326.50692760	
326.50606548	
326.50497608	
326.50443887	
326.50351310	
326.50244686	
326.50177242	
326.50155901	
326.50080434	
326.50014712	
326.49954587	
326.49824260	
326.49733592	
326.49687915	
326.49588131	
326.49451069	
326.49404941	
326.49372997	
326.49344032	
326.49321997	
326.49257073	
326.49154744	
326.49057154	
326.49002230	
326.48950638	
326.48923588	
326.48911192	
326.48806451	
326.48741395	
326.48667142	
326.48541457	
326.48518616	
326.48502195	
326.48436435	
326.48357027	
326.48329884	
326.48237650	
326.48174791	
326.48161162	
326.48115032	
326.48093823	
326.48005266	
326.47917652	
326.47804573	
326.47768785	
326.47709393	
326.47616830	
326.47517407	
326.47437051	
326.47437356	
326.47400380	
326.47333446	
326.47256711	
326.47148489	
326.47106496	
326.47025421	
326.46910094	
326.46830208	
326.46725371	
326.46704011	
326.46659161	
326.46622127	
326.46563952	
326.46489208	
326.46454668	
326.46348672	
326.46225834	
326.46163134	
326.46068792	
326.46006016	
326.45975534	
326.45937933	
326.45911923	
326.45833198	
326.45712043	
326.45680729	
326.45609246	
326.45525493	
326.45435577	
326.45298367	
326.45236998	
326.45177815	
326.45127762	
326.45045335	
326.45013441	
326.44958689	
326.44877253	
326.44777296	
326.44699505	
326.44639518	
326.44575656	
326.44538793	
326.44488665	
326.44399765	
326.44295832	
326.44215453	
326.44176039	
326.44136763	
326.44047038	
326.43956951	
326.43845456	
326.43796457	
326.43726357	
326.43630816	
326.43520368	
326.43483213	
326.43486035	
326.43391065	
326.43280773	
326.43229531	
326.43201325	
326.43168353	
326.43078765	
326.43020237	
326.42964861	
326.42850176	
326.42765461	
326.42696140	
326.42647264	
326.42581443	
326.42546366	
326.42493174	
326.42389393	
326.42358986	
326.42311373	
326.42193791	
326.42153312	
326.42067206	
326.41939590	
326.41897166	
326.41809368	
326.41718982	
326.41638566	
326.41546389	
326.41444771	
326.41393711	
326.41345744	
326.41235200	
326.41198707	
326.41166673	
326.41112216	
326.41037259	
326.40923747	
326.40832685	
326.40763112	
326.40710347	
326.40610061	
326.40506356	
326.40472042	
326.40454820	
326.40402531	
326.40334465	
326.40286998	
326.40231983	
326.40206392	
326.40117734	
326.40005581	
326.39988607	
326.39958505	
326.39853609	
326.39765397	
326.39671000	
326.39596711	
326.39518287	
326.39453110	
326.39388117	
326.39348478	
326.39355576	
326.39285567	
326.39256895	
326.39181516	
326.39068981	
326.38992861	
326.38921618	
326.38904141	
326.38862412	
326.38809727	
326.38731482	
326.38671962	
326.38633507	
326.38548532	
326.38495723	
326.38481068	
326.38419752	
326.38388445	
326.38345552	
326.38313800	
326.38250817	
326.38201206	
326.38168272	
326.38063821	
326.37988913	
326.37887600	
326.37798254	
326.37729545	
326.37671585	
326.37576110	
326.37539474	
326.37481562	
326.37421766	
326.37376105	
326.37345795	
326.37343435	
326.37316401	
326.37297939	
326.37237320	
326.37217858	
326.37208594	
326.37133908	
326.37066464	
326.36992867	
326.36944062	
326.36926090	
326.36908861	
326.36836987	
326.36756409	
326.36661591	
326.36621122	
326.36608776	
326.36567897	
326.36526001	
326.36477767	
326.36415832	
326.36297737	
326.36210317	
326.36135471	
326.36044971	
326.35982624	
326.35939234	
326.35872716	
326.35817603	
326.35789957	
326.35747761	
326.35638201	
326.35572755	
326.35548371	
326.35469092	
326.35371357	
326.35277131	
326.35215656	
326.35145101	
326.35048213	
326.34950664	
326.34916875	
326.34904494	
326.34859753	
326.34784167	
326.34693215	
326.34630361	
326.34581319	
326.34511793	
326.34416830	
326.34369827	
326.34294281	
326.34194717	
326.34168226	
326.34121064	
326.34093921	
326.34073514	
326.34018694	
326.33946129	
326.33847438	
326.33835591	
326.33804819	
326.33765916	
326.33753023	
326.33741340	
326.33697092	
326.33652523	
326.33639211	
326.33555213	
326.33457964	
326.33411957	
326.33328436	
326.33225300	
326.33121476	
326.33054998	
326.32970114	
326.32867700	
326.32832282	
326.32811074	
326.32739363	
326.32619872	
326.32551276	
326.32513366	
326.32412624	
326.32356504	
326.32304755	
326.32189538	
326.32085445	
326.31980818	
326.31906141	
326.31842779	
326.31787116	
326.31761744	
326.31700636	
326.31632645	
326.31623645	
326.31608530	
326.31547423	
326.31529089	
326.31449289	
326.31330478	
326.31284740	
326.31245078	
326.31149960	
326.31086899	
326.31072389	
326.30989246	
326.30953428	
326.30876714	
326.30793997	
326.30738699	
326.30645571	
326.30549698	
326.30439664	
326.30409239	
326.30346829	
326.30252927	
326.30184110	
326.30126183	
326.30108032	
326.30080347	
326.29996546	
326.29899421	
326.29807260	
326.29762021	
326.29715413	
326.29649088	
326.29620367	
326.29523903	
326.29438482	
326.29399165	
326.29378381	
326.29350246	
326.29284404	
326.29195575	
326.29108014	
326.29076983	
326.29003638	
326.28965816	
326.28948276	
326.28878501	
326.28831164	
326.28770853	
326.28755995	
326.28666318	
326.28563812	
326.28485123	
326.28437031	
326.28440936	
326.28398314	
326.28378430	
326.28302311	
326.28257473	
326.28178087	
326.28084238	
326.28015864	
326.27889912	
326.27822730	
326.27803018	
326.27754933	
326.27694176	
326.27681384	
326.27596857	
326.27535340	
326.27453880	
326.27399100	
326.27324943	
326.27222958	
326.27213034	
326.27136635	
326.27030216	
326.26935064	
326.26835793	
326.26739488	
326.26700351	
326.26668437	
326.26569456	
326.26453712	
326.26382785	
326.26337817	
326.26241342	
326.26159499	
326.26151793	
326.26069212	
326.25990728	
326.25969705	
326.25917735	
326.25856137	
326.25767941	
326.25668282	
326.25632540	
326.25592458	
326.25488751	
326.25404394	
326.25353150	
326.25275018	
326.25160815	
326.25125899	
326.25087312	
326.25033520	
326.24942150	
326.24864317	
326.24804152	
326.24699903	
326.24646716	
326.24613225	
326.24515882	
326.24453778	
326.24429558	
326.24402418	
326.24325459	
326.24231311	
326.24202058	
326.24179593	
326.24107816	
326.24024210	
326.23934409	
326.23869411	
326.23879166	
326.23856443	
326.23821886	
326.23761106	
326.23732139	
326.23643974	
326.23576536	
326.23536644	
326.23504702	
326.23512198	
326.23477730	
326.23466110	
326.23374792	
326.23289775	
326.23257209	
326.23160463	
326.23124642	
326.23119893	
326.23088498	
326.23056436	
326.23001593	
326.22902610	
326.22797320	
326.22702914	
326.22638111	
326.22543442	
326.22440165	
326.22390062	
326.22305443	
326.22272512	
326.22261670	
326.22228290	
326.22217656	
326.22196639	
326.22105805	
326.22032702	
326.22009896	
326.21920320	
326.21806028	
326.21698979	
326.21658061	
326.21611491	
326.21589142	
326.21558652	
326.21478531	
326.21465981	
326.21463802	
326.21459211	
326.21426046	
326.21406417	
326.21346092	
326.21290924	
326.21271968	
326.21249343	
326.21161958	
326.21092337	
326.21085179	
326.21065341	
326.21056084	
326.21033187	
326.20939604	
326.20901480	
326.20840516	
326.20773731	
326.20715839	
326.20600237	
326.20588095	
326.20532770	
326.20494865	
326.20473566	
326.20400929	
326.20306739	
326.20265624	
326.20245494	
326.20153836	
326.20067252	
326.20030286	
326.19941165	
326.19862239	
326.19811998	
326.19763690	
326.19694152	
326.19608446	
326.19554193	
326.19490570	
326.19485282	
326.19477407	
326.19456640	
326.19447510	
326.19422750	
326.19333127	
326.19265415	
326.19244019	
326.19165079	
326.19094497	
326.19076508	
326.19042982	
326.18954091	
326.18924182	
326.18900240	
326.18816454	
326.18775545	
326.18735515	
326.18691477	
326.18606382	
326.18512724	
326.18420854	
326.18395647	
326.18345678	
326.18313073	
326.18282835	
326.18235188	
326.18199472	
326.18114759	
326.18061855	
326.17955180	
326.17913384	
326.17853210	
326.17742004	
326.17641620	
326.17563622	
326.17539592	
326.17453622	
326.17384663	
326.17378847	
326.17307355	
326.17196906	
326.17106735	
326.17062145	
326.17013769	
326.16942981	
326.16907470	
326.16901512	
326.16887841	
326.16861416	
326.16773780	
326.16743969	
326.16758912	
326.16669479	
326.16611798	
326.16592160	
326.16541543	
326.16469488	
326.16446622	
326.16391867	
326.16292589	
326.16256871	
326.16214057	
326.16190786	
326.16152073	
326.16067933	
326.15974264	
326.15934929	
326.15900004	
326.15838555	
326.15822721	
326.15749186	
326.15665877	
326.15604370	
326.15536775	
326.15486059	
326.15400106	
326.15321737	
326.15251555	
326.15209293	
326.15202593	
326.15192252	
326.15168240	
326.15162113	
326.15086785	
326.14985529	
326.14910677	
326.14798373	
326.14737151	
326.14693823	
326.14603803	
326.14538769	
326.14534500	
326.14516970	
326.14446368	
326.14372447	
326.14307902	
326.14293811	
326.14264366	
326.14174459	
326.14076499	
326.14007362	
326.13978175	
326.13952412	
326.13927272	
326.13917680	
326.13906323	
326.13833313	
326.13790815	
326.13719089	
326.13631724	
326.13613139	
326.13559343	
326.13465711	
326.13386873	
326.13375254	
326.13326423	
326.13290390	
326.13221488	
326.13123533	
326.13088384	
326.13046897	
326.13016292	
326.13003530	
326.12938763	
326.12911212	
326.12896824	
326.12808439	
326.12738914	
326.12713048	
326.12675214	
326.12644587	
326.12625399	
326.12588822	
326.12532463	
326.12507688	
326.12477124	
326.12385867	
326.12310661	
326.12280794	
326.12279941	
326.12267938	
326.12248651	
326.12224113	
326.12227483	
326.12194779	
326.12128399	
326.12045059	
326.12019519	
326.12019736	
326.11992107	
326.11901113	
326.11820484	
326.11741401	
326.11646117	
326.11579758	
326.11486466	
326.11469434	
326.11402224	
326.11343846	
326.11345108	
326.11295504	
326.11271190	
326.11214985	
326.11122947	
326.11069818	
326.11007298	
326.10924771	
326.10898222	
326.10887739	
326.10829528	
326.10797269	
326.10803080	
326.10712504	
326.10653885	
326.10622971	
326.10598629	
326.10568771	
326.10554953	
326.10480428	
326.10443981	
326.10473126	
326.10420841	
326.10332873	
326.10255149	
326.10217617	
326.10141412	
326.10060709	
326.09969015	
326.09959596	
326.09938511	
326.09835313	
326.09757301	
326.09730167	
326.09718075	
326.09668261	
326.09636436	
326.09614268	
326.09543781	
326.09508097	
326.09469499	
326.09386580	
326.09331231	
326.09282005	
326.09246273	
326.09207112	
326.09145239	
326.09051570	
326.08990782	
326.08904346	
326.08792372	
326.08720281	
326.08683858	
326.08603573	
326.08525711	
326.08467387	
326.08368777	
326.08308027	
326.08302799	
326.08305108	
326.08222963	
326.08202219	
326.08212055	
326.08124984	
326.08015685	
326.07924628	
326.07900521	
326.07855920	
326.07748804	
326.07687345	
326.07600866	
326.07528370	
326.07495825	
326.07401467	
326.07338779	
326.07265731	
326.07160602	
326.07064413	
326.07005800	
326.06989876	
326.06907165	
326.06828727	
326.06739336	
326.06695860	
326.06654584	
326.06612937	
326.06554764	
326.06445905	
326.06434869	
326.06383871	
326.06279569	
326.06208874	
326.06154383	
326.06059941	
326.05959509	
326.05943469	
326.05873451	
326.05801233	
326.05775775	
326.05705674	
326.05613496	
326.05566057	
326.05546513	
326.05525277	
326.05521561	
326.05512008	
326.05427532	
326.05378030	
326.05373900	
326.05323781	
326.05299671	
326.05224726	
326.05201044	
326.05187881	
326.05090428	
326.05072109	
326.05063795	
326.04971226	
326.04957495	
326.04888478	
326.04848466	
326.04785033	
326.04739610	
326.04726231	
326.04675270	
326.04620707	
326.04541464	
326.04518176	
326.04489932	
326.04454072	
326.04405466	
326.04335195	
326.04247113	
326.04216951	
326.04139531	
326.04093892	
326.04098881	
326.04043830	
326.03966460	
326.03956922	
326.03922375	
326.03887877	
326.03866058	
326.03802219	
326.03779130	
326.03724753	
326.03703098	
326.03639350	
326.03596405	
326.03601466	
326.03579665	
326.03508265	
326.03412516	
326.03332903	
326.03275359	
326.03285082	
326.03201214	
326.03164170	
326.03113336	
326.03081550	
326.03101514	
326.03097913	
326.03106078	
326.03071532	
326.03020769	
326.02956164	
326.02941694	
326.02949861	
326.02900695	
326.02820894	
326.02735204	
326.02659896	
326.02623518	
326.02608317	
326.02543903	
326.02489228	
326.02471501	
326.02444571	
326.02442875	
326.02405929	
326.02321618	
326.02311745	
326.02260788	
326.02173730	
326.02092075	
326.02000388	
326.01990751	
326.01915614	
326.01899091	
326.01903473	
326.01804454	
326.01758624	
326.01716709	
326.01696972	
326.01640770	
326.01547101	
326.01530590	
326.01467575	
326.01374921	
326.01280496	
326.01251006	
326.01193910	
326.01092792	
326.01018496	
326.00992090	
326.00953574	
326.00908292	
326.00847778	
326.00786728	
326.00719417	
326.00622986	
326.00625242	
326.00610426	
326.00552002	
326.00515036	
326.00448460	
326.00360467	
326.00290820	
326.00188669	
326.00108610	
326.00050240	
326.00006725	
325.99966937	
325.99954149	
325.99891870	
325.99867658	
325.99805029	
325.99695982	
325.99705530	
325.99645284	
325.99601109	
325.99566004	
325.99513895	
325.99522517	
325.99492835	
325.99451776	
325.99393051	
325.99356125	
325.99296657	
325.99281100	
325.99231288	
325.99191966	
325.99190619	
325.99176583	
325.99194497	
325.99109660	
325.99082695	
325.99045220	
325.99003883	
325.99000957	
325.98926138	
325.98844950	
325.98808981	
325.98733246	
325.98676813	
325.98601410	
325.98570572	
325.98508483	
325.98427777	
325.98403931	
325.98305988	
325.98287711	
325.98224664	
325.98118403	
325.98115572	
325.98070197	
325.97984577	
325.97933115	
325.97887020	
325.97844911	
325.97774621	
325.97684129	
325.97595019	
325.97537524	
325.97496109	
325.97418636	
325.97349359	
325.97268504	
325.97203025	
325.97121299	
325.97020918	
325.97001531	
325.96918452	
325.96890797	
325.96859093	
325.96749582	
325.96661714	
325.96646205	
325.96585526	
325.96484278	
325.96416357	
325.96317098	
325.96274185	
325.96187636	
325.96131389	
325.96054828	
325.95959976	
325.95885509	
325.95840410	
325.95794936	
325.95726524	
325.95650147	
325.95573565	
325.95566580	
325.95482701	
325.95395430	
325.95395656	
325.95378022	
325.95311792	
325.95264452	
325.95234330	
325.95171007	
325.95098784	
325.95090942	
325.95097902	
325.95078221	
325.95066517	
325.95011440	
325.94931773	
325.94882608	
325.94825594	
325.94762565	
325.94718519	
325.94682337	
325.94607086	
325.94545980	
325.94541357	
325.94532627	
325.94489352	
325.94409645	
325.94406921	
325.94407424	
325.94338089	
325.94269855	
325.94194764	
325.94172315	
325.94125320	
325.94095380	
325.94074939	
325.94020016	
325.93958312	
325.93877033	
325.93824452	
325.93804796	
325.93790320	
325.93709939	
325.93678315	
325.93610299	
325.93531737	
325.93506624	
325.93442369	
325.93437319	
325.93370361	
325.93302758	
325.93280435	
325.93208722	
325.93137490	
325.93051640	
325.92980794	
325.92891414	
325.92854895	
325.92814125	
325.92718684	
325.92708895	
325.92719661	
325.92671416	
325.92648348	
325.92654763	
325.92609569	
325.92566753	
325.92556222	
325.92512181	
325.92432549	
325.92392641	
325.92323843	
325.92249209	
325.92244906	
325.92191091	
325.92115598	
325.92030379	
325.91936317	
325.91926413	
325.91933247	
325.91922718	
325.91905162	
325.91872230	
325.91788527	
325.91719705	
325.91678858	
325.91648121	
325.91593842	
325.91560248	
325.91577191	
325.91543533	
325.91499149	
325.91475254	
325.91433498	
325.91368486	
325.91280003	
325.91204300	
325.91177899	
325.91096545	
325.91054997	
325.90981945	
325.90913745	
325.90884920	
325.90812360	
325.90731282	
325.90641897	
325.90583411	
325.90567381	
325.90538844	
325.90474329	
325.90468020	
325.90432621	
325.90425099	
325.90388475	
325.90350762	
325.90309409	
325.90283501	
325.90300960	
325.90234152	
325.90170242	
325.90094593	
325.90090546	
325.90091619	
325.90019176	
325.90021530	
325.89988559	
325.89929830	
325.89868458	
325.89811352	
325.89744051	
325.89722436	
325.89742465	
325.89706093	
325.89716066	
325.89661643	
325.89604061	
325.89562410	
325.89553470	
325.89501538	
325.89420813	
325.89350754	
325.89323004	
325.89326672	
325.89309993	
325.89282484	
325.89203231	
325.89209369	
325.89168772	
325.89105663	
325.89117730	
325.89095477	
325.89012901	
325.88999979	
325.88986514	
325.88965542	
325.88914693	
325.88836175	
325.88827955	
325.88818324	
325.88795130	
325.88728607	
325.88726843	
325.88724523	
325.88697021	
325.88653420	
325.88623123	
325.88641593	
325.88596549	
325.88506388	
325.88438990	
325.88432822	
325.88395047	
325.88326458	
325.88307472	
325.88242309	
325.88230950	
325.88240025	
325.88180248	
325.88142915	
325.88130681	
325.88113631	
325.88082976	
325.88082341	
325.88045930	
325.88024789	
325.87985135	
325.87966993	
325.87976990	
325.87889061	
325.87870524	
325.87875011	
325.87854668	
325.87832638	
325.87760677	
325.87671524	
325.87591026	
325.87514272	
325.87456907	
325.87374943	
325.87270977	
325.87271670	
325.87247788	
325.87179210	
325.87130827	
325.87070904	
325.87036870	
325.86994256	
325.86988945	
325.86962535	
325.86938400	
325.86907037	
325.86809735	
325.86787611	
325.86726925	
325.86695852	
325.86669667	
325.86647150	
325.86674019	
325.86668232	
325.86610805	
325.86526542	
325.86490906	
325.86434461	
325.86376518	
325.86358283	
325.86356405	
325.86330436	
325.86243801	
325.86201676	
325.86134067	
325.86063889	
325.86031904	
325.85968855	
325.85927545	
325.85897730	
325.85836715	
325.85753413	
325.85704515	
325.85639247	
325.85636008	
325.85619063	
325.85551710	
325.85547108	
325.85476726	
325.85446145	
325.85410788	
325.85362114	
325.85308190	
325.85248999	
325.85258116	
325.85250278	
325.85187942	
325.85153598	
325.85174759	
325.85092322	
325.85012620	
325.84958897	
325.84917999	
325.84840241	
325.84777942	
325.84731756	
325.84728813	
325.84738802	
325.84725500	
325.84735316	
325.84658336	
325.84644191	
325.84619264	
325.84579561	
325.84562235	
325.84559029	
325.84534325	
325.84453009	
325.84438094	
325.84363714	
325.84303152	
325.84297545	
325.84219304	
325.84143368	
325.84145580	
325.84123975	
325.84059071	
325.84060757	
325.83992250	
325.83914463	
325.83896344	
325.83805685	
325.83735242	
325.83677767	
325.83594796	
325.83514817	
325.83464186	
325.83423987	
325.83342296	
325.83250714	
325.83220944	
325.83160753	
325.83085201	
325.83021200	
325.82952381	
325.82900257	
325.82885335	
325.82851143	
325.82840604	
325.82780351	
325.82731386	
325.82699908	
325.82640923	
325.82586107	
325.82483133	
325.82490849	
325.82439373	
325.82411604	
325.82413709	
325.82345330	
325.82349734	
325.82325908	
325.82281258	
325.82280213	
325.82266957	
325.82253664	
325.82190283	
325.82152273	
325.82140309	
325.82056624	
325.82007417	
325.82021332	
325.81984103	
325.81934569	
325.81924697	
325.81906213	
325.81898287	
325.81871193	
325.81818864	
325.81815522	
325.81758161	
325.81723950	
325.81738855	
325.81726438	
325.81675390	
325.81617773	
325.81555832	
325.81513751	
325.81506640	
325.81468798	
325.81405118	
325.81400061	
325.81404238	
325.81342259	
325.81277892	
325.81230202	
325.81228705	
325.81150561	
325.81077775	
325.81025354	
325.80959854	
325.80966109	
325.80981008	
325.80953575	
325.80944771	
325.80880806	
325.80785577	
325.80745250	
325.80698350	
325.80649160	
325.80646165	
325.80603632	
325.80598912	
325.80580184	
325.80534710	
325.80549748	
325.80483438	
325.80471207	
325.80470377	
325.80441181	
325.80368914	
325.80292217	
325.80297446	
325.80243853	
325.80201446	
325.80127860	
325.80051754	
325.80056545	
325.80067505	
325.80087866	
325.80099458	
325.80111990	
325.80074400	
325.80047951	
325.80004446	
325.79957352	
325.79951672	
325.79938357	
325.79950054	
325.79952280	
325.79911076	
325.79901147	
325.79858436	
325.79767762	
325.79725514	
325.79681431	
325.79639086	
325.79635633	
325.79623326	
325.79570781	
325.79520567	
325.79524969	
325.79484416	
325.79465352	
325.79476140	
325.79413597	
325.79394704	
325.79340343	
325.79258312	
325.79262137	
325.79270829	
325.79236950	
325.79190113	
325.79139721	
325.79103381	
325.79085596	
325.79021899	
325.78931076	
325.78858045	
325.78794678	
325.78774471	
325.78785707	
325.78774945	
325.78742718	
325.78759078	
325.78714190	
325.78680956	
325.78654435	
325.78618073	
325.78559054	
325.78499948	
325.78499591	
325.78449965	
325.78364499	
325.78314049	
325.78270494	
325.78245289	
325.78214318	
325.78188758	
325.78183521	
325.78121723	
325.78090308	
325.78019833	
325.78015425	
325.78045784	
325.78017094	
325.78018452	
325.77951628	
325.77875461	
325.77887345	
325.77841339	
325.77747238	
325.77724011	
325.77659189	
325.77622204	
325.77560669	
325.77535119	
325.77503645	
325.77400753	
325.77350207	
325.77295300	
325.77220081	
325.77151478	
325.77120186	
325.77054473	
325.77042878	
325.77061484	
325.76985791	
325.76946229	
325.76954167	
325.76879098	
325.76839317	
325.76840172	
325.76850137	
325.76853073	
325.76854853	
325.76854663	
325.76813123	
325.76757941	
325.76751098	
325.76769020	
325.76725767	
325.76675531	
325.76637027	
325.76573470	
325.76540937	
325.76531162	
325.76499099	
325.76428862	
325.76336362	
325.76257219	
325.76188830	
325.76185048	
325.76122560	
325.76055408	
325.76076214	
325.76085516	
325.76093690	
325.76109968	
325.76098311	
325.76031847	
325.76015363	
325.76021586	
325.75955829	
325.75863806	
325.75855085	
325.75872697	
325.75796745	
325.75785516	
325.75805187	
325.75766654	
325.75748450	
325.75738614	
325.75675856	
325.75584036	
325.75525474	
325.75487248	
325.75479127	
325.75451785	
325.75370434	
325.75312057	
325.75253556	
325.75198259	
325.75192142	
325.75117050	
325.75078086	
325.75068431	
325.75002642	
325.74986454	
325.74935386	
325.74858250	
325.74779634	
325.74685818	
325.74666844	
325.74639390	
325.74585778	
325.74586785	
325.74575387	
325.74550714	
325.74537005	
325.74491614	
325.74478862	
325.74467905	
325.74381151	
325.74362074	
325.74355236	
325.74346285	
325.74344284	
325.74310317	
325.74322190	
325.74312674	
325.74272747	
325.74252628	
325.74258354	
325.74258657	
325.74236558	
325.74234520	
325.74189387	
325.74131485	
325.74084545	
325.74034850	
325.74009208	
325.73955513	
325.73916750	
325.73899486	
325.73916837	
325.73891931	
325.73887476	
325.73875185	
325.73790481	
325.73744995	
325.73668768	
325.73576494	
325.73515492	
325.73479163	
325.73418631	
325.73379272	
325.73361783	
325.73332683	
325.73340391	
325.73307140	
325.73262810	
325.73214717	
325.73153070	
325.73112009	
325.73082466	
325.73023484	
325.73004643	
325.72952753	
325.72891669	
325.72831677	
325.72796438	
325.72764763	
325.72741988	
325.72707704	
325.72643437	
325.72626794	
325.72536610	
325.72518120	
325.72476537	
325.72440331	
325.72438771	
325.72427952	
325.72451204	
325.72442896	
325.72398271	
325.72380486	
325.72337814	
325.72329395	
325.72314167	
325.72237617	
325.72213951	
325.72224077	
325.72238287	
325.72183028	
325.72093134	
325.72052317	
325.72025368	
325.72013175	
325.72008240	
325.71986798	
325.71984886	
325.71951162	
325.71961055	
325.71974139	
325.71969010	
325.71989915	
325.71980089	
325.71993693	
325.71943405	
325.71844835	
325.71826336	
325.71784468	
325.71711122	
325.71670027	
325.71617838	
325.71535244	
325.71452560	
325.71408184	
325.71340433	
325.71257024	
325.71187891	
325.71180325	
325.71182333	
325.71185455	
325.71170902	
325.71170345	
325.71182162	
325.71112535	
325.71056598	
325.71046501	
325.71058440	
325.70985817	
325.70960555	
325.70903583	
325.70828013	
325.70850716	
325.70839352	
325.70821130	
325.70767863	
325.70701380	
325.70713359	
325.70701086	
325.70633490	
325.70646026	
325.70596681	
325.70514620	
325.70473409	
325.70450269	
325.70436812	
325.70399542	
325.70351896	
325.70346215	
325.70295712	
325.70264851	
325.70243832	
325.70153670	
325.70160378	
325.70148155	
325.70100386	
325.70032215	
325.69959592	
325.69938696	
325.69883995	
325.69874008	
325.69821551	
325.69810405	
325.69840735	
325.69759052	
325.69683259	
325.69655067	
325.69634582	
325.69596154	
325.69610379	
325.69565082	
325.69544762	
325.69531088	
325.69486795	
325.69426441	
325.69389123	
325.69336865	
325.69324968	
325.69312574	
325.69235536	
325.69187536	
325.69128166	
325.69086448	
325.69010302	
325.68929307	
325.68894505	
325.68907535	
325.68906884	
325.68864938	
325.68868430	
325.68896990	
325.68907182	
325.68895672	
325.68844230	
325.68780005	
325.68703370	
325.68631536	
325.68573149	
325.68542625	
325.68560279	
325.68578166	
325.68548469	
325.68546758	
325.68562393	
325.68502289	
325.68478043	
325.68447432	
325.68440257	
325.68461082	
325.68407717	
325.68355672	
325.68286400	
325.68275536	
325.68239648	
325.68167798	
325.68152397	
325.68110547	
325.68024774	
325.67967030	
325.67915423	
325.67866273	
325.67860626	
325.67830084	
325.67783543	
325.67760694	
325.67707118	
325.67622650	
325.67623490	
325.67583162	
325.67491240	
325.67499256	
325.67495269	
325.67436275	
325.67378368	
325.67343893	
325.67357833	
325.67351647	
325.67350823	
325.67303791	
325.67236666	
325.67262054	
325.67286730	
325.67310666	
325.67337423	
325.67301433	
325.67218418	
325.67143899	
325.67060779	
325.67006587	
325.67010377	
325.67038736	
325.66995287	
325.66913580	
325.66873236	
325.66797994	
325.66743345	
325.66682779	
325.66633071	
325.66635818	
325.66609101	
325.66618464	
325.66627493	
325.66603449	
325.66590413	
325.66565553	
325.66569642	
325.66521621	
325.66442562	
325.66459318	
325.66442267	
325.66364629	
325.66302823	
325.66314162	
325.66258931	
325.66244789	
325.66245052	
325.66171047	
325.66117879	
325.66110488	
325.66110073	
325.66060667	
325.66051218	
325.66038948	
325.66041842	
325.66045980	
325.66005033	
325.65992442	
325.66018690	
325.65981296	
325.65971654	
325.65912490	
325.65820492	
325.65771994	
325.65702186	
325.65669061	
325.65638478	
325.65604224	
325.65614460	
325.65592794	
325.65559489	
325.65555131	
325.65547022	
325.65547272	
325.65502181	
325.65496062	
325.65517548	
325.65466368	
325.65399361	
325.65339470	
325.65332439	
325.65324526	
325.65326465	
325.65339729	
325.65270886	
325.65249761	
325.65257102	
325.65187290	
325.65129515	
325.65135561	
325.65097084	
325.65048311	
325.65069130	
325.65042216	
325.65009347	
325.65008292	
325.64997607	
325.65006783	
325.65013660	
325.65020789	
325.64951397	
325.64909261	
325.64924011	
325.64909791	
325.64853248	
325.64846736	
325.64834993	
325.64801968	
325.64804809	
325.64794705	
325.64768819	
325.64718150	
325.64692226	
325.64654382	
325.64656618	
325.64644879	
325.64644539	
325.64601658	
325.64572194	
325.64529771	
325.64504659	
325.64514290	
325.64431857	
325.64376848	
325.64372318	
325.64397335	
325.64386981	
325.64312487	
325.64239083	
325.64243897	
325.64245497	
325.64181264	
325.64177599	
325.64162585	
325.64109633	
325.64062636	
325.64062976	
325.64059002	
325.64050478	
325.64027592	
325.64006893	
325.64032356	
325.63974497	
325.63916437	
325.63881082	
325.63880813	
325.63866986	
325.63867823	
325.63861311	
325.63862611	
325.63811855	
325.63757198	
325.63757164	
325.63740281	
325.63681046	
325.63666776	
325.63623842	
325.63557793	
325.63568879	
325.63536869	
325.63473173	
325.63477332	
325.63468098	
325.63463319	
325.63434488	
325.63388488	
325.63399460	
325.63325688	
325.63315374	
325.63321504	
325.63248451	
325.63235119	
325.63230123	
325.63202572	
325.63186800	
325.63180549	
325.63155364	
325.63082007	
325.63053480	
325.63034762	
325.62963420	
325.62883234	
325.62816817	
325.62822861	
325.62800964	
325.62766320	
325.62754074	
325.62754937	
325.62772843	
325.62712768	
325.62650696	
325.62638036	
325.62614399	
325.62606900	
325.62607767	
325.62583212	
325.62592215	
325.62542538	
325.62529025	
325.62503513	
325.62497298	
325.62512459	
325.62507666	
325.62517720	
325.62475643	
325.62475105	
325.62502263	
325.62463510	
325.62425968	
325.62378613	
325.62331382	
325.62320215	
325.62337301	
325.62368935	
325.62369320	
325.62389952	
325.62406484	
325.62369943	
325.62351592	
325.62308909	
325.62279200	
325.62264651	
325.62179741	
325.62171475	
325.62168132	
325.62098195	
325.62023116	
325.61986884	
325.61951727	
325.61891197	
325.61857192	
325.61834940	
325.61761289	
325.61761341	
325.61730601	
325.61709990	
325.61726145	
325.61716848	
325.61753216	
325.61734019	
325.61715710	
325.61718054	
325.61681772	
325.61660999	
325.61619776	
325.61531283	
325.61526772	
325.61473062	
325.61448915	
325.61472277	
325.61431250	
325.61389092	
325.61379838	
325.61397124	
325.61333103	
325.61250112	
325.61240136	
325.61247229	
325.61176903	
325.61157856	
325.61177584	
325.61106815	
325.61067355	
325.61051335	
325.61018770	
325.61037942	
325.61031250	
325.61013456	
325.61030733	
325.61029802	
325.61033019	
325.61030897	
325.61046178	
325.61063770	
325.61036475	
325.61005829	
325.60987690	
325.60987211	
325.60986726	
325.60971429	
325.60902047	
325.60824326	
325.60807217	
325.60815575	
325.60840795	
325.60848592	
325.60866385	
325.60853672	
325.60796483	
325.60800240	
325.60815241	
325.60798788	
325.60805985	
325.60741017	
325.60662604	
325.60664717	
325.60598022	
325.60556167	
325.60540610	
325.60527471	
325.60504976	
325.60440972	
325.60399766	
325.60349420	
325.60299184	
325.60273218	
325.60240961	
325.60222104	
325.60240045	
325.60184651	
325.60173270	
325.60120044	
325.60041795	
325.60047339	
325.60022572	
325.59962449	
325.59901349	
325.59855316	
325.59868286	
325.59848595	
325.59789183	
325.59778445	
325.59715578	
325.59632690	
325.59587795	
325.59594583	
325.59607115	
325.59622971	
325.59562358	
325.59516983	
325.59540051	
325.59508155	
325.59507401	
325.59517020	
325.59488810	
325.59447057	
325.59373700	
325.59309800	
325.59325522	
325.59327707	
325.59342917	
325.59367876	
325.59315121	
325.59257648	
325.59234757	
325.59256612	
325.59263141	
325.59244491	
325.59241891	
325.59181950	
325.59130445	
325.59088540	
325.59057780	
325.59029381	
325.58945682	
325.58956881	
325.58939741	
325.58850158	
325.58804476	
325.58739356	
325.58690480	
325.58713168	
325.58737866	
325.58668652	
325.58635037	
325.58602168	
325.58580312	
325.58544032	
325.58458190	
325.58415046	
325.58360506	
325.58364391	
325.58386723	
325.58330285	
325.58325381	
325.58336145	
325.58310578	
325.58291732	
325.58212681	
325.58167856	
325.58131632	
325.58102345	
325.58049362	
325.57987804	
325.57931051	
325.57908244	
325.57920309	
325.57870819	
325.57862067	
325.57869127	
325.57848590	
325.57868478	
325.57852373	
325.57775013	
325.57698899	
325.57680680	
325.57658135	
325.57617197	
325.57593830	
325.57572417	
325.57590827	
325.57559243	
325.57554338	
325.57546492	
325.57509767	
325.57444419	
325.57386521	
325.57416322	
325.57403568	
325.57328856	
325.57295074	
325.57303954	
325.57257826	
325.57235672	
325.57264297	
325.57288257	
325.57289547	
325.57238439	
325.57235427	
325.57244978	
325.57207537	
325.57205653	
325.57141474	
325.57082900	
325.57041229	
325.56967431	
325.56900455	
325.56866220	
325.56876791	
325.56870508	
325.56876415	
325.56883043	
325.56844985	
325.56779997	
325.56724598	
325.56731376	
325.56752545	
325.56688074	
325.56620533	
325.56582776	
325.56514370	
325.56484780	
325.56484649	
325.56476372	
325.56464416	
325.56391632	
325.56337905	
325.56276007	
325.56229306	
325.56247634	
325.56192598	
325.56187894	
325.56179933	
325.56140356	
325.56085054	
325.56059080	
325.56023670	
325.55995413	
325.55948082	
325.55900268	
325.55885779	
325.55878600	
325.55891436	
325.55830858	
325.55845886	
325.55849603	
325.55823559	
325.55760277	
325.55754385	
325.55767052	
325.55738352	
325.55715003	
325.55679560	
325.55627158	
325.55545608	
325.55482393	
325.55441546	
325.55376370	
325.55346387	
325.55288207	
325.55205580	
325.55192264	
325.55190207	
325.55164314	
325.55160722	
325.55122971	
325.55105514	
325.55131889	
325.55077087	
325.55046266	
325.54990000	
325.54978152	
325.55000115	
325.55002850	
325.55001741	
325.54938712	
325.54915051	
325.54943440	
325.54963215	
325.54908612	
325.54879810	
325.54889486	
325.54854833	
325.54796103	
325.54753014	
325.54696208	
325.54666593	
325.54616014	
325.54609199	
325.54637024	
325.54628306	
325.54617915	
325.54538896	
325.54511395	
325.54449707	
325.54430588	
325.54433727	
325.54402540	
325.54347007	
325.54330350	
325.54374529	
325.54327149	
325.54249781	
325.54255982	
325.54278107	
325.54270468	
325.54233624	
325.54221194	
325.54260937	
325.54215758	
325.54215576	
325.54250766	
325.54201440	
325.54193490	
325.54197330	
325.54201903	
325.54172823	
325.54155152	
325.54162429	
325.54098839	
325.54057286	
325.54048314	
325.54056591	
325.54040261	
325.54060845	
325.54010692	
325.53984300	
325.53963370	
325.53948764	
325.53996069	
325.53983579	
325.53941180	
325.53902693	
325.53931155	
325.53926897	
325.53920028	
325.53862109	
325.53822856	
325.53845187	
325.53864712	
325.53818573	
325.53811994	
325.53798060	
325.53730899	
325.53742244	
325.53684369	
325.53670091	
325.53650346	
325.53647752	
325.53659993	
325.53634726	
325.53587114	
325.53590093	
325.53559235	
325.53478109	
325.53484385	
325.53440364	
325.53416953	
325.53427613	
325.53385269	
325.53374782	
325.53370121	
325.53380586	
325.53344433	
325.53279867	
325.53293226	
325.53222074	
325.53210181	
325.53195468	
325.53196748	
325.53182605	
325.53174023	
325.53190555	
325.53152415	
325.53121980	
325.53133678	
325.53123877	
325.53096373	
325.53053806	
325.53039383	
325.53051283	
325.53011505	
325.52980589	
325.52950667	
325.52890459	
325.52805975	
325.52787075	
325.52802343	
325.52824423	
325.52824998	
325.52799887	
325.52806633	
325.52795244	
325.52806949	
325.52782387	
325.52774596	
325.52796869	
325.52802165	
325.52815364	
325.52802376	
325.52796103	
325.52732895	
325.52711948	
325.52669311	
325.52646046	
325.52656257	
325.52610504	
325.52593993	
325.52557853	
325.52564811	
325.52600883	
325.52613810	
325.52584292	
325.52512063	
325.52525065	
325.52553592	
325.52564060	
325.52512363	
325.52514427	
325.52511222	
325.52425277	
325.52378431	
325.52318659	
325.52263218	
325.52201339	
325.52191106	
325.52184004	
325.52136875	
325.52079327	
325.52086981	
325.52061754	
325.52057116	
325.52046643	
325.51967388	
325.51918570	
325.51833630	
325.51832214	
325.51816886	
325.51812927	
325.51835902	
325.51820343	
325.51776260	
325.51783049	
325.51788479	
325.51740687	
325.51742141	
325.51732103	
325.51722251	
325.51715895	
325.51700068	
325.51665342	
325.51600601	
325.51594308	
325.51560294	
325.51546634	
325.51533631	
325.51537179	
325.51574326	
325.51552003	
325.51551094	
325.51566691	
325.51546838	
325.51539578	
325.51562933	
325.51547746	
325.51534355	
325.51506234	
325.51497402	
325.51459810	
325.51443862	
325.51468604	
325.51490915	
325.51487847	
325.51449418	
325.51470798	
325.51438764	
325.51426963	
325.51408217	
325.51326404	
325.51258940	
325.51256295	
325.51234277	
325.51199508	
325.51149169	
325.51100900	
325.51109759	
325.51067580	
325.51015592	
325.50954980	
325.50883547	
325.50894464	
325.50895044	
325.50871982	
325.50824270	
325.50779606	
325.50784626	
325.50725803	
325.50706520	
325.50696684	
325.50629074	
325.50624242	
325.50635426	
325.50616475	
325.50597935	
325.50563982	
325.50496841	
325.50447198	
325.50462371	
325.50399156	
325.50343775	
325.50306819	
325.50257847	
325.50275325	
325.50301286	
325.50251676	
325.50239306	
325.50209996	
325.50194880	
325.50172823	
325.50127864	
325.50085799	
325.50054173	
325.50015447	
325.50001096	
325.50026541	
325.50026315	
325.49979622	
325.49929080	
325.49884615	
325.49801223	
325.49782589	
325.49746533	
325.49742592	
325.49739635	
325.49729501	
325.49716475	
325.49700087	
325.49650842	
325.49624844	
325.49602307	
325.49534884	
325.49481209	
325.49443377	
325.49434588	
325.49384739	
325.49356669	
325.49337922	
325.49277544	
325.49254214	
325.49190191	
325.49117860	
325.49143521	
325.49097982	
325.49067855	
325.49035981	
325.48953074	
325.48967270	
325.48981374	
325.48935391	
325.48900994	
325.48858301	
325.48843059	
325.48880532	
325.48845293	
325.48837161	
325.48787283	
325.48762748	
325.48751880	
325.48690680	
325.48700113	
325.48689703	
325.48676700	
325.48677853	
325.48666172	
325.48688516	
325.48719342	
325.48671487	
325.48608138	
325.48585443	
325.48584526	
325.48561327	
325.48573406	
325.48614803	
325.48576202	
325.48537097	
325.48545934	
325.48488923	
325.48414908	
325.48380762	
325.48316448	
325.48250227	
325.48232518	
325.48221014	
325.48204455	
325.48181304	
325.48193854	
325.48161387	
325.48133640	
325.48167208	
325.48105402	
325.48107096	
325.48089689	
325.48009364	
325.47994512	
325.47995117	
325.47956725	
325.47939141	
325.47894617	
325.47842613	
325.47815889	
325.47760860	
325.47698051	
325.47662783	
325.47622487	
325.47623716	
325.47667669	
325.47641649	
325.47605516	
325.47576280	
325.47528269	
325.47457328	
325.47403558	
325.47347300	
325.47340803	
325.47287965	
325.47256623	
325.47225532	
325.47196932	
325.47240829	
325.47191121	
325.47156983	
325.47154684	
325.47159346	
325.47193424	
325.47209905	
325.47211034	
325.47223776	
325.47186500	
325.47156937	
325.47113191	
325.47054481	
325.47011162	
325.46965626	
325.46945055	
325.46955248	
325.46974265	
325.46944088	
325.46910697	
325.46900193	
325.46870782	
325.46877966	
325.46915033	
325.46888486	
325.46879480	
325.46824512	
325.46798543	
325.46822990	
325.46786107	
325.46744731	
325.46711301	
325.46681829	
325.46667626	
325.46619388	
325.46621795	
325.46612228	
325.46578265	
325.46528800	
325.46516219	
325.46488404	
325.46452169	
325.46499072	
325.46498522	
325.46481016	
325.46469076	
325.46437156	
325.46398847	
325.46354747	
325.46330912	
325.46304717	
325.46314845	
325.46307088	
325.46257909	
325.46258157	
325.46217689	
325.46172408	
325.46108549	
325.46102485	
325.46052855	
325.46042015	
325.46090514	
325.46081284	
325.46061889	
325.46031436	
325.46061744	
325.46087171	
325.46085006	
325.46038031	
325.46004851	
325.45950446	
325.45882377	
325.45858208	
325.45849404	
325.45840410	
325.45808638	
325.45788469	
325.45734336	
325.45680656	
325.45707502	
325.45718017	
325.45733809	
325.45743327	
325.45757567	
325.45723011	
325.45712138	
325.45735885	
325.45742778	
325.45702729	
325.45645764	
325.45638321	
325.45610667	
325.45581583	
325.45522753	
325.45532444	
325.45516360	
325.45493503	
325.45495980	
325.45492872	
325.45496685	
325.45489625	
325.45517973	
325.45531906	
325.45512191	
325.45522348	
325.45541039	
325.45486970	
325.45488491	
325.45537432	
325.45557016	
325.45529306	
325.45495686	
325.45529408	
325.45477708	
325.45457083	
325.45451441	
325.45412894	
325.45411264	
325.45430687	
325.45427992	
325.45425801	
325.45429600	
325.45426861	
325.45432976	
325.45390548	
325.45386916	
325.45349240	
325.45312422	
325.45320953	
325.45251196	
325.45184184	
325.45167979	
325.45122397	
325.45117081	
325.45137319	
325.45148073	
325.45093547	
325.45065040	
325.45098551	
325.45082111	
325.45071884	
325.45075763	
325.45030221	
325.45024031	
325.45008320	
325.44976741	
325.44934047	
325.44900797	
325.44927400	
325.44889174	
325.44909832	
325.44903825	
325.44908768	
325.44941529	
325.44908093	
325.44913230	
325.44948802	
325.44944595	
325.44970550	
325.44933441	
325.44872986	
325.44873207	
325.44807070	
325.44800528	
325.44798759	
325.44748463	
325.44748314	
325.44746475	
325.44711621	
325.44727956	
325.44697910	
325.44686560	
325.44731305	
325.44676054	
325.44639406	
325.44584546	
325.44552571	
325.44503905	
325.44486372	
325.44474374	
325.44456794	
325.44437570	
325.44365808	
325.44339602	
325.44308316	
325.44284427	
325.44259518	
325.44218786	
325.44192253	
325.44189048	
325.44138743	
325.44084036	
325.44065540	
325.44020900	
325.43976884	
325.43986810	
325.43934974	
325.43913948	
325.43943170	
325.43947342	
325.43945208	
325.43925254	
325.43951301	
325.43981262	
325.43993511	
325.43954474	
325.43922592	
325.43951875	
325.43982008	
325.43956325	
325.43958910	
325.43960858	
325.43967562	
325.43954837	
325.43943558	
325.43933769	
325.43945077	
325.43988963	
325.43953578	
325.43917492	
325.43859998	
325.43811481	
325.43788115	
325.43734251	
325.43737162	
325.43759061	
325.43723475	
325.43744990	
325.43741539	
325.43730426	
325.43691339	
325.43659438	
325.43609952	
325.43570221	
325.43521463	
325.43429441	
325.43445648	
325.43466705	
325.43449345	
325.43413346	
325.43372950	
325.43339592	
325.43348879	
325.43385865	
325.43409528	
325.43364691	
325.43348716	
325.43387918	
325.43387999	
325.43398701	
325.43414749	
325.43360250	
325.43293583	
325.43291831	
325.43274068	
325.43250164	
325.43230014	
325.43173155	
325.43172781	
325.43158893	
325.43127206	
325.43131997	
325.43127399	
325.43129009	
325.43123334	
325.43070119	
325.43062497	
325.43037384	
325.43039072	
325.43029946	
325.42969575	
325.42987634	
325.42929060	
325.42877854	
325.42853484	
325.42813568	
325.42776026	
325.42792624	
325.42808799	
325.42827202	
325.42784040	
325.42781521	
325.42804069	
325.42776036	
325.42803933	
325.42796893	
325.42771270	
325.42746924	
325.42770933	
325.42783368	
325.42754121	
325.42719486	
325.42715216	
325.42724347	
325.42743485	
325.42705614	
325.42688626	
325.42701623	
325.42700824	
325.42702004	
325.42707159	
325.42736093	
325.42739109	
325.42681038	
325.42603759	
325.42576771	
325.42568262	
325.42530299	
325.42541095	
325.42547870	
325.42494377	
325.42496946	
325.42468668	
325.42422813	
325.42359248	
325.42353526	
325.42350027	
325.42317878	
325.42299980	
325.42285080	
325.42268706	
325.42266036	
325.42251605	
325.42255426	
325.42280838	
325.42262901	
325.42225524	
325.42209306	
325.42174101	
325.42152408	
325.42184147	
325.42203760	
325.42183307	
325.42119499	
325.42064647	
325.42019784	
325.42033471	
325.41987528	
325.41980136	
325.41951068	
325.41901271	
325.41901741	
325.41901167	
325.41937575	
325.41895357	
325.41909556	
325.41923681	
325.41895804	
325.41876801	
325.41843677	
325.41816532	
325.41824245	
325.41837028	
325.41844657	
325.41811717	
325.41810313	
325.41809829	
325.41782184	
325.41822126	
325.41852881	
325.41851098	
325.41859177	
325.41821785	
325.41738867	
325.41706791	
325.41705031	
325.41730190	
325.41702405	
325.41647131	
325.41578614	
325.41547779	
325.41539613	
325.41522924	
325.41477456	
325.41421093	
325.41425484	
325.41448701	
325.41408692	
325.41332525	
325.41317286	
325.41259681	
325.41191853	
325.41215270	
325.41207762	
325.41216037	
325.41222366	
325.41199919	
325.41164363	
325.41132530	
325.41155887	
325.41187896	
325.41176879	
325.41173442	
325.41124836	
325.41041129	
325.41048268	
325.41061184	
