288.03966833	
288.03965246	
288.03963660	
288.03962074	
288.03960489	
288.03958905	
288.03957322	
288.03955739	
288.03954156	
288.03952575	
288.03950994	
288.03949413	
288.03947834	
288.03946255	
288.03944676	
288.03943098	
288.03941521	
288.03939944	
288.03938368	
288.03936793	
288.03935218	
288.03933644	
288.03932071	
288.03930498	
288.03928926	
288.03927354	
288.03925783	
288.03924213	
288.03922643	
288.03921074	
288.03919506	
288.03917938	
288.03916371	
288.03914804	
288.03913238	
288.03911673	
288.03910108	
288.03908544	
288.03906981	
288.03905418	
288.03903856	
288.03902294	
288.03900733	
288.03899173	
288.03897613	
288.03896054	
288.03894496	
288.03892938	
288.03891381	
288.03889824	
288.03888269	
288.03886713	
288.03885159	
288.03883604	
288.03882051	
288.03880498	
288.03878946	
288.03877394	
288.03875843	
288.03874293	
288.03872743	
288.03871194	
288.03869646	
288.03868098	
288.03866551	
288.03865004	
288.03863458	
288.03861913	
288.03860368	
288.03858824	
288.03857280	
288.03855737	
288.03854195	
288.03852653	
288.03851112	
288.03849572	
288.03848032	
288.03846493	
288.03844954	
288.03843416	
288.03841879	
288.03840342	
288.03838806	
288.03837270	
288.03835736	
288.03834201	
288.03832668	
288.03831135	
288.03829602	
288.03828070	
288.03826539	
288.03825008	
288.03823478	
288.03821949	
288.03820420	
288.03818892	
288.03817364	
288.03815838	
288.03814311	
288.03812785	
288.03811260	
288.03809736	
288.03808212	
288.03806689	
288.03805166	
288.03803644	
288.03802122	
288.03800602	
288.03799081	
288.03797562	
288.03796043	
288.03794524	
288.03793007	
288.03791489	
288.03789973	
288.03788457	
288.03786941	
288.03785427	
288.03783912	
288.03782399	
288.03780886	
288.03779374	
288.03777862	
288.03776351	
288.03774840	
288.03773330	
288.03771821	
288.03770312	
288.03768804	
288.03767296	
288.03765790	
288.03764283	
288.03762777	
288.03761272	
288.03759768	
288.03758264	
288.03756761	
288.03755258	
288.03753756	
288.03752254	
288.03750753	
288.03749253	
288.03747753	
288.03746254	
288.03744756	
288.03743258	
288.03741761	
288.03740264	
288.03738768	
288.03737272	
288.03735777	
288.03734283	
288.03732789	
288.03731296	
288.03729804	
288.03728312	
288.03726821	
288.03725330	
288.03723840	
288.03722350	
288.03720861	
288.03719373	
288.03717885	
288.03716398	
288.03714911	
288.03713425	
288.03711940	
288.03710455	
288.03708971	
288.03707487	
288.03706004	
288.03704522	
288.03703040	
288.03701559	
288.03700078	
288.03698598	
288.03697119	
288.03695640	
288.03694162	
288.03692684	
288.03691207	
288.03689731	
288.03688255	
288.03686779	
288.03685305	
288.03683831	
288.03682357	
288.03680884	
288.03679412	
288.03677940	
288.03676469	
288.03674998	
288.03673528	
288.03672059	
288.03670590	
288.03669122	
288.03667654	
288.03666187	
288.03664721	
288.03663255	
288.03661789	
288.03660325	
288.03658861	
288.03657397	
288.03655934	
288.03654472	
288.03653010	
288.03651549	
288.03650088	
288.03648628	
288.03647169	
288.03645710	
288.03644251	
288.03642794	
288.03641337	
288.03639880	
288.03638424	
288.03636969	
288.03635514	
288.03634060	
288.03632606	
288.03631153	
288.03629701	
288.03628249	
288.03626797	
288.03625347	
288.03623897	
288.03622447	
288.03620998	
288.03619550	
288.03618102	
288.03616655	
288.03615208	
288.03613762	
288.03612316	
288.03610871	
288.03609427	
288.03607983	
288.03606540	
288.03605098	
288.03603655	
288.03602214	
288.03600773	
288.03599333	
288.03597893	
288.03596454	
288.03595015	
288.03593577	
288.03592140	
288.03590703	
288.03589267	
288.03587831	
288.03586396	
288.03584961	
288.03583527	
288.03582094	
288.03580661	
288.03579229	
288.03577797	
288.03576366	
288.03574936	
288.03573506	
288.03572076	
288.03570647	
288.03569219	
288.03567791	
288.03566364	
288.03564938	
288.03563512	
288.03562086	
288.03560661	
288.03559237	
288.03557814	
288.03556390	
288.03554968	
288.03553546	
288.03552124	
288.03550704	
288.03549283	
288.03547864	
288.03546444	
288.03545026	
288.03543608	
288.03542190	
288.03540774	
288.03539357	
288.03537941	
288.03536526	
288.03535112	
288.03533698	
288.03532284	
288.03530871	
288.03529459	
288.03528047	
288.03526636	
288.03525225	
288.03523815	
288.03522406	
288.03520997	
288.03519588	
288.03518180	
288.03516773	
288.03515366	
288.03513960	
288.03512555	
288.03511150	
288.03509745	
288.03508341	
288.03506938	
288.03505535	
288.03504133	
288.03502731	
288.03501330	
288.03499930	
288.03498530	
288.03497130	
288.03495732	
288.03494333	
288.03492935	
288.03491538	
288.03490142	
288.03488746	
288.03487350	
288.03485955	
288.03484561	
288.03483167	
288.03481774	
288.03480381	
288.03478989	
288.03477597	
288.03476206	
288.03474816	
288.03473426	
288.03472036	
288.03470648	
288.03469259	
288.03467872	
288.03466485	
288.03465098	
288.03463712	
288.03462326	
288.03460941	
288.03459557	
288.03458173	
288.03456790	
288.03455407	
288.03454025	
288.03452644	
288.03451262	
288.03449882	
288.03448502	
288.03447123	
288.03445744	
288.03444365	
288.03442988	
288.03441611	
288.03440234	
288.03438858	
288.03437482	
288.03436107	
288.03434733	
288.03433359	
288.03431986	
288.03430613	
288.03429241	
288.03427869	
288.03426498	
288.03425127	
288.03423757	
288.03422388	
288.03421019	
288.03419650	
288.03418282	
288.03416915	
288.03415548	
288.03414182	
288.03412816	
288.03411451	
288.03410087	
288.03408723	
288.03407359	
288.03405996	
288.03404634	
288.03403272	
288.03401911	
288.03400550	
288.03399190	
288.03397830	
288.03396471	
288.03395112	
288.03393754	
288.03392397	
288.03391040	
288.03389683	
288.03388327	
288.03386972	
288.03385617	
288.03384263	
288.03382909	
288.03381556	
288.03380204	
288.03378851	
288.03377500	
288.03376149	
288.03374798	
288.03373449	
288.03372099	
288.03370750	
288.03369402	
288.03368054	
288.03366707	
288.03365360	
288.03364014	
288.03362669	
288.03361324	
288.03359979	
288.03358635	
288.03357292	
288.03355949	
288.03354606	
288.03353264	
288.03351923	
288.03350582	
288.03349242	
288.03347902	
288.03346563	
288.03345225	
288.03343887	
288.03342549	
288.03341212	
288.03339876	
288.03338540	
288.03337204	
288.03335869	
288.03334535	
288.03333201	
288.03331868	
288.03330535	
288.03329203	
288.03327871	
288.03326540	
288.03325209	
288.03323879	
288.03322550	
288.03321221	
288.03319892	
288.03318564	
288.03317237	
288.03315910	
288.03314584	
288.03313258	
288.03311932	
288.03310608	
288.03309283	
288.03307960	
288.03306637	
288.03305314	
288.03303992	
288.03302670	
288.03301349	
288.03300029	
288.03298709	
288.03297389	
288.03296070	
288.03294752	
288.03293434	
288.03292116	
288.03290800	
288.03289483	
288.03288167	
288.03286852	
288.03285537	
288.03284223	
288.03282910	
288.03281596	
288.03280284	
288.03278972	
288.03277660	
288.03276349	
288.03275038	
288.03273728	
288.03272419	
288.03271110	
288.03269802	
288.03268494	
288.03267186	
288.03265879	
288.03264573	
288.03263267	
288.03261962	
288.03260657	
288.03259353	
288.03258049	
288.03256746	
288.03255443	
288.03254141	
288.03252839	
288.03251538	
288.03250238	
288.03248937	
288.03247638	
288.03246339	
288.03245040	
288.03243742	
288.03242445	
288.03241148	
288.03239851	
288.03238555	
288.03237260	
288.03235965	
288.03234671	
288.03233377	
288.03232083	
288.03230791	
288.03229498	
288.03228207	
288.03226915	
288.03225624	
288.03224334	
288.03223045	
288.03221755	
288.03220467	
288.03219178	
288.03217891	
288.03216604	
288.03215317	
288.03214031	
288.03212745	
288.03211460	
288.03210176	
288.03208891	
288.03207608	
288.03206325	
288.03205042	
288.03203760	
288.03202479	
288.03201198	
288.03199917	
288.03198637	
288.03197358	
288.03196079	
288.03194801	
288.03193523	
288.03192245	
288.03190968	
288.03189692	
288.03188416	
288.03187141	
288.03185866	
288.03184591	
288.03183318	
288.03182044	
288.03180771	
288.03179499	
288.03178227	
288.03176956	
288.03175685	
288.03174415	
288.03173145	
288.03171876	
288.03170607	
288.03169339	
288.03168071	
288.03166804	
288.03165537	
288.03164271	
288.03163005	
288.03161740	
288.03160476	
288.03159211	
288.03157948	
288.03156684	
288.03155422	
288.03154160	
288.03152898	
288.03151637	
288.03150376	
288.03149116	
288.03147856	
288.03146597	
288.03145339	
288.03144080	
288.03142823	
288.03141566	
288.03140309	
288.03139053	
288.03137797	
288.03136542	
288.03135288	
288.03134033	
288.03132780	
288.03131527	
288.03130274	
288.03129022	
288.03127770	
288.03126519	
288.03125269	
288.03124019	
288.03122769	
288.03121520	
288.03120271	
288.03119023	
288.03117776	
288.03116528	
288.03115282	
288.03114036	
288.03112790	
288.03111545	
288.03110300	
288.03109056	
288.03107813	
288.03106569	
288.03105327	
288.03104085	
288.03102843	
288.03101602	
288.03100361	
288.03099121	
288.03097882	
288.03096642	
288.03095404	
288.03094166	
288.03092928	
288.03091691	
288.03090454	
288.03089218	
288.03087982	
288.03086747	
288.03085512	
288.03084278	
288.03083044	
288.03081811	
288.03080578	
288.03079346	
288.03078114	
288.03076883	
288.03075652	
288.03074422	
288.03073192	
288.03071963	
288.03070734	
288.03069506	
288.03068278	
288.03067051	
288.03065824	
288.03064598	
288.03063372	
288.03062147	
288.03060922	
288.03059697	
288.03058473	
288.03057250	
288.03056027	
288.03054805	
288.03053583	
288.03052361	
288.03051140	
288.03049920	
288.03048700	
288.03047481	
288.03046262	
288.03045043	
288.03043825	
288.03042608	
288.03041390	
288.03040174	
288.03038958	
288.03037742	
288.03036527	
288.03035313	
288.03034098	
288.03032885	
288.03031672	
288.03030459	
288.03029247	
288.03028035	
288.03026824	
288.03025613	
288.03024403	
288.03023193	
288.03021984	
288.03020775	
288.03019567	
288.03018359	
288.03017152	
288.03015945	
288.03014738	
288.03013532	
288.03012327	
288.03011122	
288.03009918	
288.03008714	
288.03007510	
288.03006307	
288.03005105	
288.03003903	
288.03002701	
288.03001500	
288.03000299	
288.02999099	
288.02997900	
288.02996700	
288.02995502	
288.02994304	
288.02993106	
288.02991909	
288.02990712	
288.02989516	
288.02988320	
288.02987124	
288.02985930	
288.02984735	
288.02983541	
288.02982348	
288.02981155	
288.02979963	
288.02978771	
288.02977579	
288.02976388	
288.02975197	
288.02974007	
288.02972818	
288.02971629	
288.02970440	
288.02969252	
288.02968064	
288.02966877	
288.02965690	
288.02964504	
288.02963318	
288.02962133	
288.02960948	
288.02959764	
288.02958580	
288.02957396	
288.02956213	
288.02955031	
288.02953849	
288.02952667	
288.02951486	
288.02950306	
288.02949125	
288.02947946	
288.02946767	
288.02945588	
288.02944410	
288.02943232	
288.02942055	
288.02940878	
288.02939701	
288.02938526	
288.02937350	
288.02936175	
288.02935001	
288.02933827	
288.02932653	
288.02931480	
288.02930308	
288.02929135	
288.02927964	
288.02926793	
288.02925622	
288.02924452	
288.02923282	
288.02922112	
288.02920944	
288.02919775	
288.02918607	
288.02917440	
288.02916273	
288.02915106	
288.02913940	
288.02912775	
288.02911610	
288.02910445	
288.02909281	
288.02908117	
288.02906954	
288.02905791	
288.02904629	
288.02903467	
288.02902306	
288.02901145	
288.02899984	
288.02898824	
288.02897665	
288.02896506	
288.02895347	
288.02894189	
288.02893031	
288.02891874	
288.02890717	
288.02889561	
288.02888405	
288.02887250	
288.02886095	
288.02884940	
288.02883786	
288.02882633	
288.02881480	
288.02880327	
288.02879175	
288.02878023	
288.02876872	
288.02875722	
288.02874571	
288.02873421	
288.02872272	
288.02871123	
288.02869975	
288.02868827	
288.02867679	
288.02866532	
288.02865385	
288.02864239	
288.02863094	
288.02861948	
288.02860804	
288.02859659	
288.02858515	
288.02857372	
288.02856229	
288.02855087	
288.02853945	
288.02852803	
288.02851662	
288.02850521	
288.02849381	
288.02848241	
288.02847102	
288.02845963	
288.02844825	
288.02843687	
288.02842549	
288.02841412	
288.02840276	
288.02839140	
288.02838004	
288.02836869	
288.02835734	
288.02834600	
288.02833466	
288.02832332	
288.02831200	
288.02830067	
288.02828935	
288.02827803	
288.02826672	
288.02825542	
288.02824411	
288.02823282	
288.02822152	
288.02821024	
288.02819895	
288.02818767	
288.02817640	
288.02816513	
288.02815386	
288.02814260	
288.02813134	
288.02812009	
288.02810884	
288.02809760	
288.02808636	
288.02807512	
288.02806389	
288.02805267	
288.02804145	
288.02803023	
288.02801902	
288.02800781	
288.02799661	
288.02798541	
288.02797421	
288.02796302	
288.02795184	
288.02794066	
288.02792948	
288.02791831	
288.02790714	
288.02789598	
288.02788482	
288.02787367	
288.02786252	
288.02785137	
288.02784023	
288.02782910	
288.02781797	
288.02780684	
288.02779572	
288.02778460	
288.02777348	
288.02776237	
288.02775127	
288.02774017	
288.02772907	
288.02771798	
288.02770689	
288.02769581	
288.02768473	
288.02767366	
288.02766259	
288.02765152	
288.02764046	
288.02762941	
288.02761836	
288.02760731	
288.02759627	
288.02758523	
288.02757419	
288.02756316	
288.02755214	
288.02754112	
288.02753010	
288.02751909	
288.02750808	
288.02749708	
288.02748608	
288.02747508	
288.02746409	
288.02745311	
288.02744213	
288.02743115	
288.02742018	
288.02740921	
288.02739825	
288.02738729	
288.02737633	
288.02736538	
288.02735444	
288.02734349	
288.02733256	
288.02732162	
288.02731069	
288.02729977	
288.02728885	
288.02727794	
288.02726702	
288.02725612	
288.02724521	
288.02723432	
288.02722342	
288.02721253	
288.02720165	
288.02719077	
288.02717989	
288.02716902	
288.02715815	
288.02714729	
288.02713643	
288.02712558	
288.02711472	
288.02710388	
288.02709304	
288.02708220	
288.02707137	
288.02706054	
288.02704971	
288.02703889	
288.02702808	
288.02701727	
288.02700646	
288.02699566	
288.02698486	
288.02697407	
288.02696328	
288.02695249	
288.02694171	
288.02693093	
288.02692016	
288.02690939	
288.02689863	
288.02688787	
288.02687711	
288.02686636	
288.02685562	
288.02684488	
288.02683414	
288.02682340	
288.02681267	
288.02680195	
288.02679123	
288.02678051	
288.02676980	
288.02675909	
288.02674839	
288.02673769	
288.02672699	
288.02671630	
288.02670562	
288.02669493	
288.02668426	
288.02667358	
288.02666291	
288.02665225	
288.02664159	
288.02663093	
288.02662028	
288.02660963	
288.02659899	
288.02658835	
288.02657771	
288.02656708	
288.02655645	
288.02654583	
288.02653521	
288.02652460	
288.02651399	
288.02650338	
288.02649278	
288.02648218	
288.02647159	
288.02646100	
288.02645042	
288.02643984	
288.02642926	
288.02641869	
288.02640812	
288.02639756	
288.02638700	
288.02637645	
288.02636590	
288.02635535	
288.02634481	
288.02633427	
288.02632374	
288.02631321	
288.02630268	
288.02629216	
288.02628164	
288.02627113	
288.02626062	
288.02625012	
288.02623962	
288.02622912	
288.02621863	
288.02620814	
288.02619766	
288.02618718	
288.02617671	
288.02616623	
288.02615577	
288.02614531	
288.02613485	
288.02612439	
288.02611394	
288.02610350	
288.02609306	
288.02608262	
288.02607219	
288.02606176	
288.02605133	
288.02604091	
288.02603050	
288.02602008	
288.02600968	
288.02599927	
288.02598887	
288.02597848	
288.02596809	
288.02595770	
288.02594731	
288.02593694	
288.02592656	
288.02591619	
288.02590582	
288.02589546	
288.02588510	
288.02587475	
288.02586440	
288.02585405	
288.02584371	
288.02583337	
288.02582304	
288.02581271	
288.02580239	
288.02579207	
288.02578175	
288.02577144	
288.02576113	
288.02575082	
288.02574052	
288.02573023	
288.02571994	
288.02570965	
288.02569936	
288.02568908	
288.02567881	
288.02566854	
288.02565827	
288.02564801	
288.02563775	
288.02562749	
288.02561724	
288.02560699	
288.02559675	
288.02558651	
288.02557628	
288.02556605	
288.02555582	
288.02554560	
288.02553538	
288.02552517	
288.02551496	
288.02550475	
288.02549455	
288.02548435	
288.02547416	
288.02546397	
288.02545378	
288.02544360	
288.02543342	
288.02542325	
288.02541308	
288.02540291	
288.02539275	
288.02538260	
288.02537244	
288.02536229	
288.02535215	
288.02534201	
288.02533187	
288.02532174	
288.02531161	
288.02530149	
288.02529136	
288.02528125	
288.02527114	
288.02526103	
288.02525092	
288.02524082	
288.02523073	
288.02522063	
288.02521055	
288.02520046	
288.02519038	
288.02518030	
288.02517023	
288.02516016	
288.02515010	
288.02514004	
288.02512998	
288.02511993	
288.02510988	
288.02509984	
288.02508980	
288.02507976	
288.02506973	
288.02505970	
288.02504968	
288.02503966	
288.02502965	
288.02501963	
288.02500963	
288.02499962	
288.02498962	
288.02497963	
288.02496963	
288.02495965	
288.02494966	
288.02493968	
288.02492971	
288.02491973	
288.02490977	
288.02489980	
288.02488984	
288.02487989	
288.02486994	
288.02485999	
288.02485004	
288.02484010	
288.02483017	
288.02482024	
288.02481031	
288.02480038	
288.02479046	
288.02478055	
288.02477063	
288.02476073	
288.02475082	
288.02474092	
288.02473103	
288.02472113	
288.02471124	
288.02470136	
288.02469148	
288.02468160	
288.02467173	
288.02466186	
288.02465200	
288.02464214	
288.02463228	
288.02462243	
288.02461258	
288.02460273	
288.02459289	
288.02458305	
288.02457322	
288.02456339	
288.02455357	
288.02454374	
288.02453393	
288.02452411	
288.02451430	
288.02450450	
288.02449470	
288.02448490	
288.02447510	
288.02446531	
288.02445553	
288.02444575	
288.02443597	
288.02442619	
288.02441642	
288.02440666	
288.02439689	
288.02438713	
288.02437738	
288.02436763	
288.02435788	
288.02434814	
288.02433840	
288.02432866	
288.02431893	
288.02430921	
288.02429948	
288.02428976	
288.02428005	
288.02427033	
288.02426063	
288.02425092	
288.02424122	
288.02423152	
288.02422183	
288.02421214	
288.02420246	
288.02419278	
288.02418310	
288.02417343	
288.02416376	
288.02415409	
288.02414443	
288.02413477	
288.02412512	
288.02411547	
288.02410582	
288.02409618	
288.02408654	
288.02407691	
288.02406728	
288.02405765	
288.02404803	
288.02403841	
288.02402879	
288.02401918	
288.02400957	
288.02399997	
288.02399037	
288.02398077	
288.02397118	
288.02396159	
288.02395201	
288.02394243	
288.02393285	
288.02392328	
288.02391371	
288.02390414	
288.02389458	
288.02388502	
288.02387547	
288.02386592	
288.02385637	
288.02384683	
288.02383729	
288.02382776	
288.02381822	
288.02380870	
288.02379917	
288.02378965	
288.02378014	
288.02377063	
288.02376112	
288.02375161	
288.02374211	
288.02373262	
288.02372312	
288.02371363	
288.02370415	
288.02369467	
288.02368519	
288.02367571	
288.02366624	
288.02365678	
288.02364731	
288.02363786	
288.02362840	
288.02361895	
288.02360950	
288.02360006	
288.02359062	
288.02358118	
288.02357175	
288.02356232	
288.02355290	
288.02354347	
288.02353406	
288.02352464	
288.02351523	
288.02350583	
288.02349643	
288.02348703	
288.02347763	
288.02346824	
288.02345885	
288.02344947	
288.02344009	
288.02343071	
288.02342134	
288.02341197	
288.02340261	
288.02339325	
288.02338389	
288.02337454	
288.02336519	
288.02335584	
288.02334650	
288.02333716	
288.02332782	
288.02331849	
288.02330917	
288.02329984	
288.02329052	
288.02328121	
288.02327189	
288.02326259	
288.02325328	
288.02324398	
288.02323468	
288.02322539	
288.02321610	
288.02320681	
288.02319753	
288.02318825	
288.02317897	
288.02316970	
288.02316043	
288.02315117	
288.02314191	
288.02313265	
288.02312340	
288.02311415	
288.02310490	
288.02309566	
288.02308642	
288.02307719	
288.02306796	
288.02305873	
288.02304951	
288.02304029	
288.02303107	
288.02302186	
288.02301265	
288.02300345	
288.02299425	
288.02298505	
288.02297585	
288.02296666	
288.02295748	
288.02294829	
288.02293911	
288.02292994	
288.02292077	
288.02291160	
288.02290243	
288.02289327	
288.02288412	
288.02287496	
288.02286581	
288.02285667	
288.02284752	
288.02283838	
288.02282925	
288.02282012	
288.02281099	
288.02280186	
288.02279274	
288.02278363	
288.02277451	
288.02276540	
288.02275630	
288.02274719	
288.02273810	
288.02272900	
288.02271991	
288.02271082	
288.02270174	
288.02269266	
288.02268358	
288.02267451	
288.02266544	
288.02265637	
288.02264731	
288.02263825	
288.02262919	
288.02262014	
288.02261109	
288.02260205	
288.02259301	
288.02258397	
288.02257494	
288.02256591	
288.02255688	
288.02254786	
288.02253884	
288.02252982	
288.02252081	
288.02251180	
288.02250280	
288.02249380	
288.02248480	
288.02247581	
288.02246681	
288.02245783	
288.02244885	
288.02243987	
288.02243089	
288.02242192	
288.02241295	
288.02240398	
288.02239502	
288.02238606	
288.02237711	
288.02236816	
288.02235921	
288.02235027	
288.02234133	
288.02233239	
288.02232346	
288.02231453	
288.02230560	
288.02229668	
288.02228776	
288.02227885	
288.02226994	
288.02226103	
288.02225212	
288.02224322	
288.02223432	
288.02222543	
288.02221654	
288.02220765	
288.02219877	
288.02218989	
288.02218102	
288.02217214	
288.02216327	
288.02215441	
288.02214555	
288.02213669	
288.02212783	
288.02211898	
288.02211014	
288.02210129	
288.02209245	
288.02208361	
288.02207478	
288.02206595	
288.02205712	
288.02204830	
288.02203948	
288.02203067	
288.02202185	
288.02201305	
288.02200424	
288.02199544	
288.02198664	
288.02197785	
288.02196905	
288.02196027	
288.02195148	
288.02194270	
288.02193393	
288.02192515	
288.02191638	
288.02190761	
288.02189885	
288.02189009	
288.02188134	
288.02187258	
288.02186383	
288.02185509	
288.02184635	
288.02183761	
288.02182887	
288.02182014	
288.02181141	
288.02180269	
288.02179397	
288.02178525	
288.02177654	
288.02176783	
288.02175912	
288.02175042	
288.02174171	
288.02173302	
288.02172433	
288.02171564	
288.02170695	
288.02169827	
288.02168959	
288.02168091	
288.02167224	
288.02166357	
288.02165490	
288.02164624	
288.02163758	
288.02162893	
288.02162028	
288.02161163	
288.02160298	
288.02159434	
288.02158571	
288.02157707	
288.02156844	
288.02155981	
288.02155119	
288.02154257	
288.02153395	
288.02152534	
288.02151673	
288.02150812	
288.02149952	
288.02149092	
288.02148232	
288.02147373	
288.02146514	
288.02145655	
288.02144797	
288.02143939	
288.02143082	
288.02142224	
288.02141367	
288.02140511	
288.02139655	
288.02138799	
288.02137943	
288.02137088	
288.02136233	
288.02135379	
288.02134525	
288.02133671	
288.02132817	
288.02131964	
288.02131111	
288.02130259	
288.02129407	
288.02128555	
288.02127704	
288.02126853	
288.02126002	
288.02125152	
288.02124301	
288.02123452	
288.02122602	
288.02121753	
288.02120905	
288.02120056	
288.02119208	
288.02118361	
288.02117513	
288.02116666	
288.02115820	
288.02114973	
288.02114127	
288.02113282	
288.02112436	
288.02111591	
288.02110747	
288.02109902	
288.02109058	
288.02108215	
288.02107371	
288.02106529	
288.02105686	
288.02104844	
288.02104002	
288.02103160	
288.02102319	
288.02101478	
288.02100637	
288.02099797	
288.02098957	
288.02098118	
288.02097278	
288.02096439	
288.02095601	
288.02094763	
288.02093925	
288.02093087	
288.02092250	
288.02091413	
288.02090576	
288.02089740	
288.02088904	
288.02088069	
288.02087234	
288.02086399	
288.02085564	
288.02084730	
288.02083896	
288.02083062	
288.02082229	
288.02081396	
288.02080564	
288.02079731	
288.02078900	
288.02078068	
288.02077237	
288.02076406	
288.02075575	
288.02074745	
288.02073915	
288.02073086	
288.02072256	
288.02071428	
288.02070599	
288.02069771	
288.02068943	
288.02068115	
288.02067288	
288.02066461	
288.02065634	
288.02064808	
288.02063982	
288.02063157	
288.02062331	
288.02061507	
288.02060682	
288.02059858	
288.02059034	
288.02058210	
288.02057387	
288.02056564	
288.02055741	
288.02054919	
288.02054097	
288.02053275	
288.02052454	
288.02051633	
288.02050812	
288.02049992	
288.02049172	
288.02048352	
288.02047533	
288.02046714	
288.02045895	
288.02045077	
288.02044259	
288.02043441	
288.02042624	
288.02041807	
288.02040990	
288.02040174	
288.02039358	
288.02038542	
288.02037726	
288.02036911	
288.02036097	
288.02035282	
288.02034468	
288.02033654	
288.02032841	
288.02032028	
288.02031215	
288.02030402	
288.02029590	
288.02028778	
288.02027967	
288.02027156	
288.02026345	
288.02025534	
288.02024724	
288.02023914	
288.02023105	
288.02022295	
288.02021486	
288.02020678	
288.02019870	
288.02019062	
288.02018254	
288.02017447	
288.02016640	
288.02015833	
288.02015027	
288.02014221	
288.02013415	
288.02012610	
288.02011805	
288.02011000	
288.02010196	
288.02009391	
288.02008588	
288.02007784	
288.02006981	
288.02006178	
288.02005376	
288.02004574	
288.02003772	
288.02002970	
288.02002169	
288.02001368	
288.02000568	
288.01999768	
288.01998968	
288.01998168	
288.01997369	
288.01996570	
288.01995771	
288.01994973	
288.01994175	
288.01993377	
288.01992580	
288.01991783	
288.01990986	
288.01990190	
288.01989394	
288.01988598	
288.01987802	
288.01987007	
288.01986213	
288.01985418	
288.01984624	
288.01983830	
288.01983037	
288.01982243	
288.01981450	
288.01980658	
288.01979866	
288.01979074	
288.01978282	
288.01977491	
288.01976700	
288.01975909	
288.01975119	
288.01974329	
288.01973539	
288.01972749	
288.01971960	
288.01971172	
288.01970383	
288.01969595	
288.01968807	
288.01968020	
288.01967232	
288.01966445	
288.01965659	
288.01964873	
288.01964087	
288.01963301	
288.01962516	
288.01961731	
288.01960946	
288.01960162	
288.01959378	
288.01958594	
288.01957810	
288.01957027	
288.01956244	
288.01955462	
288.01954680	
288.01953898	
288.01953116	
288.01952335	
288.01951554	
288.01950774	
288.01949993	
288.01949213	
288.01948434	
288.01947654	
288.01946875	
288.01946096	
288.01945318	
288.01944540	
288.01943762	
288.01942984	
288.01942207	
288.01941430	
288.01940654	
288.01939878	
288.01939102	
288.01938326	
288.01937551	
288.01936776	
288.01936001	
288.01935227	
288.01934452	
288.01933679	
288.01932905	
288.01932132	
288.01931359	
288.01930587	
288.01929814	
288.01929042	
288.01928271	
288.01927500	
288.01926729	
288.01925958	
288.01925187	
288.01924417	
288.01923648	
288.01922878	
288.01922109	
288.01921340	
288.01920572	
288.01919803	
288.01919035	
288.01918268	
288.01917501	
288.01916734	
288.01915967	
288.01915200	
288.01914434	
288.01913669	
288.01912903	
288.01912138	
288.01911373	
288.01910609	
288.01909844	
288.01909080	
288.01908317	
288.01907553	
288.01906790	
288.01906028	
288.01905265	
288.01904503	
288.01903741	
288.01902980	
288.01902219	
288.01901458	
288.01900697	
288.01899937	
288.01899177	
288.01898417	
288.01897658	
288.01896899	
288.01896140	
288.01895382	
288.01894624	
288.01893866	
288.01893108	
288.01892351	
288.01891594	
288.01890837	
288.01890081	
288.01889325	
288.01888569	
288.01887814	
288.01887059	
288.01886304	
288.01885549	
288.01884795	
288.01884041	
288.01883288	
288.01882534	
288.01881781	
288.01881029	
288.01880276	
288.01879524	
288.01878772	
288.01878021	
288.01877269	
288.01876519	
288.01875768	
288.01875018	
288.01874268	
288.01873518	
288.01872769	
288.01872019	
288.01871271	
288.01870522	
288.01869774	
288.01869026	
288.01868278	
288.01867531	
288.01866784	
288.01866037	
288.01865291	
288.01864545	
288.01863799	
288.01863053	
288.01862308	
288.01861563	
288.01860819	
288.01860074	
288.01859330	
288.01858587	
288.01857843	
288.01857100	
288.01856357	
288.01855615	
288.01854872	
288.01854130	
288.01853389	
288.01852647	
288.01851906	
288.01851166	
288.01850425	
288.01849685	
288.01848945	
288.01848206	
288.01847466	
288.01846727	
288.01845989	
288.01845250	
288.01844512	
288.01843774	
288.01843037	
288.01842300	
288.01841563	
288.01840826	
288.01840090	
288.01839354	
288.01838618	
288.01837882	
288.01837147	
288.01836412	
288.01835678	
288.01834944	
288.01834210	
288.01833476	
288.01832743	
288.01832009	
288.01831277	
288.01830544	
288.01829812	
288.01829080	
288.01828348	
288.01827617	
288.01826886	
288.01826155	
288.01825425	
288.01824695	
288.01823965	
288.01823235	
288.01822506	
288.01821777	
288.01821048	
288.01820320	
288.01819592	
288.01818864	
288.01818136	
288.01817409	
288.01816682	
288.01815955	
288.01815229	
288.01814503	
288.01813777	
288.01813052	
288.01812326	
288.01811601	
288.01810877	
288.01810152	
288.01809428	
288.01808705	
288.01807981	
288.01807258	
288.01806535	
288.01805812	
288.01805090	
288.01804368	
288.01803646	
288.01802925	
288.01802204	
288.01801483	
288.01800762	
288.01800042	
288.01799322	
288.01798602	
288.01797883	
288.01797163	
288.01796445	
288.01795726	
288.01795008	
288.01794290	
288.01793572	
288.01792855	
288.01792137	
288.01791421	
288.01790704	
288.01789988	
288.01789272	
288.01788556	
288.01787841	
288.01787125	
288.01786411	
288.01785696	
288.01784982	
288.01784268	
288.01783554	
288.01782841	
288.01782128	
288.01781415	
288.01780702	
288.01779990	
288.01779278	
288.01778566	
288.01777855	
288.01777144	
288.01776433	
288.01775722	
288.01775012	
288.01774302	
288.01773592	
288.01772883	
288.01772174	
288.01771465	
288.01770756	
288.01770048	
288.01769340	
288.01768632	
288.01767925	
288.01767217	
288.01766511	
288.01765804	
288.01765098	
288.01764392	
288.01763686	
288.01762980	
288.01762275	
288.01761570	
288.01760866	
288.01760161	
288.01759457	
288.01758753	
288.01758050	
288.01757347	
288.01756644	
288.01755941	
288.01755239	
288.01754537	
288.01753835	
288.01753133	
288.01752432	
288.01751731	
288.01751030	
288.01750330	
288.01749630	
288.01748930	
288.01748230	
288.01747531	
288.01746832	
288.01746133	
288.01745435	
288.01744737	
288.01744039	
288.01743341	
288.01742644	
288.01741947	
288.01741250	
288.01740554	
288.01739857	
288.01739161	
288.01738466	
288.01737770	
288.01737075	
288.01736380	
288.01735686	
288.01734992	
288.01734298	
288.01733604	
288.01732910	
288.01732217	
288.01731524	
288.01730832	
288.01730139	
288.01729447	
288.01728756	
288.01728064	
288.01727373	
288.01726682	
288.01725991	
288.01725301	
288.01724611	
288.01723921	
288.01723231	
288.01722542	
288.01721853	
288.01721164	
288.01720476	
288.01719788	
288.01719100	
288.01718412	
288.01717725	
288.01717038	
288.01716351	
288.01715664	
288.01714978	
288.01714292	
288.01713606	
288.01712921	
288.01712236	
288.01711551	
288.01710866	
288.01710182	
288.01709498	
288.01708814	
288.01708130	
288.01707447	
288.01706764	
288.01706081	
288.01705399	
288.01704717	
288.01704035	
288.01703353	
288.01702672	
288.01701991	
288.01701310	
288.01700630	
288.01699949	
288.01699269	
288.01698590	
288.01697910	
288.01697231	
288.01696552	
288.01695874	
288.01695195	
288.01694517	
288.01693839	
288.01693162	
288.01692485	
288.01691808	
288.01691131	
288.01690454	
288.01689778	
288.01689102	
288.01688427	
288.01687751	
288.01687076	
288.01686401	
288.01685727	
288.01685052	
288.01684378	
288.01683705	
288.01683031	
288.01682358	
288.01681685	
288.01681012	
288.01680340	
288.01679668	
288.01678996	
288.01678324	
288.01677653	
288.01676982	
288.01676311	
288.01675641	
288.01674970	
288.01674300	
288.01673631	
288.01672961	
288.01672292	
288.01671623	
288.01670954	
288.01670286	
288.01669618	
288.01668950	
288.01668283	
288.01667615	
288.01666948	
288.01666281	
288.01665615	
288.01664949	
288.01664283	
288.01663617	
288.01662952	
288.01662286	
288.01661621	
288.01660957	
288.01660292	
288.01659628	
288.01658964	
288.01658301	
288.01657638	
288.01656974	
288.01656312	
288.01655649	
288.01654987	
288.01654325	
288.01653663	
288.01653002	
288.01652341	
288.01651680	
288.01651019	
288.01650359	
288.01649698	
288.01649038	
288.01648379	
288.01647720	
288.01647060	
288.01646402	
288.01645743	
288.01645085	
288.01644427	
288.01643769	
288.01643111	
288.01642454	
288.01641797	
288.01641140	
288.01640484	
288.01639828	
288.01639172	
288.01638516	
288.01637861	
288.01637206	
288.01636551	
288.01635896	
288.01635242	
288.01634588	
288.01633934	
288.01633280	
288.01632627	
288.01631974	
288.01631321	
288.01630669	
288.01630016	
288.01629364	
288.01628713	
288.01628061	
288.01627410	
288.01626759	
288.01626108	
288.01625458	
288.01624808	
288.01624158	
288.01623508	
288.01622859	
288.01622209	
288.01621561	
288.01620912	
288.01620264	
288.01619616	
288.01618968	
288.01618320	
288.01617673	
288.01617026	
288.01616379	
288.01615732	
288.01615086	
288.01614440	
288.01613794	
288.01613149	
288.01612503	
288.01611858	
288.01611214	
288.01610569	
288.01609925	
288.01609281	
288.01608637	
288.01607994	
288.01607351	
288.01606708	
288.01606065	
288.01605423	
288.01604780	
288.01604139	
288.01603497	
288.01602855	
288.01602214	
288.01601573	
288.01600933	
288.01600292	
288.01599652	
288.01599012	
288.01598373	
288.01597733	
288.01597094	
288.01596456	
288.01595817	
288.01595179	
288.01594541	
288.01593903	
288.01593265	
288.01592628	
288.01591991	
288.01591354	
288.01590718	
288.01590081	
288.01589445	
288.01588809	
288.01588174	
288.01587539	
288.01586904	
288.01586269	
288.01585634	
288.01585000	
288.01584366	
288.01583732	
288.01583099	
288.01582466	
288.01581833	
288.01581200	
288.01580567	
288.01579935	
288.01579303	
288.01578671	
288.01578040	
288.01577409	
288.01576778	
288.01576147	
288.01575517	
288.01574886	
288.01574256	
288.01573627	
288.01572997	
288.01572368	
288.01571739	
288.01571111	
288.01570482	
288.01569854	
288.01569226	
288.01568598	
288.01567971	
288.01567344	
288.01566717	
288.01566090	
288.01565464	
288.01564837	
288.01564211	
288.01563586	
288.01562960	
288.01562335	
288.01561710	
288.01561086	
288.01560461	
288.01559837	
288.01559213	
288.01558589	
288.01557966	
288.01557343	
288.01556720	
288.01556097	
288.01555475	
288.01554852	
288.01554230	
288.01553609	
288.01552987	
288.01552366	
288.01551745	
288.01551124	
288.01550504	
288.01549884	
288.01549264	
288.01548644	
288.01548025	
288.01547405	
288.01546787	
288.01546168	
288.01545549	
288.01544931	
288.01544313	
288.01543695	
288.01543078	
288.01542461	
288.01541844	
288.01541227	
288.01540611	
288.01539994	
288.01539378	
288.01538763	
288.01538147	
288.01537532	
288.01536917	
288.01536302	
288.01535687	
288.01535073	
288.01534459	
288.01533845	
288.01533232	
288.01532619	
288.01532005	
288.01531393	
288.01530780	
288.01530168	
288.01529556	
288.01528944	
288.01528332	
288.01527721	
288.01527110	
288.01526499	
288.01525888	
288.01525278	
288.01524668	
288.01524058	
288.01523449	
288.01522839	
288.01522230	
288.01521621	
288.01521012	
288.01520404	
288.01519796	
288.01519188	
288.01518580	
288.01517973	
288.01517366	
288.01516759	
288.01516152	
288.01515546	
288.01514939	
288.01514333	
288.01513728	
288.01513122	
288.01512517	
288.01511912	
288.01511307	
288.01510703	
288.01510098	
288.01509494	
288.01508891	
288.01508287	
288.01507684	
288.01507081	
288.01506478	
288.01505875	
288.01505273	
288.01504671	
288.01504069	
288.01503467	
288.01502866	
288.01502265	
288.01501664	
288.01501063	
288.01500463	
288.01499862	
288.01499263	
288.01498663	
288.01498063	
288.01497464	
288.01496865	
288.01496266	
288.01495668	
288.01495070	
288.01494472	
288.01493874	
288.01493276	
288.01492679	
288.01492082	
288.01491485	
288.01490888	
288.01490292	
288.01489696	
288.01489100	
288.01488504	
288.01487909	
288.01487314	
288.01486719	
288.01486124	
288.01485530	
288.01484936	
288.01484342	
288.01483748	
288.01483154	
288.01482561	
288.01481968	
288.01481375	
288.01480783	
288.01480190	
288.01479598	
288.01479007	
288.01478415	
288.01477824	
288.01477232	
288.01476642	
288.01476051	
288.01475460	
288.01474870	
288.01474280	
288.01473691	
288.01473101	
288.01472512	
288.01471923	
288.01471334	
288.01470746	
288.01470157	
288.01469569	
288.01468981	
288.01468394	
288.01467806	
288.01467219	
288.01466632	
288.01466046	
288.01465459	
288.01464873	
288.01464287	
288.01463702	
288.01463116	
288.01462531	
288.01461946	
288.01461361	
288.01460776	
288.01460192	
288.01459608	
288.01459024	
288.01458441	
288.01457857	
288.01457274	
288.01456691	
288.01456109	
288.01455526	
288.01454944	
288.01454362	
288.01453780	
288.01453199	
288.01452617	
288.01452036	
288.01451456	
288.01450875	
288.01450295	
288.01449714	
288.01449135	
288.01448555	
288.01447975	
288.01447396	
288.01446817	
288.01446239	
288.01445660	
288.01445082	
288.01444504	
288.01443926	
288.01443348	
288.01442771	
288.01442194	
288.01441617	
288.01441040	
288.01440464	
288.01439888	
288.01439312	
288.01438736	
288.01438161	
288.01437585	
288.01437010	
288.01436436	
288.01435861	
288.01435287	
288.01434713	
288.01434139	
288.01433565	
288.01432992	
288.01432418	
288.01431845	
288.01431273	
288.01430700	
288.01430128	
288.01429556	
288.01428984	
288.01428412	
288.01427841	
288.01427270	
288.01426699	
288.01426128	
288.01425558	
288.01424988	
288.01424418	
288.01423848	
288.01423278	
288.01422709	
288.01422140	
288.01421571	
288.01421003	
288.01420434	
288.01419866	
288.01419298	
288.01418730	
288.01418163	
288.01417596	
288.01417028	
288.01416462	
288.01415895	
288.01415329	
288.01414763	
288.01414197	
288.01413631	
288.01413066	
288.01412500	
288.01411935	
288.01411371	
288.01410806	
288.01410242	
288.01409678	
288.01409114	
288.01408550	
288.01407987	
288.01407423	
288.01406860	
288.01406298	
288.01405735	
288.01405173	
288.01404611	
288.01404049	
288.01403487	
288.01402926	
288.01402365	
288.01401804	
288.01401243	
288.01400683	
288.01400122	
288.01399562	
288.01399003	
288.01398443	
288.01397884	
288.01397324	
288.01396765	
288.01396207	
288.01395648	
288.01395090	
288.01394532	
288.01393974	
288.01393417	
288.01392859	
288.01392302	
288.01391745	
288.01391188	
288.01390632	
288.01390076	
288.01389520	
288.01388964	
288.01388408	
288.01387853	
288.01387298	
288.01386743	
288.01386188	
288.01385634	
288.01385079	
288.01384525	
288.01383972	
288.01383418	
288.01382865	
288.01382311	
288.01381759	
288.01381206	
288.01380653	
288.01380101	
288.01379549	
288.01378997	
288.01378446	
288.01377894	
288.01377343	
288.01376792	
288.01376241	
288.01375691	
288.01375141	
288.01374591	
288.01374041	
288.01373491	
288.01372942	
288.01372393	
288.01371844	
288.01371295	
288.01370746	
288.01370198	
288.01369650	
288.01369102	
288.01368555	
288.01368007	
288.01367460	
288.01366913	
288.01366366	
288.01365820	
288.01365273	
288.01364727	
288.01364181	
288.01363636	
288.01363090	
288.01362545	
288.01362000	
288.01361455	
288.01360911	
288.01360366	
288.01359822	
288.01359278	
288.01358734	
288.01358191	
288.01357648	
288.01357105	
288.01356562	
288.01356019	
288.01355477	
288.01354934	
288.01354392	
288.01353851	
288.01353309	
288.01352768	
288.01352227	
288.01351686	
288.01351145	
288.01350605	
288.01350064	
288.01349524	
288.01348985	
288.01348445	
288.01347906	
288.01347367	
288.01346828	
288.01346289	
288.01345750	
288.01345212	
288.01344674	
288.01344136	
288.01343598	
288.01343061	
288.01342524	
288.01341987	
288.01341450	
288.01340913	
288.01340377	
288.01339841	
288.01339305	
288.01338769	
288.01338234	
288.01337698	
288.01337163	
288.01336628	
288.01336094	
288.01335559	
288.01335025	
288.01334491	
288.01333957	
288.01333424	
288.01332890	
288.01332357	
288.01331824	
288.01331292	
288.01330759	
288.01330227	
288.01329695	
288.01329163	
288.01328631	
288.01328100	
288.01327568	
288.01327037	
288.01326507	
288.01325976	
288.01325446	
288.01324915	
288.01324385	
288.01323856	
288.01323326	
288.01322797	
288.01322268	
288.01321739	
288.01321210	
288.01320682	
288.01320153	
288.01319625	
288.01319097	
288.01318570	
288.01318042	
288.01317515	
288.01316988	
288.01316461	
288.01315935	
288.01315408	
288.01314882	
288.01314356	
288.01313831	
288.01313305	
288.01312780	
288.01312255	
288.01311730	
288.01311205	
288.01310680	
288.01310156	
288.01309632	
288.01309108	
288.01308585	
288.01308061	
288.01307538	
288.01307015	
288.01306492	
288.01305970	
288.01305447	
288.01304925	
288.01304403	
288.01303881	
288.01303360	
288.01302838	
288.01302317	
288.01301796	
288.01301276	
288.01300755	
288.01300235	
288.01299715	
288.01299195	
288.01298675	
288.01298156	
288.01297636	
288.01297117	
288.01296598	
288.01296080	
288.01295561	
288.01295043	
288.01294525	
288.01294007	
288.01293490	
288.01292972	
288.01292455	
288.01291938	
288.01291421	
288.01290905	
288.01290388	
288.01289872	
288.01289356	
288.01288841	
288.01288325	
288.01287810	
288.01287295	
288.01286780	
288.01286265	
288.01285751	
288.01285236	
288.01284722	
288.01284208	
288.01283695	
288.01283181	
288.01282668	
288.01282155	
288.01281642	
288.01281129	
288.01280617	
288.01280105	
288.01279592	
288.01279081	
288.01278569	
288.01278058	
288.01277546	
288.01277035	
288.01276525	
288.01276014	
288.01275504	
288.01274993	
288.01274483	
288.01273974	
288.01273464	
288.01272955	
288.01272445	
288.01271936	
288.01271428	
288.01270919	
288.01270411	
288.01269902	
288.01269395	
288.01268887	
288.01268379	
288.01267872	
288.01267365	
288.01266858	
288.01266351	
288.01265844	
288.01265338	
288.01264832	
288.01264326	
288.01263820	
288.01263315	
288.01262810	
288.01262304	
288.01261799	
288.01261295	
288.01260790	
288.01260286	
288.01259782	
288.01259278	
288.01258774	
288.01258271	
288.01257767	
288.01257264	
288.01256761	
288.01256259	
288.01255756	
288.01255254	
288.01254752	
288.01254250	
288.01253748	
288.01253247	
288.01252745	
288.01252244	
288.01251743	
288.01251243	
288.01250742	
288.01250242	
288.01249742	
288.01249242	
288.01248742	
288.01248243	
288.01247743	
288.01247244	
288.01246745	
288.01246247	
288.01245748	
288.01245250	
288.01244752	
288.01244254	
288.01243756	
288.01243259	
288.01242761	
288.01242264	
288.01241767	
288.01241271	
288.01240774	
288.01240278	
288.01239782	
288.01239286	
288.01238790	
288.01238295	
288.01237799	
288.01237304	
288.01236809	
288.01236314	
288.01235820	
288.01235326	
288.01234831	
288.01234338	
288.01233844	
288.01233350	
288.01232857	
288.01232364	
288.01231871	
288.01231378	
288.01230886	
288.01230393	
288.01229901	
288.01229409	
288.01228917	
288.01228426	
288.01227934	
288.01227443	
288.01226952	
288.01226461	
288.01225971	
288.01225480	
288.01224990	
288.01224500	
288.01224010	
288.01223521	
288.01223031	
288.01222542	
288.01222053	
288.01221564	
288.01221076	
288.01220587	
288.01220099	
288.01219611	
288.01219123	
288.01218636	
288.01218148	
288.01217661	
288.01217174	
288.01216687	
288.01216200	
288.01215714	
288.01215228	
288.01214741	
288.01214256	
288.01213770	
288.01213284	
288.01212799	
288.01212314	
288.01211829	
288.01211344	
288.01210860	
288.01210375	
288.01209891	
288.01209407	
288.01208923	
288.01208440	
288.01207957	
288.01207473	
288.01206990	
288.01206508	
288.01206025	
288.01205543	
288.01205060	
288.01204578	
288.01204096	
288.01203615	
288.01203133	
288.01202652	
288.01202171	
288.01201690	
288.01201210	
288.01200729	
288.01200249	
288.01199769	
288.01199289	
288.01198809	
288.01198330	
288.01197850	
288.01197371	
288.01196892	
288.01196413	
288.01195935	
288.01195456	
288.01194978	
288.01194500	
288.01194022	
288.01193545	
288.01193067	
288.01192590	
288.01192113	
288.01191636	
288.01191160	
288.01190683	
288.01190207	
288.01189731	
288.01189255	
288.01188779	
288.01188304	
288.01187828	
288.01187353	
288.01186878	
288.01186404	
288.01185929	
288.01185455	
288.01184980	
288.01184506	
288.01184033	
288.01183559	
288.01183086	
288.01182612	
288.01182139	
288.01181666	
288.01181194	
288.01180721	
288.01180249	
288.01179777	
288.01179305	
288.01178833	
288.01178362	
288.01177890	
288.01177419	
288.01176948	
288.01176478	
288.01176007	
288.01175537	
288.01175066	
288.01174596	
288.01174126	
288.01173657	
288.01173187	
288.01172718	
288.01172249	
288.01171780	
288.01171311	
288.01170843	
288.01170375	
288.01169906	
288.01169438	
288.01168971	
288.01168503	
288.01168036	
288.01167568	
288.01167101	
288.01166635	
288.01166168	
288.01165701	
288.01165235	
288.01164769	
288.01164303	
288.01163837	
288.01163372	
288.01162907	
288.01162441	
288.01161976	
288.01161512	
288.01161047	
288.01160583	
288.01160118	
288.01159654	
288.01159190	
288.01158727	
288.01158263	
288.01157800	
288.01157337	
288.01156874	
288.01156411	
288.01155949	
288.01155486	
288.01155024	
288.01154562	
288.01154100	
288.01153639	
288.01153177	
288.01152716	
288.01152255	
288.01151794	
288.01151333	
288.01150873	
288.01150412	
288.01149952	
288.01149492	
288.01149032	
288.01148573	
288.01148113	
288.01147654	
288.01147195	
288.01146736	
288.01146277	
288.01145819	
288.01145361	
288.01144902	
288.01144444	
288.01143987	
288.01143529	
288.01143072	
288.01142614	
288.01142157	
288.01141701	
288.01141244	
288.01140787	
288.01140331	
288.01139875	
288.01139419	
288.01138963	
288.01138508	
288.01138052	
288.01137597	
288.01137142	
288.01136687	
288.01136232	
288.01135778	
288.01135324	
288.01134869	
288.01134416	
288.01133962	
288.01133508	
288.01133055	
288.01132602	
288.01132149	
288.01131696	
288.01131243	
288.01130790	
288.01130338	
288.01129886	
288.01129434	
288.01128982	
288.01128531	
288.01128079	
288.01127628	
288.01127177	
288.01126726	
288.01126275	
288.01125825	
288.01125375	
288.01124924	
288.01124474	
288.01124025	
288.01123575	
288.01123126	
288.01122676	
288.01122227	
288.01121778	
288.01121330	
288.01120881	
288.01120433	
288.01119985	
288.01119537	
288.01119089	
288.01118641	
288.01118194	
288.01117746	
288.01117299	
288.01116852	
288.01116406	
288.01115959	
288.01115513	
288.01115067	
288.01114621	
288.01114175	
288.01113729	
288.01113284	
288.01112838	
288.01112393	
288.01111948	
288.01111503	
288.01111059	
288.01110614	
288.01110170	
288.01109726	
288.01109282	
288.01108838	
288.01108395	
288.01107952	
288.01107508	
288.01107065	
288.01106623	
288.01106180	
288.01105737	
288.01105295	
288.01104853	
288.01104411	
288.01103969	
288.01103528	
288.01103086	
288.01102645	
288.01102204	
288.01101763	
288.01101322	
288.01100882	
288.01100442	
288.01100001	
288.01099561	
288.01099122	
288.01098682	
288.01098242	
288.01097803	
288.01097364	
288.01096925	
288.01096486	
288.01096048	
288.01095609	
288.01095171	
288.01094733	
288.01094295	
288.01093857	
288.01093420	
288.01092982	
288.01092545	
288.01092108	
288.01091671	
288.01091235	
288.01090798	
288.01090362	
288.01089926	
288.01089490	
288.01089054	
288.01088618	
288.01088183	
288.01087748	
288.01087313	
288.01086878	
288.01086443	
288.01086008	
288.01085574	
288.01085140	
288.01084706	
288.01084272	
288.01083838	
288.01083404	
288.01082971	
288.01082538	
288.01082105	
288.01081672	
288.01081239	
288.01080807	
288.01080375	
288.01079942	
288.01079510	
288.01079079	
288.01078647	
288.01078216	
288.01077784	
288.01077353	
288.01076922	
288.01076491	
288.01076061	
288.01075630	
288.01075200	
288.01074770	
288.01074340	
288.01073910	
288.01073481	
288.01073051	
288.01072622	
288.01072193	
288.01071764	
288.01071336	
288.01070907	
288.01070479	
288.01070051	
288.01069623	
288.01069195	
288.01068767	
288.01068339	
288.01067912	
288.01067485	
288.01067058	
288.01066631	
288.01066205	
288.01065778	
288.01065352	
288.01064926	
288.01064500	
288.01064074	
288.01063648	
288.01063223	
288.01062797	
288.01062372	
288.01061947	
288.01061523	
288.01061098	
288.01060674	
288.01060249	
288.01059825	
288.01059401	
288.01058977	
288.01058554	
288.01058130	
288.01057707	
288.01057284	
288.01056861	
288.01056438	
288.01056016	
288.01055593	
288.01055171	
288.01054749	
288.01054327	
288.01053906	
288.01053484	
288.01053063	
288.01052641	
288.01052220	
288.01051799	
288.01051379	
288.01050958	
288.01050538	
288.01050118	
288.01049698	
288.01049278	
288.01048858	
288.01048438	
288.01048019	
288.01047600	
288.01047181	
288.01046762	
288.01046343	
288.01045925	
288.01045506	
288.01045088	
288.01044670	
288.01044252	
288.01043834	
288.01043417	
288.01043000	
288.01042582	
288.01042165	
288.01041748	
288.01041332	
288.01040915	
288.01040499	
288.01040083	
288.01039667	
288.01039251	
288.01038835	
288.01038420	
288.01038004	
288.01037589	
288.01037174	
288.01036759	
288.01036344	
288.01035930	
288.01035515	
288.01035101	
288.01034687	
288.01034273	
288.01033860	
288.01033446	
288.01033033	
288.01032619	
288.01032206	
288.01031794	
288.01031381	
288.01030968	
288.01030556	
288.01030144	
288.01029732	
288.01029320	
288.01028908	
288.01028496	
288.01028085	
288.01027674	
288.01027263	
288.01026852	
288.01026441	
288.01026030	
288.01025620	
288.01025210	
288.01024800	
288.01024390	
288.01023980	
288.01023570	
288.01023161	
288.01022752	
288.01022343	
288.01021934	
288.01021525	
288.01021116	
288.01020708	
288.01020300	
288.01019892	
288.01019484	
288.01019076	
288.01018668	
288.01018261	
288.01017853	
288.01017446	
288.01017039	
288.01016632	
288.01016226	
288.01015819	
288.01015413	
288.01015007	
288.01014601	
288.01014195	
288.01013789	
288.01013384	
288.01012978	
288.01012573	
288.01012168	
288.01011763	
288.01011359	
288.01010954	
288.01010550	
288.01010145	
288.01009741	
288.01009338	
288.01008934	
288.01008530	
288.01008127	
288.01007724	
288.01007320	
288.01006918	
288.01006515	
288.01006112	
288.01005710	
288.01005307	
288.01004905	
288.01004503	
288.01004102	
288.01003700	
288.01003298	
288.01002897	
288.01002496	
288.01002095	
288.01001694	
288.01001293	
288.01000893	
288.01000493	
288.01000092	
288.00999692	
288.00999292	
288.00998893	
288.00998493	
288.00998094	
288.00997695	
288.00997295	
288.00996897	
288.00996498	
288.00996099	
288.00995701	
288.00995302	
288.00994904	
288.00994506	
288.00994109	
288.00993711	
288.00993313	
288.00992916	
288.00992519	
288.00992122	
288.00991725	
288.00991328	
288.00990932	
288.00990536	
288.00990139	
288.00989743	
288.00989347	
288.00988952	
288.00988556	
288.00988161	
288.00987765	
288.00987370	
288.00986975	
288.00986580	
288.00986186	
288.00985791	
288.00985397	
288.00985003	
288.00984609	
288.00984215	
288.00983821	
288.00983428	
288.00983034	
288.00982641	
288.00982248	
288.00981855	
288.00981463	
288.00981070	
288.00980678	
288.00980285	
288.00979893	
288.00979501	
288.00979109	
288.00978718	
288.00978326	
288.00977935	
288.00977544	
288.00977153	
288.00976762	
288.00976371	
288.00975981	
288.00975590	
288.00975200	
288.00974810	
288.00974420	
288.00974030	
288.00973641	
288.00973251	
288.00972862	
288.00972473	
288.00972084	
288.00971695	
288.00971306	
288.00970918	
288.00970529	
288.00970141	
288.00969753	
288.00969365	
288.00968977	
288.00968590	
288.00968202	
288.00967815	
288.00967428	
288.00967041	
288.00966654	
288.00966268	
288.00965881	
288.00965495	
288.00965108	
288.00964722	
288.00964337	
288.00963951	
288.00963565	
288.00963180	
288.00962795	
288.00962409	
288.00962024	
288.00961640	
288.00961255	
288.00960870	
288.00960486	
288.00960102	
288.00959718	
288.00959334	
288.00958950	
288.00958567	
288.00958183	
288.00957800	
288.00957417	
288.00957034	
288.00956651	
288.00956268	
288.00955886	
288.00955504	
288.00955121	
288.00954739	
288.00954357	
288.00953976	
288.00953594	
288.00953213	
288.00952831	
288.00952450	
288.00952069	
288.00951688	
288.00951308	
288.00950927	
288.00950547	
288.00950167	
288.00949787	
288.00949407	
288.00949027	
288.00948647	
288.00948268	
288.00947889	
288.00947509	
288.00947130	
288.00946752	
288.00946373	
288.00945994	
288.00945616	
288.00945238	
288.00944860	
288.00944482	
288.00944104	
288.00943726	
288.00943349	
288.00942971	
288.00942594	
288.00942217	
288.00941840	
288.00941463	
288.00941087	
288.00940710	
288.00940334	
288.00939958	
