325.05297178	
325.05258589	
325.05263130	
325.05298983	
325.05305239	
325.05272756	
325.05214825	
325.05205337	
325.05251961	
325.05240141	
325.05189500	
325.05206024	
325.05214806	
325.05208673	
325.05237632	
325.05264582	
325.05304030	
325.05295930	
325.05250566	
325.05293665	
325.05347963	
325.05304905	
325.05296003	
325.05268007	
325.05220365	
325.05211364	
325.05186658	
325.05220044	
325.05256614	
325.05292063	
325.05282946	
325.05298249	
325.05323661	
325.05318172	
325.05285817	
325.05302606	
325.05330045	
325.05361851	
325.05357062	
325.05345927	
325.05388226	
325.05427790	
325.05437572	
325.05389045	
325.05351477	
325.05373194	
325.05378903	
325.05340057	
325.05313750	
325.05316475	
325.05288319	
325.05294110	
325.05341714	
325.05364163	
325.05415136	
325.05421340	
325.05414130	
325.05408327	
325.05430011	
325.05405505	
325.05395570	
325.05428201	
325.05433698	
325.05401888	
325.05393614	
325.05399389	
325.05373055	
325.05391799	
325.05407746	
325.05423289	
325.05419979	
325.05382038	
325.05404971	
325.05380071	
325.05344309	
325.05352695	
325.05352525	
325.05310043	
325.05281797	
325.05251245	
325.05226153	
325.05272414	
325.05289922	
325.05269170	
325.05223325	
325.05184435	
325.05168360	
325.05156446	
325.05162921	
325.05179372	
325.05207883	
325.05194977	
325.05216356	
325.05284728	
325.05247688	
325.05267571	
325.05278558	
325.05254350	
325.05241771	
325.05217805	
325.05175726	
325.05189411	
325.05176999	
325.05167683	
325.05227273	
325.05215503	
325.05167741	
325.05147980	
325.05149225	
325.05101752	
325.05084808	
325.05109862	
325.05119740	
325.05131964	
325.05161535	
325.05169697	
325.05176764	
325.05189160	
325.05172510	
325.05210069	
325.05232918	
325.05196806	
325.05243315	
325.05255567	
325.05198915	
325.05174923	
325.05169509	
325.05212214	
325.05218039	
325.05205962	
325.05225014	
325.05203069	
325.05196780	
325.05161440	
325.05099772	
325.05103804	
325.05109552	
325.05088670	
325.05126516	
325.05117708	
325.05098594	
325.05113865	
325.05130039	
325.05181847	
325.05229859	
325.05251741	
325.05253812	
325.05251885	
325.05274402	
325.05241758	
325.05224690	
325.05282527	
325.05276483	
325.05304537	
325.05356622	
325.05395510	
325.05384841	
325.05408234	
325.05466366	
325.05484215	
325.05472741	
325.05485135	
325.05465154	
325.05447259	
325.05481338	
325.05482348	
325.05478852	
325.05478770	
325.05501544	
325.05474931	
325.05503312	
325.05545167	
325.05549929	
325.05520333	
325.05516133	
325.05518162	
325.05528278	
325.05511746	
325.05504200	
325.05502627	
325.05481720	
325.05512147	
325.05460192	
325.05480884	
325.05468687	
325.05450996	
325.05479701	
325.05428120	
325.05382503	
325.05331070	
325.05332609	
325.05326563	
325.05319955	
325.05367460	
325.05340870	
325.05345773	
325.05362633	
325.05355150	
325.05378456	
325.05347397	
325.05307944	
325.05266330	
325.05233461	
325.05205321	
325.05230343	
325.05278619	
325.05258951	
325.05280698	
325.05323424	
325.05309069	
325.05266258	
325.05290410	
325.05330679	
325.05369438	
325.05379140	
325.05353554	
325.05345855	
325.05328455	
325.05340777	
325.05305542	
325.05257179	
325.05248296	
325.05276966	
325.05245843	
325.05207498	
325.05210081	
325.05196837	
325.05233914	
325.05196168	
325.05183297	
325.05153984	
325.05084472	
325.05086486	
325.05115661	
325.05149967	
325.05151641	
325.05149279	
325.05187334	
325.05236450	
325.05280685	
325.05299497	
325.05255252	
325.05231696	
325.05233075	
325.05247392	
325.05257192	
325.05262527	
325.05225811	
325.05193315	
325.05150669	
325.05166019	
325.05199792	
325.05160498	
325.05202452	
325.05219990	
325.05178842	
325.05163257	
325.05180607	
325.05149724	
325.05142857	
325.05149708	
325.05147592	
325.05170912	
325.05202273	
325.05226614	
325.05177071	
325.05153629	
325.05116463	
325.05127512	
325.05098936	
325.05047277	
325.05073770	
325.05031980	
325.04990271	
325.04952907	
325.04914934	
325.04908392	
325.04915631	
325.04963191	
325.04998696	
325.05031478	
325.05090512	
325.05106350	
325.05128674	
325.05112266	
325.05131444	
325.05169156	
325.05112322	
325.05068049	
325.05088839	
325.05115956	
325.05080796	
325.05029428	
325.05046017	
325.05061151	
325.05035679	
325.05013264	
325.04973521	
325.04985632	
325.05025173	
325.05011395	
325.05044040	
325.05055457	
325.05064965	
325.05051141	
325.04984614	
325.05008041	
325.05001721	
325.05004087	
325.04993128	
325.04946268	
325.04991672	
325.05014081	
325.05014162	
325.05027809	
325.04996435	
325.04971397	
325.04981353	
325.04950546	
325.04971150	
325.05014946	
325.05008821	
325.04972301	
325.04923954	
325.04923764	
325.04918145	
325.04934377	
325.04905143	
325.04925084	
325.04933554	
325.04925945	
325.04907742	
325.04913158	
325.04966929	
325.04927765	
325.04881697	
325.04846167	
325.04884563	
325.04930491	
325.04967773	
325.05005663	
325.04980039	
325.04976013	
325.04994430	
325.05005471	
325.05051893	
325.05095403	
325.05072776	
325.05079606	
325.05049247	
325.05037557	
325.05029354	
325.05038566	
325.05076052	
325.05074400	
325.05128144	
325.05116516	
325.05103154	
325.05148674	
325.05119931	
325.05092461	
325.05115184	
325.05108487	
325.05068353	
325.05007027	
325.04960275	
325.04918866	
325.04921062	
325.04908257	
325.04938675	
325.04946172	
325.04913762	
325.04928244	
325.04910873	
325.04899460	
325.04891142	
325.04926754	
325.04978751	
325.05026474	
325.05043688	
325.05063849	
325.05046518	
325.05059472	
325.05073879	
325.05091136	
325.05118048	
325.05062713	
325.05027478	
325.05009484	
325.05038091	
325.05000439	
325.05027920	
325.05067676	
325.05074533	
325.05133236	
325.05101353	
325.05131577	
325.05150408	
325.05090855	
325.05052534	
325.05009942	
325.05037088	
325.05085671	
325.05110164	
325.05068330	
325.05069416	
325.05093580	
325.05704756	
325.06454140	
325.07247475	
325.08072567	
325.08954755	
325.09786065	
325.10624492	
325.11490084	
325.12414480	
325.13399965	
325.14344329	
325.15265521	
325.16166269	
325.17081050	
325.18045880	
325.19008562	
325.19972581	
325.20948689	
325.21884040	
325.22760326	
325.23656307	
325.24612246	
325.25617537	
325.26582940	
325.27533264	
325.28464861	
325.29353932	
325.30243947	
325.31165519	
325.32080825	
325.33016337	
325.33986931	
325.34950935	
325.35952816	
325.36976070	
325.38003540	
325.39007780	
325.39983606	
325.40907693	
325.41836635	
325.42761155	
325.43693344	
325.44641523	
325.45599062	
325.46596813	
325.47559938	
325.48517783	
325.49479105	
325.50461959	
325.51397502	
325.52280343	
325.53231536	
325.54183748	
325.55145111	
325.56134751	
325.57097002	
325.58027287	
325.58941858	
325.59884442	
325.60841925	
325.61742157	
325.62599082	
325.63480924	
325.64430580	
325.65445039	
325.66435005	
325.67400435	
325.68387967	
325.69376848	
325.70379433	
325.71365717	
325.72272164	
325.73186510	
325.74149193	
325.75141110	
325.76133656	
325.77055238	
325.78001561	
325.78990021	
325.79982369	
325.80971625	
325.81956717	
325.82905229	
325.83820101	
325.84727742	
325.85633373	
325.86547746	
325.87499130	
325.88514412	
325.89489442	
325.90377059	
325.91279905	
325.92238586	
325.93166585	
325.94048355	
325.94989137	
325.95988722	
325.96942279	
325.97853796	
325.98782449	
325.99712194	
326.00597182	
326.01515044	
326.02413003	
326.03336769	
326.04318259	
326.05297643	
326.06255422	
326.07173048	
326.08093653	
326.09037116	
326.09973225	
326.10910573	
326.11884226	
326.12861441	
326.13858432	
326.14823391	
326.15743825	
326.16672174	
326.17621670	
326.18577833	
326.19548559	
326.20502950	
326.21429944	
326.22363014	
326.23276993	
326.24200682	
326.25162061	
326.26066311	
326.26971825	
326.27926356	
326.28813197	
326.29736592	
326.30708629	
326.31588960	
326.32462691	
326.33396410	
326.34316555	
326.35232784	
326.36196146	
326.37107102	
326.37998486	
326.38921331	
326.39783577	
326.40636300	
326.41531986	
326.42467777	
326.43419858	
326.44348372	
326.45255807	
326.46182193	
326.47069750	
326.47942753	
326.48854508	
326.49782850	
326.50740048	
326.51676775	
326.52623666	
326.53559047	
326.54409414	
326.55304146	
326.56224205	
326.57066398	
326.57883833	
326.58749531	
326.59659644	
326.60545154	
326.61461637	
326.62378417	
326.63248256	
326.64096035	
326.64944486	
326.65860316	
326.66788291	
326.67663790	
326.68521584	
326.69371485	
326.70277623	
326.71205124	
326.72043832	
326.72925520	
326.73853216	
326.74792375	
326.75696577	
326.76574690	
326.77447968	
326.78275128	
326.79115884	
326.80000126	
326.80937112	
326.81823542	
326.82670142	
326.83512183	
326.84362149	
326.85204857	
326.86087774	
326.87020072	
326.87908427	
326.88796735	
326.89730849	
326.90665386	
326.91555820	
326.92416112	
326.93268099	
326.94110537	
326.94987693	
326.95874974	
326.96709664	
326.97554846	
326.98397083	
326.99207270	
327.00036332	
327.00937455	
327.01853536	
327.02700934	
327.03569447	
327.04455994	
327.05356663	
327.06258488	
327.07083783	
327.07958145	
327.08913184	
327.09796155	
327.10619030	
327.11517823	
327.12417550	
327.13299030	
327.14179898	
327.14994200	
327.15869368	
327.16755373	
327.17607544	
327.18458296	
327.19278962	
327.20169804	
327.21113837	
327.21997039	
327.22839697	
327.23733560	
327.24648281	
327.25492451	
327.26290694	
327.27156524	
327.28077117	
327.28943222	
327.29816667	
327.30677273	
327.31535316	
327.32437481	
327.33350321	
327.34220745	
327.35014915	
327.35824013	
327.36674877	
327.37556992	
327.38419035	
327.39247360	
327.40109320	
327.41036509	
327.41951017	
327.42817921	
327.43625810	
327.44447923	
327.45349555	
327.46255287	
327.47106798	
327.47928413	
327.48753395	
327.49595037	
327.50494010	
327.51366944	
327.52221399	
327.53068642	
327.53907294	
327.54751360	
327.55594173	
327.56436506	
327.57303112	
327.58150639	
327.58928686	
327.59756808	
327.60652262	
327.61528778	
327.62368714	
327.63240502	
327.64067699	
327.64854341	
327.65727911	
327.66595170	
327.67380967	
327.68179207	
327.68997043	
327.69862306	
327.70744858	
327.71618251	
327.72470658	
327.73326761	
327.74184896	
327.75050129	
327.75933681	
327.76735393	
327.77538376	
327.78383151	
327.79194762	
327.80042925	
327.80945259	
327.81769228	
327.82590558	
327.83479008	
327.84315452	
327.85129945	
327.85968352	
327.86816280	
327.87619515	
327.88437274	
327.89318795	
327.90175436	
327.91041168	
327.91869972	
327.92654146	
327.93517041	
327.94399572	
327.95232997	
327.96057718	
327.96922390	
327.97803438	
327.98678991	
327.99554538	
328.00388915	
328.01169115	
328.01965630	
328.02821842	
328.03663991	
328.04520022	
328.05390315	
328.06255860	
328.07090273	
328.07892286	
328.08722759	
328.09534927	
328.10304945	
328.11094897	
328.11904410	
328.12692420	
328.13449233	
328.14202536	
328.15027715	
328.15883274	
328.16722416	
328.17544409	
328.18348500	
328.19175110	
328.20022852	
328.20877285	
328.21717065	
328.22522257	
328.23342119	
328.24185595	
328.24987744	
328.25765067	
328.26541820	
328.27357617	
328.28173167	
328.28957700	
328.29801731	
328.30653131	
328.31515273	
328.32342505	
328.33131185	
328.33931321	
328.34766041	
328.35651834	
328.36473453	
328.37273001	
328.38099944	
328.38877047	
328.39603679	
328.40340237	
328.41124855	
328.41937693	
328.42730670	
328.43539774	
328.44376581	
328.45244540	
328.46093341	
328.46850236	
328.47611569	
328.48449869	
328.49320343	
328.50195443	
328.51055069	
328.51914973	
328.52718509	
328.53467439	
328.54248535	
328.55072223	
328.55945503	
328.56784300	
328.57557984	
328.58369933	
328.59247743	
328.60088421	
328.60841907	
328.61588666	
328.62385671	
328.63197946	
328.64005018	
328.64787119	
328.65518830	
328.66232899	
328.66952365	
328.67678333	
328.68459868	
328.69274078	
328.70079980	
328.70873497	
328.71664745	
328.72471781	
328.73247093	
328.73980440	
328.74747844	
328.75512455	
328.76234905	
328.77009186	
328.77848359	
328.78662049	
328.79447613	
328.80211768	
328.81011318	
328.81850460	
328.82643155	
328.83405165	
328.84190169	
328.85029541	
328.85863428	
328.86651946	
328.87383066	
328.88128494	
328.88956891	
328.89754587	
328.90495432	
328.91304402	
328.92095365	
328.92872563	
328.93639008	
328.94338144	
328.95066557	
328.95860445	
328.96645996	
328.97359064	
328.98077688	
328.98874860	
328.99704598	
329.00549171	
329.01421243	
329.02279323	
329.03079596	
329.03813931	
329.04585381	
329.05382162	
329.06154530	
329.06900804	
329.07665692	
329.08494365	
329.09350939	
329.10222465	
329.11011303	
329.11762922	
329.12511501	
329.13284224	
329.14102781	
329.14842804	
329.15558841	
329.16289409	
329.17012637	
329.17796366	
329.18595627	
329.19369814	
329.20127873	
329.20917531	
329.21757817	
329.22581123	
329.23337082	
329.24115900	
329.24911933	
329.25659567	
329.26438846	
329.27236997	
329.28027489	
329.28807807	
329.29626632	
329.30470016	
329.31310388	
329.32118246	
329.32887711	
329.33685905	
329.34449309	
329.35146076	
329.35903531	
329.36681454	
329.37458103	
329.38209653	
329.38957882	
329.39789095	
329.40594295	
329.41327485	
329.42088280	
329.42860017	
329.43593741	
329.44339154	
329.45047516	
329.45767718	
329.46534713	
329.47321314	
329.48129565	
329.48863405	
329.49550110	
329.50297390	
329.51115753	
329.51892920	
329.52608161	
329.53320586	
329.54083569	
329.54832000	
329.55591258	
329.56354790	
329.57091956	
329.57854898	
329.58600115	
329.59314951	
329.60043565	
329.60783753	
329.61520838	
329.62317680	
329.63139000	
329.63971301	
329.64739141	
329.65493836	
329.66301762	
329.67088143	
329.67889443	
329.68657319	
329.69379156	
329.70113304	
329.70867366	
329.71663251	
329.72404861	
329.73140236	
329.73943256	
329.74742245	
329.75477354	
329.76186348	
329.76947877	
329.77687823	
329.78359701	
329.79020646	
329.79681522	
329.80386407	
329.81121483	
329.81857805	
329.82605380	
329.83325837	
329.84058964	
329.84779005	
329.85515297	
329.86316460	
329.87120866	
329.87930383	
329.88670020	
329.89371924	
329.90086206	
329.90784788	
329.91533002	
329.92308257	
329.93099571	
329.93906084	
329.94698516	
329.95425587	
329.96081547	
329.96764344	
329.97534572	
329.98268182	
329.98969019	
329.99685890	
330.00413219	
330.01168912	
330.01920853	
330.02669119	
330.03436441	
330.04226145	
330.05002905	
330.05753056	
330.06463491	
330.07133840	
330.07786181	
330.08508009	
330.09287450	
330.10010945	
330.10708797	
330.11460200	
330.12215179	
330.12954683	
330.13709191	
330.14489135	
330.15282148	
330.16048425	
330.16807971	
330.17546527	
330.18221988	
330.18935427	
330.19723830	
330.20504110	
330.21285502	
330.22019321	
330.22755313	
330.23505059	
330.24196354	
330.24913520	
330.25685224	
330.26401779	
330.27121834	
330.27884941	
330.28611452	
330.29370101	
330.30129563	
330.30812226	
330.31508786	
330.32276130	
330.33045859	
330.33825923	
330.34560823	
330.35224671	
330.35874975	
330.36589798	
330.37356255	
330.38102174	
330.38868209	
330.39578801	
330.40282050	
330.41014780	
330.41683941	
330.42350358	
330.43002528	
330.43678992	
330.44416493	
330.45178477	
330.45891056	
330.46571008	
330.47298250	
330.48042789	
330.48776778	
330.49450430	
330.50084124	
330.50807497	
330.51585260	
330.52319090	
330.53046255	
330.53796650	
330.54532052	
330.55237665	
330.55938486	
330.56617319	
330.57330435	
330.58093995	
330.58829565	
330.59562352	
330.60288302	
330.61001568	
330.61684625	
330.62328326	
330.62973682	
330.63600307	
330.64251502	
330.64911389	
330.65575886	
330.66283374	
330.67007555	
330.67757523	
330.68493144	
330.69177462	
330.69888012	
330.70624147	
330.71307357	
330.71956404	
330.72668630	
330.73406916	
330.74093527	
330.74759283	
330.75390564	
330.76035127	
330.76715408	
330.77405957	
330.78061445	
330.78733291	
330.79491331	
330.80200826	
330.80845110	
330.81522275	
330.82268724	
330.82989306	
330.83638801	
330.84305405	
330.84955753	
330.85614222	
330.86298145	
330.86939440	
330.87553231	
330.88206441	
330.88932249	
330.89627894	
330.90292663	
330.90963412	
330.91666098	
330.92418051	
330.93123759	
330.93814069	
330.94489065	
330.95144022	
330.95778748	
330.96436865	
330.97112065	
330.97792846	
330.98468282	
330.99074585	
330.99689419	
331.00383368	
331.01133526	
331.01887013	
331.02656445	
331.03344404	
331.03943875	
331.04576619	
331.05245414	
331.05904060	
331.06537144	
331.07142812	
331.07775488	
331.08495516	
331.09208892	
331.09902927	
331.10623114	
331.11285576	
331.11974060	
331.12729934	
331.13488311	
331.14214050	
331.14856086	
331.15527329	
331.16241302	
331.16913972	
331.17567121	
331.18207646	
331.18880527	
331.19546424	
331.20166441	
331.20808891	
331.21458243	
331.22108041	
331.22815499	
331.23501690	
331.24138262	
331.24823123	
331.25496803	
331.26116406	
331.26758918	
331.27419886	
331.28065868	
331.28712342	
331.29355887	
331.30043620	
331.30783358	
331.31524770	
331.32204258	
331.32888342	
331.33638378	
331.34330123	
331.34969973	
331.35627887	
331.36290315	
331.36965592	
331.37597856	
331.38176443	
331.38800803	
331.39458021	
331.40082479	
331.40747078	
331.41489734	
331.42209089	
331.42841834	
331.43448232	
331.44138442	
331.44838142	
331.45465188	
331.46117755	
331.46846853	
331.47524909	
331.48182988	
331.48867759	
331.49555522	
331.50245558	
331.50911183	
331.51600857	
331.52303574	
331.53028250	
331.53693986	
331.54266714	
331.54910129	
331.55637621	
331.56315121	
331.56929125	
331.57524751	
331.58137155	
331.58747243	
331.59355407	
331.60018805	
331.60692640	
331.61311978	
331.61927206	
331.62570340	
331.63250172	
331.63970029	
331.64666045	
331.65370437	
331.66086922	
331.66724363	
331.67366403	
331.68029777	
331.68661069	
331.69266657	
331.69882513	
331.70586086	
331.71249800	
331.71892024	
331.72541949	
331.73196486	
331.73883616	
331.74522991	
331.75112831	
331.75700092	
331.76351052	
331.76972677	
331.77603101	
331.78298790	
331.78996467	
331.79722184	
331.80402027	
331.81042451	
331.81716995	
331.82362514	
331.82980697	
331.83614314	
331.84285647	
331.84961752	
331.85600030	
331.86206932	
331.86788565	
331.87443065	
331.88117579	
331.88725438	
331.89333154	
331.89989370	
331.90682157	
331.91362048	
331.91970278	
331.92576240	
331.93229879	
331.93918571	
331.94608070	
331.95258158	
331.95937206	
331.96587619	
331.97238367	
331.97932872	
331.98549666	
331.99137353	
331.99727017	
332.00299974	
332.00886826	
332.01450340	
332.02016034	
332.02605509	
332.03253988	
332.03939500	
332.04607960	
332.05252571	
332.05854304	
332.06437871	
332.07074524	
332.07732830	
332.08378093	
332.09018007	
332.09675774	
332.10363550	
332.11009191	
332.11654899	
332.12333108	
332.13012416	
332.13672771	
332.14326355	
332.14945777	
332.15592096	
332.16250887	
332.16907821	
332.17554763	
332.18189351	
332.18835023	
332.19444673	
332.20079870	
332.20681009	
332.21251454	
332.21829095	
332.22387373	
332.23005463	
332.23655664	
332.24275508	
332.24938681	
332.25604704	
332.26233362	
332.26903464	
332.27569543	
332.28192685	
332.28803596	
332.29394686	
332.29957247	
332.30529478	
332.31182758	
332.31854048	
332.32516911	
332.33208538	
332.33904214	
332.34535164	
332.35108873	
332.35679031	
332.36283685	
332.36947434	
332.37620132	
332.38272651	
332.38935475	
332.39597594	
332.40221961	
332.40805485	
332.41360792	
332.41943703	
332.42538256	
332.43143985	
332.43778151	
332.44365560	
332.44935437	
332.45519518	
332.46060186	
332.46622174	
332.47191476	
332.47805284	
332.48499932	
332.49122744	
332.49723052	
332.50377390	
332.51050301	
332.51727977	
332.52385017	
332.53042753	
332.53702216	
332.54351109	
332.55018418	
332.55663505	
332.56225574	
332.56803765	
332.57391581	
332.57961814	
332.58546568	
332.59138750	
332.59791695	
332.60462141	
332.61089652	
332.61706613	
332.62341168	
332.62953359	
332.63534322	
332.64123572	
332.64731800	
332.65350903	
332.65958431	
332.66528581	
332.67078107	
332.67670153	
332.68275899	
332.68830734	
332.69418698	
332.70021156	
332.70557600	
332.71089691	
332.71671753	
332.72258418	
332.72871633	
332.73457388	
332.74011919	
332.74622394	
332.75265597	
332.75902818	
332.76460224	
332.77046888	
332.77631905	
332.78207667	
332.78850269	
332.79473423	
332.80029630	
332.80597821	
332.81254434	
332.81850166	
332.82387503	
332.82960217	
332.83593320	
332.84196431	
332.84787660	
332.85453309	
332.86091012	
332.86701639	
332.87300737	
332.87932980	
332.88580977	
332.89138961	
332.89663486	
332.90189831	
332.90758004	
332.91334735	
332.91922831	
332.92571546	
332.93148707	
332.93730063	
332.94371774	
332.95012022	
332.95584699	
332.96095985	
332.96615875	
332.97159296	
332.97692334	
332.98272131	
332.98926705	
332.99579879	
333.00235891	
333.00839505	
333.01454523	
333.02076459	
333.02688552	
333.03336908	
333.03942448	
333.04515085	
333.05109594	
333.05729369	
333.06340908	
333.06907830	
333.07445508	
333.08006000	
333.08606369	
333.09217564	
333.09789913	
333.10318924	
333.10904619	
333.11512940	
333.12129871	
333.12797661	
333.13406928	
333.13931627	
333.14479048	
333.15105995	
333.15704671	
333.16267874	
333.16836985	
333.17413442	
333.18044791	
333.18697079	
333.19343859	
333.19925655	
333.20439013	
333.21015687	
333.21643192	
333.22217733	
333.22761686	
333.23298818	
333.23880796	
333.24444793	
333.24995343	
333.25587373	
333.26194067	
333.26837212	
333.27438770	
333.28026755	
333.28596549	
333.29126788	
333.29704400	
333.30268774	
333.30841976	
333.31432712	
333.32000731	
333.32558026	
333.33066863	
333.33606883	
333.34225346	
333.34875392	
333.35506511	
333.36054890	
333.36604029	
333.37183608	
333.37748986	
333.38315493	
333.38887893	
333.39493349	
333.40081110	
333.40659638	
333.41216456	
333.41775727	
333.42364299	
333.42937646	
333.43518258	
333.44117334	
333.44669831	
333.45216353	
333.45839898	
333.46427094	
333.46980538	
333.47545965	
333.48051619	
333.48518784	
333.49073854	
333.49713442	
333.50318724	
333.50886282	
333.51484406	
333.52101170	
333.52638058	
333.53115131	
333.53636544	
333.54156841	
333.54692756	
333.55279008	
333.55836126	
333.56423354	
333.57046255	
333.57581973	
333.58097046	
333.58660650	
333.59233832	
333.59819343	
333.60344391	
333.60829169	
333.61378642	
333.61996495	
333.62565983	
333.63049681	
333.63589525	
333.64179356	
333.64713688	
333.65231516	
333.65800641	
333.66396537	
333.66989879	
333.67608718	
333.68196075	
333.68719060	
333.69214696	
333.69762521	
333.70332607	
333.70858282	
333.71396891	
333.71907354	
333.72405458	
333.72983765	
333.73577834	
333.74149867	
333.74711635	
333.75235849	
333.75781019	
333.76303776	
333.76795851	
333.77304303	
333.77815969	
333.78327987	
333.78889634	
333.79513302	
333.80095716	
333.80661668	
333.81238586	
333.81760938	
333.82302058	
333.82853667	
333.83407319	
333.84008684	
333.84554451	
333.85073213	
333.85615218	
333.86143757	
333.86713491	
333.87304881	
333.87824939	
333.88377796	
333.88994384	
333.89525775	
333.90029482	
333.90532894	
333.91007481	
333.91546365	
333.92089485	
333.92571428	
333.93116000	
333.93654988	
333.94124778	
333.94674305	
333.95264648	
333.95839991	
333.96436081	
333.96974111	
333.97508104	
333.98119375	
333.98668023	
333.99213315	
333.99833780	
334.00371661	
334.00874456	
334.01433795	
334.02008805	
334.02523569	
334.02990246	
334.03529603	
334.04066019	
334.04587596	
334.05130295	
334.05679292	
334.06194939	
334.06689171	
334.07184570	
334.07727642	
334.08317195	
334.08816394	
334.09315956	
334.09869456	
334.10362702	
334.10860289	
334.11397352	
334.11890762	
334.12425039	
334.13014693	
334.13616914	
334.14228933	
334.14805322	
334.15332706	
334.15858975	
334.16432528	
334.16982505	
334.17516200	
334.18042114	
334.18533849	
334.19012661	
334.19502251	
334.20023344	
334.20576049	
334.21088999	
334.21578356	
334.22150479	
334.22697069	
334.23189870	
334.23684919	
334.24166162	
334.24703446	
334.25285307	
334.25840280	
334.26365661	
334.26907972	
334.27489122	
334.28054223	
334.28557200	
334.29011420	
334.29528736	
334.30087773	
334.30586945	
334.31055024	
334.31552256	
334.32056060	
334.32511245	
334.32979665	
334.33488119	
334.33982133	
334.34493156	
334.35051580	
334.35603162	
334.36114079	
334.36661417	
334.37173527	
334.37616538	
334.38064879	
334.38577639	
334.39102056	
334.39542238	
334.39975249	
334.40415181	
334.40879306	
334.41374930	
334.41889722	
334.42383685	
334.42869475	
334.43407004	
334.43926973	
334.44457719	
334.45045954	
334.45586205	
334.46068552	
334.46532586	
334.46973680	
334.47458355	
334.47990503	
334.48528838	
334.49044616	
334.49545088	
334.50104321	
334.50611589	
334.51093463	
334.51624806	
334.52170035	
334.52719353	
334.53218043	
334.53697651	
334.54235027	
334.54761061	
334.55263651	
334.55818411	
334.56306232	
334.56721366	
334.57159978	
334.57647805	
334.58115430	
334.58554554	
334.59016664	
334.59508187	
334.60024294	
334.60488959	
334.60911291	
334.61341171	
334.61788666	
334.62240153	
334.62668616	
334.63125961	
334.63628036	
334.64097670	
334.64566820	
334.65115952	
334.65692557	
334.66226917	
334.66732426	
334.67193341	
334.67650230	
334.68151256	
334.68690913	
334.69197361	
334.69703985	
334.70256534	
334.70800251	
334.71373264	
334.71920182	
334.72437511	
334.72960052	
334.73502708	
334.74000136	
334.74461472	
334.74957778	
334.75453120	
334.75963974	
334.76467224	
334.76950543	
334.77459724	
334.77995748	
334.78477818	
334.78942985	
334.79486132	
334.80070317	
334.80653154	
334.81158969	
334.81661752	
334.82240050	
334.82821152	
334.83351985	
334.83848447	
334.84334941	
334.84776006	
334.85191869	
334.85616465	
334.86098925	
334.86600585	
334.87064638	
334.87504877	
334.87995501	
334.88534365	
334.89066176	
334.89536468	
334.90026687	
334.90561755	
334.91025223	
334.91452633	
334.91908080	
334.92435645	
334.92913909	
334.93363702	
334.93901102	
334.94448532	
334.94981677	
334.95487458	
334.95953072	
334.96466199	
334.97026056	
334.97542959	
334.98038994	
334.98551297	
334.99054310	
334.99580746	
335.00068363	
335.00544515	
335.01070963	
335.01608129	
335.02098703	
335.02544565	
335.03050592	
335.03554093	
335.04035237	
335.04565250	
335.05081462	
335.05563726	
335.06081304	
335.06590550	
335.07063131	
335.07534550	
335.08021019	
335.08505356	
335.08948655	
335.09368259	
335.09794005	
335.10211091	
335.10675583	
335.11185288	
335.11682189	
335.12216771	
335.12726511	
335.13203052	
335.13649309	
335.14098129	
335.14601509	
335.15057308	
335.15459590	
335.15853982	
335.16303705	
335.16798575	
335.17253605	
335.17681000	
335.18155788	
335.18613526	
335.19097441	
335.19608959	
335.20080890	
335.20602003	
335.21151979	
335.21642648	
335.22125725	
335.22667981	
335.23211744	
335.23694421	
335.24151268	
335.24660450	
335.25117533	
335.25522859	
335.25942973	
335.26392729	
335.26841168	
335.27254681	
335.27723127	
335.28199664	
335.28643583	
335.29125740	
335.29589905	
335.29989594	
335.30443648	
335.30972187	
335.31447910	
335.31892115	
335.32376538	
335.32834298	
335.33242591	
335.33640502	
335.34097588	
335.34570874	
335.35007035	
335.35457636	
335.35912978	
335.36372714	
335.36868352	
335.37344534	
335.37809307	
335.38314730	
335.38761911	
335.39205502	
335.39703891	
335.40213294	
335.40720588	
335.41150843	
335.41522422	
335.41982758	
335.42476824	
335.42914551	
335.43316537	
335.43702913	
335.44158275	
335.44649081	
335.45126277	
335.45637708	
335.46096248	
335.46551002	
335.47041435	
335.47465022	
335.47852219	
335.48289772	
335.48738968	
335.49210534	
335.49699032	
335.50139245	
335.50617982	
335.51080479	
335.51537659	
335.52048356	
335.52511937	
335.52921107	
335.53401346	
335.53941418	
335.54446768	
335.54951297	
335.55443296	
335.55921117	
335.56424179	
335.56900431	
335.57395933	
335.57886518	
335.58305178	
335.58689212	
335.59085721	
335.59486574	
335.59882696	
335.60307251	
335.60792138	
335.61309735	
335.61783883	
335.62252174	
335.62689606	
335.63109948	
335.63612576	
335.64144821	
335.64607577	
335.64997642	
335.65378201	
335.65798096	
335.66250634	
335.66673027	
335.67134808	
335.67634917	
335.68106998	
335.68570961	
335.68999905	
335.69423808	
335.69893413	
335.70338927	
335.70742877	
335.71168390	
335.71592464	
335.71993587	
335.72389445	
335.72771071	
335.73213010	
335.73703492	
335.74119916	
335.74535321	
335.75027543	
335.75478487	
335.75909966	
335.76424435	
335.76956446	
335.77452431	
335.77914972	
335.78375653	
335.78802859	
335.79213055	
335.79607410	
335.80021719	
335.80438740	
335.80828077	
335.81298535	
335.81778502	
335.82255960	
335.82729237	
335.83134324	
335.83500606	
335.83886300	
335.84282303	
335.84677341	
335.85109995	
335.85573746	
335.86004883	
335.86424428	
335.86870432	
335.87274004	
335.87645704	
335.88096399	
335.88602080	
335.89061731	
335.89535279	
335.89982368	
335.90436430	
335.90930199	
335.91378970	
335.91834408	
335.92248942	
335.92644142	
335.93080636	
335.93540690	
335.94038768	
335.94557734	
335.95068754	
335.95563054	
335.96061921	
335.96558000	
335.97018348	
335.97486214	
335.97982137	
335.98400818	
335.98809869	
335.99217347	
335.99618137	
336.00075457	
336.00553070	
336.01027480	
336.01450284	
336.01873265	
336.02313460	
336.02717778	
336.03117363	
336.03525762	
336.03964627	
336.04373167	
336.04714085	
336.05092866	
336.05556470	
336.06061778	
336.06487409	
336.06909330	
336.07331862	
336.07747477	
336.08249574	
336.08739612	
336.09166388	
336.09603594	
336.10089663	
336.10564257	
336.10996132	
336.11450404	
336.11919647	
336.12326993	
336.12719295	
336.13182817	
336.13674170	
336.14155792	
336.14611855	
336.15056075	
336.15472092	
336.15868890	
336.16309375	
336.16775298	
336.17217704	
336.17619245	
336.18029715	
336.18419015	
336.18809791	
336.19190767	
336.19551258	
336.19990907	
336.20487691	
336.20901312	
336.21242070	
336.21623064	
336.22042142	
336.22433534	
336.22801940	
336.23189877	
336.23626256	
336.24027642	
336.24439993	
336.24922423	
336.25409090	
336.25831778	
336.26197975	
336.26585089	
336.26941843	
336.27310288	
336.27706105	
336.28103970	
336.28507340	
336.28962259	
336.29383842	
336.29722277	
336.30097543	
336.30546564	
336.31016501	
336.31473280	
336.31879670	
336.32233534	
336.32594743	
336.32961615	
336.33370657	
336.33785320	
336.34158304	
336.34532377	
336.34935839	
336.35357369	
336.35751153	
336.36180555	
336.36590933	
336.36993256	
336.37437141	
336.37814171	
336.38150255	
336.38537107	
336.39002465	
336.39477470	
336.39958070	
336.40426734	
336.40865196	
336.41262508	
336.41690158	
336.42171134	
336.42621250	
336.43009623	
336.43395842	
336.43805181	
336.44233801	
336.44714080	
336.45161317	
336.45544315	
336.45961069	
336.46445551	
336.46932355	
336.47345776	
336.47680492	
336.48086625	
336.48569499	
336.49006401	
336.49393212	
336.49743918	
336.50086669	
336.50444150	
336.50839055	
336.51274486	
336.51718887	
336.52172346	
336.52630263	
336.53073372	
336.53528395	
336.53938539	
336.54300361	
336.54704102	
336.55110666	
336.55511876	
336.55931526	
336.56334114	
336.56681949	
336.57057835	
336.57461496	
336.57880683	
336.58328412	
336.58733687	
336.59135073	
336.59545571	
336.59901932	
336.60248941	
336.60597262	
336.60984921	
336.61450047	
336.61883583	
336.62325738	
336.62740542	
336.63070708	
336.63451859	
336.63891504	
336.64266290	
336.64615092	
336.65053041	
336.65472520	
336.65858006	
336.66275590	
336.66713058	
336.67153329	
336.67525397	
336.67849604	
336.68225289	
336.68658483	
336.69107631	
336.69497355	
336.69885123	
336.70319610	
336.70738179	
336.71145943	
336.71545280	
336.71943981	
336.72370720	
336.72845007	
336.73324382	
336.73781055	
336.74194729	
336.74608645	
336.75056331	
336.75440132	
336.75839355	
336.76278617	
336.76715703	
336.77198119	
336.77678649	
336.78095034	
336.78481395	
336.78923128	
336.79311738	
336.79690346	
336.80143167	
336.80534029	
336.80880976	
336.81301797	
336.81714937	
336.82134236	
336.82532141	
336.82855917	
336.83190229	
336.83576814	
336.84002568	
336.84395465	
336.84780531	
336.85194414	
336.85620026	
336.86025805	
336.86377857	
336.86717317	
336.87100491	
336.87464659	
336.87831483	
336.88269382	
336.88727792	
336.89147054	
336.89487767	
336.89838576	
336.90201400	
336.90517847	
336.90907246	
336.91351351	
336.91790391	
336.92206341	
336.92607960	
336.93036828	
336.93404184	
336.93737593	
336.94113072	
336.94535272	
336.94936615	
336.95348208	
336.95782476	
336.96213441	
336.96595756	
336.96939684	
336.97365097	
336.97740194	
336.98034878	
336.98392349	
336.98802068	
336.99165029	
336.99544111	
336.99960113	
337.00367176	
337.00735736	
337.01094291	
337.01467629	
337.01799132	
337.02166943	
337.02557051	
337.02913035	
337.03298427	
337.03661371	
337.03985923	
337.04371288	
337.04737621	
337.05044876	
337.05415512	
337.05849937	
337.06300787	
337.06706909	
337.07120143	
337.07525300	
337.07899123	
337.08273183	
337.08593046	
337.08955503	
337.09388111	
337.09807793	
337.10200832	
337.10608912	
337.10980989	
337.11318873	
337.11702352	
337.12054640	
337.12403005	
337.12745063	
337.13082731	
337.13456024	
337.13859256	
337.14255078	
337.14606402	
337.14941363	
337.15297709	
337.15642325	
337.15947969	
337.16251218	
337.16530895	
337.16902966	
337.17285191	
337.17585204	
337.17882327	
337.18237612	
337.18619486	
337.18933884	
337.19293653	
337.19715777	
337.20074379	
337.20402509	
337.20763851	
337.21179466	
337.21583717	
337.21904999	
337.22194561	
337.22478711	
337.22755308	
337.23065097	
337.23459990	
337.23905597	
337.24341762	
337.24707335	
337.25012077	
337.25328462	
337.25645586	
337.25955661	
337.26281141	
337.26642862	
337.26992768	
337.27341062	
337.27743930	
337.28155344	
337.28578529	
337.29012532	
337.29389318	
337.29753558	
337.30097614	
337.30407314	
337.30759187	
337.31079495	
337.31405881	
337.31784258	
337.32182399	
337.32621026	
337.33008406	
337.33315964	
337.33663444	
337.33996580	
337.34310135	
337.34702293	
337.35109928	
337.35510694	
337.35911930	
337.36274300	
337.36578276	
337.36891091	
337.37240294	
337.37546340	
337.37806630	
337.38114084	
337.38435892	
337.38720896	
337.38993819	
337.39322605	
337.39734122	
337.40085894	
337.40421077	
337.40777403	
337.41108040	
337.41447378	
337.41799200	
337.42204682	
337.42629179	
337.43055385	
337.43443225	
337.43738483	
337.44038745	
337.44394218	
337.44783586	
337.45130691	
337.45491266	
337.45877482	
337.46263343	
337.46687823	
337.47041385	
337.47384352	
337.47710413	
337.48008710	
337.48319627	
337.48636439	
337.48995990	
337.49371915	
337.49734217	
337.50056106	
337.50380623	
337.50704543	
337.51052776	
337.51447771	
337.51775678	
337.52039340	
337.52303338	
337.52618084	
337.52917607	
337.53175674	
337.53445019	
337.53698692	
337.54003830	
337.54377193	
337.54741901	
337.55052947	
337.55339652	
337.55626283	
337.55886137	
337.56203958	
337.56551639	
337.56894737	
337.57277008	
337.57596304	
337.57898532	
337.58158487	
337.58364454	
337.58620455	
337.58850959	
337.59087555	
337.59329270	
337.59487546	
337.59641802	
337.59825322	
337.59950571	
337.59973811	
337.59824544	
337.59263900	
337.58638144	
337.58116487	
337.57495680	
337.56913728	
337.56298959	
337.55756161	
337.55245354	
337.54679226	
337.54076160	
337.53462972	
337.52913717	
337.52313155	
337.51761939	
337.51232059	
337.50683828	
337.50099037	
337.49545155	
337.48987330	
337.48376422	
337.47818103	
337.47267549	
337.46708597	
337.46096890	
337.45515009	
337.44927390	
337.44351395	
337.43781159	
337.43171803	
337.42627293	
337.42061199	
337.41472796	
337.40917636	
337.40321408	
337.39729484	
337.39172668	
337.38567190	
337.37941420	
337.37354374	
337.36737985	
337.36196614	
337.35675218	
337.35110553	
337.34537637	
337.33937257	
337.33322652	
337.32764669	
337.32192473	
337.31573013	
337.31020543	
337.30418500	
337.29866344	
337.29331497	
337.28756761	
337.28190667	
337.27661162	
337.27079152	
337.26469721	
337.25951993	
337.25428738	
337.24881839	
337.24325183	
337.23743334	
337.23211509	
337.22647423	
337.22089590	
337.21533524	
337.20934290	
337.20375681	
337.19820169	
337.19268586	
337.18735467	
337.18204636	
337.17672685	
337.17135517	
337.16535765	
337.15926181	
337.15351508	
337.14810753	
337.14289559	
337.13759007	
337.13174782	
337.12649661	
337.12140561	
337.11575695	
337.11024218	
337.10511510	
337.09989036	
337.09417995	
337.08810288	
337.08236905	
337.07721500	
337.07214041	
337.06689224	
337.06143127	
337.05611176	
337.05042101	
337.04521054	
337.04009514	
337.03442443	
337.02926240	
337.02363175	
337.01798242	
337.01295305	
337.00722880	
337.00137744	
336.99606419	
336.99032616	
336.98512912	
336.97943629	
336.97387465	
336.96871187	
336.96272324	
336.95712468	
336.95159819	
336.94582474	
336.94004183	
336.93410027	
336.92838382	
336.92296338	
336.91718520	
336.91177316	
336.90664317	
336.90138314	
336.89549151	
336.88952913	
336.88408020	
336.87868776	
336.87297604	
336.86713412	
336.86186902	
336.85643948	
336.85092871	
336.84566615	
336.83979258	
336.83430350	
336.82887591	
336.82335795	
336.81801885	
336.81204592	
336.80626783	
336.80120557	
336.79640224	
336.79062369	
336.78483716	
336.77931254	
336.77386069	
336.76812959	
336.76236738	
336.75748790	
336.75256029	
336.74765186	
336.74214702	
336.73690129	
336.73177206	
336.72665708	
336.72161028	
336.71651650	
336.71164972	
336.70584168	
336.70080299	
336.69565945	
336.69029533	
336.68468441	
336.67908328	
336.67365710	
336.66804684	
336.66234798	
336.65659104	
336.65136005	
336.64623058	
336.64070390	
336.63485208	
336.62985202	
336.62422160	
336.61887680	
336.61361660	
336.60823111	
336.60268970	
336.59740244	
336.59244587	
336.58698396	
336.58129310	
336.57588305	
336.57059992	
336.56537616	
336.56041921	
336.55487424	
336.54951661	
336.54457684	
336.53898771	
336.53346488	
336.52786133	
336.52203909	
336.51648574	
336.51088181	
336.50604285	
336.50110407	
336.49606664	
336.49043578	
336.48514327	
336.48024166	
336.47492689	
336.46988882	
336.46497687	
336.46021644	
336.45484195	
336.44970680	
336.44498665	
336.43982538	
336.43432734	
336.42945476	
336.42410665	
336.41879381	
336.41349926	
336.40824803	
336.40355048	
336.39796485	
336.39230554	
336.38655452	
336.38080695	
336.37516084	
336.36969039	
336.36490932	
336.35946914	
336.35389916	
336.34908625	
336.34392683	
336.33882953	
336.33394154	
336.32888560	
336.32355867	
336.31828808	
336.31266364	
336.30757301	
336.30284805	
336.29741701	
336.29189336	
336.28670871	
336.28131235	
336.27633467	
336.27177282	
336.26626904	
336.26112860	
336.25636592	
336.25149808	
336.24628344	
336.24096912	
336.23567949	
336.23034750	
336.22573835	
336.22071078	
336.21581311	
336.21110802	
336.20573070	
336.20048490	
336.19519187	
336.19006178	
336.18487563	
336.17947025	
336.17423652	
336.16870231	
336.16321174	
336.15809680	
336.15345981	
336.14818432	
336.14306455	
336.13773648	
336.13221413	
336.12750590	
336.12233779	
336.11760487	
336.11272301	
336.10710536	
336.10163785	
336.09608519	
336.09061547	
336.08509881	
336.07945972	
336.07445837	
336.06984275	
336.06463603	
336.05960220	
336.05451917	
336.04906174	
336.04436055	
336.03934466	
336.03425395	
336.02909772	
336.02425788	
336.01976566	
336.01471059	
336.01014399	
336.00516504	
336.00014269	
335.99543677	
335.98999431	
335.98450948	
335.97967098	
335.97456426	
335.96980282	
335.96523137	
335.95982970	
335.95465218	
335.94999196	
335.94527910	
335.93978206	
335.93476434	
335.92962947	
335.92457878	
335.91992877	
335.91523585	
335.91008071	
335.90444842	
335.89952023	
335.89459440	
335.88960824	
335.88465601	
335.88000642	
335.87541854	
335.87003456	
335.86516469	
335.86036318	
335.85501737	
335.84965749	
335.84447211	
335.83960475	
335.83501714	
335.82980435	
335.82461395	
335.81980531	
335.81481458	
335.81020429	
335.80497877	
335.80017052	
335.79489189	
335.79013812	
335.78528023	
335.77983144	
335.77476756	
335.76951234	
335.76498400	
335.75981986	
335.75484637	
335.74961443	
335.74457202	
335.73971996	
335.73444856	
335.72993568	
335.72549129	
335.72044330	
335.71528509	
335.71086508	
335.70607897	
335.70103767	
335.69570333	
335.69031668	
335.68587827	
335.68073720	
335.67518117	
335.67026122	
335.66532275	
335.66049950	
335.65546206	
335.65045263	
335.64547935	
335.64071665	
335.63630194	
335.63142998	
335.62661394	
335.62215771	
335.61775102	
335.61257016	
335.60703561	
335.60176965	
335.59638871	
335.59174028	
335.58694922	
335.58225241	
335.57730351	
335.57211962	
335.56709346	
335.56170076	
335.55667117	
335.55210769	
335.54756355	
335.54241986	
335.53750579	
335.53294170	
335.52848609	
335.52353988	
335.51871179	
335.51385854	
335.50902566	
335.50471184	
335.49958288	
335.49469995	
335.48992999	
335.48474091	
335.48031683	
335.47548062	
335.47022650	
335.46570144	
335.46051326	
335.45582728	
335.45118548	
335.44644780	
335.44157975	
335.43625132	
335.43136452	
335.42678123	
335.42169349	
335.41620933	
335.41159084	
335.40670091	
335.40183201	
335.39742601	
335.39272830	
335.38778188	
335.38320042	
335.37809498	
335.37355638	
335.36923036	
335.36394649	
335.35874122	
335.35364334	
335.34880018	
335.34452843	
335.34002113	
335.33528992	
335.33034408	
335.32579010	
335.32170580	
335.31742771	
335.31256201	
335.30732556	
335.30301781	
335.29833167	
335.29306614	
335.28852723	
335.28380877	
335.27928024	
335.27476963	
335.27020442	
335.26595083	
335.26115031	
335.25669350	
335.25194440	
335.24727788	
335.24282624	
335.23830678	
335.23404788	
335.22941292	
335.22424290	
335.21948413	
335.21487818	
335.21023646	
335.20607663	
335.20139558	
335.19624049	
335.19181640	
335.18695277	
335.18176837	
335.17677418	
335.17168868	
335.16693456	
335.16222311	
335.15740686	
335.15270264	
335.14805334	
335.14337426	
335.13861663	
335.13420909	
335.13014316	
335.12517078	
335.12078735	
335.11629782	
335.11184180	
335.10762734	
335.10278078	
335.09792632	
335.09310186	
335.08815860	
335.08346708	
335.07863194	
335.07347412	
335.06914051	
335.06493205	
335.06001289	
335.05485884	
335.04984426	
335.04557020	
335.04127924	
335.03642967	
335.03174326	
335.02754253	
335.02297714	
335.01819279	
335.01336287	
335.00868926	
335.00456967	
335.00035768	
334.99588194	
334.99092476	
334.98642104	
334.98153403	
334.97641803	
334.97136045	
334.96681662	
334.96217089	
334.95710998	
334.95270363	
334.94778626	
334.94309470	
334.93886465	
334.93445519	
334.92960460	
334.92454766	
334.92042566	
334.91634756	
334.91161291	
334.90692359	
334.90196752	
334.89713002	
334.89222659	
334.88758039	
334.88330479	
334.87869090	
334.87458959	
334.87047746	
334.86623235	
334.86185803	
334.85758445	
334.85293768	
334.84849738	
334.84417158	
334.83907444	
334.83445361	
334.83045054	
334.82562219	
334.82056754	
334.81654370	
334.81250019	
334.80769247	
334.80351682	
334.79915030	
334.79461702	
334.79008369	
334.78527738	
334.78044413	
334.77551783	
334.77155732	
334.76687686	
334.76199378	
334.75789387	
334.75337100	
334.74858376	
334.74377016	
334.73909414	
334.73460376	
334.72961676	
334.72497036	
334.72029000	
334.71613718	
334.71178909	
334.70761228	
334.70380890	
334.69893342	
334.69470048	
334.69047394	
334.68593521	
334.68121604	
334.67657997	
334.67202537	
334.66709225	
334.66262185	
334.65794600	
334.65362085	
334.64926318	
334.64492413	
334.64097839	
334.63684651	
334.63262208	
334.62820237	
334.62357785	
334.61901984	
334.61450244	
334.60980828	
334.60517428	
334.60064127	
334.59665485	
334.59229753	
334.58738253	
334.58335165	
334.57907622	
334.57479448	
334.57051361	
334.56609535	
334.56145598	
334.55705411	
334.55257375	
334.54797144	
334.54375156	
334.53962751	
334.53586695	
334.53170459	
334.52776256	
334.52327504	
334.51866429	
334.51387486	
334.50927344	
334.50529000	
334.50070029	
334.49623997	
334.49192715	
334.48759532	
334.48317887	
334.47865211	
334.47426003	
334.47017696	
334.46634748	
334.46243159	
334.45860503	
334.45469099	
334.45082585	
334.44662066	
334.44224654	
334.43783786	
334.43359706	
334.42957816	
334.42499720	
334.42081864	
334.41680371	
334.41197696	
334.40801134	
334.40346568	
334.39926535	
334.39546324	
334.39126956	
334.38744040	
334.38309176	
334.37849670	
334.37399757	
334.36969862	
334.36510206	
334.36051406	
334.35570509	
334.35082093	
334.34670767	
334.34214085	
334.33733421	
334.33346246	
334.32967588	
334.32501483	
334.32091278	
334.31734364	
334.31330771	
334.30952817	
334.30550011	
334.30118291	
334.29705861	
334.29327994	
334.28931698	
334.28509212	
334.28056327	
334.27598544	
334.27139591	
334.26713959	
334.26320740	
334.25908558	
334.25456265	
334.25068079	
334.24628670	
334.24182570	
334.23757422	
334.23347555	
334.22954032	
334.22472267	
334.22011181	
334.21566825	
334.21117127	
334.20713817	
334.20354878	
334.19944676	
334.19486878	
334.19024186	
334.18555323	
334.18125910	
334.17705354	
334.17240401	
334.16815347	
334.16416069	
334.15968585	
334.15555410	
334.15189044	
334.14810664	
334.14388629	
334.13989301	
334.13586064	
334.13188749	
334.12795744	
334.12410661	
334.11972754	
334.11547415	
334.11113581	
334.10631761	
334.10272017	
334.09871635	
334.09463875	
334.09011661	
334.08562399	
334.08111534	
334.07701477	
334.07318488	
334.06863689	
334.06436607	
334.05982681	
334.05599037	
334.05166317	
334.04714604	
334.04344959	
334.03886972	
334.03456997	
334.03040368	
334.02619432	
334.02241501	
334.01831802	
334.01441021	
334.01066319	
334.00614269	
334.00168434	
333.99761063	
333.99335637	
333.98905927	
333.98534058	
333.98154604	
333.97745463	
333.97342544	
333.96948365	
333.96541283	
333.96159766	
333.95764848	
333.95365698	
333.94955215	
333.94567944	
333.94139682	
333.93688409	
333.93263871	
333.92817809	
333.92455145	
333.92048624	
333.91593212	
333.91169840	
333.90806309	
333.90393879	
333.89924961	
333.89469118	
333.89091319	
333.88745870	
333.88363693	
333.87980315	
333.87601504	
333.87186354	
333.86765242	
333.86334288	
333.85895053	
333.85457694	
333.85008824	
333.84590180	
333.84196647	
333.83823719	
333.83425791	
333.83033329	
333.82632524	
333.82190496	
333.81741281	
333.81335471	
333.80903198	
333.80462763	
333.80099143	
333.79683255	
333.79271492	
333.78858047	
333.78470015	
333.78061446	
333.77638903	
333.77205421	
333.76750052	
333.76323402	
333.75921886	
333.75534539	
333.75083674	
333.74697664	
333.74277479	
333.73849859	
333.73487643	
333.73128805	
333.72726852	
333.72326176	
333.71931390	
333.71527921	
333.71097383	
333.70694219	
333.70281825	
333.69829036	
333.69410674	
333.68960515	
333.68521002	
333.68072370	
333.67654656	
333.67291513	
333.66931929	
333.66514972	
333.66109107	
333.65703083	
333.65309312	
333.64922008	
333.64482799	
333.64088343	
333.63653184	
333.63281452	
333.62945792	
333.62577675	
333.62150712	
333.61765770	
333.61367889	
333.60939070	
333.60520927	
333.60075169	
333.59664991	
333.59291975	
333.58912750	
333.58507811	
333.58172951	
333.57830701	
333.57408637	
333.56998104	
333.56582715	
333.56173464	
333.55748831	
333.55284961	
333.54848362	
333.54485763	
333.54133594	
333.53723935	
333.53340366	
333.52985884	
333.52613939	
333.52239449	
333.51888391	
333.51462356	
333.51092512	
333.50716246	
333.50291173	
333.49898911	
333.49501396	
333.49115644	
333.48691387	
333.48298483	
333.47966655	
333.47624509	
333.47249201	
333.46825414	
333.46466741	
333.46075537	
333.45710282	
333.45347622	
333.44912168	
333.44553704	
333.44158676	
333.43751726	
333.43413620	
333.43055481	
333.42672922	
333.42243738	
333.41807808	
333.41382392	
333.40944374	
333.40530246	
333.40185812	
333.39804546	
333.39413695	
333.39016540	
333.38569187	
333.38212074	
333.37851109	
333.37465610	
333.37035542	
333.36646627	
333.36312896	
333.35900758	
333.35504149	
333.35134565	
333.34789837	
333.34419863	
333.34006018	
333.33585029	
333.33146621	
333.32733100	
333.32358242	
333.32025993	
333.31622183	
333.31186187	
333.30764926	
333.30374348	
333.29974276	
333.29557949	
333.29187827	
333.28776421	
333.28340273	
333.27995498	
333.27634433	
333.27252231	
333.26909630	
333.26501827	
333.26128096	
333.25787454	
333.25444442	
333.25094138	
333.24690467	
333.24284616	
333.23942096	
333.23586066	
333.23245247	
333.22901473	
333.22481769	
333.22075203	
333.21741143	
333.21395837	
333.20972270	
333.20561985	
333.20226711	
333.19894848	
333.19472040	
333.19100452	
333.18722888	
333.18329692	
333.17980620	
333.17583301	
333.17184609	
333.16823867	
333.16410585	
333.16010092	
333.15619079	
333.15231046	
333.14874851	
333.14528349	
333.14191724	
333.13791524	
333.13436979	
333.13070230	
333.12678425	
333.12280978	
333.11861773	
333.11477856	
333.11148070	
333.10800101	
333.10461333	
333.10133384	
333.09714273	
333.09288634	
333.08885696	
333.08537242	
333.08221022	
333.07819158	
333.07410180	
333.07084480	
333.06702927	
333.06356695	
333.05977460	
333.05599357	
333.05215585	
333.04811485	
333.04492955	
333.04146396	
333.03749752	
333.03354504	
333.02949871	
333.02606128	
333.02285158	
333.01943674	
333.01573834	
333.01215004	
333.00877649	
333.00484929	
333.00087665	
332.99696516	
332.99322319	
332.98964015	
332.98567795	
332.98210980	
332.97855057	
332.97501992	
332.97138617	
332.96725954	
332.96383876	
332.96022712	
332.95643600	
332.95242561	
332.94861681	
332.94499132	
332.94131643	
332.93747634	
332.93422685	
332.93050312	
332.92648595	
332.92294144	
332.91976760	
332.91674721	
332.91334030	
332.90981447	
332.90593767	
332.90212484	
332.89827649	
332.89465562	
332.89110611	
332.88725714	
332.88394421	
332.88046274	
332.87653290	
332.87259831	
332.86874570	
332.86467603	
332.86090437	
332.85692986	
332.85299567	
332.84932859	
332.84546765	
332.84215129	
332.83868316	
332.83519364	
332.83197396	
332.82851172	
332.82516353	
332.82141360	
332.81726742	
332.81392861	
332.81014547	
332.80610187	
332.80241239	
332.79860717	
332.79510541	
332.79183752	
332.78820507	
332.78426235	
332.78085976	
332.77703322	
332.77358123	
332.77058755	
332.76731838	
332.76414430	
332.76020546	
332.75625111	
332.75277809	
332.74924167	
332.74608174	
332.74299183	
332.73941978	
332.73597048	
332.73270420	
332.72885696	
332.72520082	
332.72212191	
332.71879726	
332.71528753	
332.71127955	
332.70756502	
332.70376291	
332.70016918	
332.69665475	
332.69319644	
332.68986843	
332.68580560	
332.68201192	
332.67887586	
332.67533221	
332.67193373	
332.66874452	
332.66511300	
332.66206194	
332.65842885	
332.65450680	
332.65090280	
332.64746556	
332.64430885	
332.64107023	
332.63717483	
332.63389084	
332.63112462	
332.62799363	
332.62416801	
332.62064411	
332.61696460	
332.61341301	
332.60998599	
332.60643791	
332.60300623	
332.59935181	
332.59587502	
332.59266731	
332.58915283	
332.58565560	
332.58266544	
332.57922687	
332.57541193	
332.57215436	
332.56889429	
332.56537355	
332.56206261	
332.55803201	
332.55431650	
332.55038272	
332.54647413	
332.54312512	
332.53995032	
332.53681687	
332.53375897	
332.53050574	
332.52676222	
332.52310823	
332.51991320	
332.51649346	
332.51310955	
332.50966979	
332.50652011	
332.50342208	
332.50034744	
332.49701255	
332.49335285	
332.48967980	
332.48596592	
332.48269177	
332.47973449	
332.47620660	
332.47270084	
332.46944327	
332.46609877	
332.46246940	
332.45926933	
332.45583815	
332.45213641	
332.44842388	
