333.61712904	
333.61688489	
333.61658155	
333.61611019	
333.61643979	
333.61655165	
333.61637399	
333.61666816	
333.61707311	
333.61716679	
333.61707703	
333.61691809	
333.61733635	
333.61788034	
333.61802187	
333.61786356	
333.61816362	
333.61791804	
333.61780354	
333.61781536	
333.61732660	
333.61714341	
333.61758852	
333.61794286	
333.61749319	
333.61766199	
333.61763160	
333.61756655	
333.61784106	
333.61810680	
333.61868161	
333.61897924	
333.61949764	
333.61991180	
333.61944575	
333.61931536	
333.61945751	
333.61908793	
333.61893138	
333.61928896	
333.61900572	
333.61854133	
333.61830846	
333.61778603	
333.61783520	
333.61805896	
333.61849149	
333.61851991	
333.61798317	
333.61780031	
333.61762942	
333.61766159	
333.61793318	
333.61845039	
333.61860153	
333.61864613	
333.61876206	
333.61845129	
333.61809410	
333.61819873	
333.61856376	
333.61864219	
333.61872147	
333.61920041	
333.61892567	
333.61861107	
333.61912256	
333.61922250	
333.61892224	
333.61894994	
333.61950766	
333.62006432	
333.62003222	
333.62019820	
333.62060014	
333.62014628	
333.61982620	
333.62005699	
333.62011713	
333.62027549	
333.62046952	
333.62043965	
333.62031656	
333.61987201	
333.62026071	
333.62020197	
333.62036635	
333.62028726	
333.62010744	
333.62089978	
333.62105962	
333.62076672	
333.62048739	
333.62087120	
333.62124787	
333.62139549	
333.62170982	
333.62181127	
333.62173933	
333.62207045	
333.62227397	
333.62237619	
333.62275611	
333.62307465	
333.62291845	
333.62308698	
333.62345017	
333.62349041	
333.62305299	
333.62291541	
333.62342659	
333.62391508	
333.62375375	
333.62410186	
333.62406966	
333.62386624	
333.62453490	
333.62477130	
333.62490116	
333.62490671	
333.62458635	
333.62443736	
333.62483699	
333.62524059	
333.62497548	
333.62490837	
333.62496096	
333.62497485	
333.62511613	
333.62535025	
333.62515523	
333.62456930	
333.62509282	
333.62571454	
333.62615495	
333.62624850	
333.62618006	
333.62594458	
333.62585086	
333.62561641	
333.62509535	
333.62520025	
333.62562110	
333.62585230	
333.62582072	
333.62549013	
333.62569034	
333.62558136	
333.62570452	
333.62607606	
333.62614086	
333.62616194	
333.62582056	
333.62592602	
333.62559659	
333.62527951	
333.62571432	
333.62547649	
333.62567199	
333.62570521	
333.62584218	
333.62575648	
333.62535161	
333.62606365	
333.62613920	
333.62663371	
333.62703823	
333.62732119	
333.62787276	
333.62764359	
333.62767341	
333.62752188	
333.62776941	
333.62848675	
333.62885706	
333.62897844	
333.62886465	
333.62934730	
333.62957629	
333.62973578	
333.63024019	
333.63006915	
333.62988646	
333.62961929	
333.62900409	
333.62868713	
333.62856523	
333.62851838	
333.62871905	
333.62921046	
333.62963520	
333.62974218	
333.62974545	
333.62994267	
333.62997134	
333.62994348	
333.63007896	
333.62980761	
333.62919252	
333.62886629	
333.62878215	
333.62872451	
333.62846457	
333.62826494	
333.62789154	
333.62796600	
333.62809131	
333.62851232	
333.62838414	
333.62775360	
333.62776626	
333.62748016	
333.62772501	
333.62748508	
333.62772357	
333.62783293	
333.62714918	
333.62756989	
333.62727367	
333.62723104	
333.62773665	
333.62790292	
333.62824010	
333.62834303	
333.62847705	
333.62867238	
333.62911168	
333.62963283	
333.63013972	
333.62987301	
333.62945822	
333.62920085	
333.62910853	
333.62905007	
333.62924971	
333.62976836	
333.62967043	
333.62938676	
333.62883221	
333.62920301	
333.62977672	
333.62955860	
333.62948080	
333.62967405	
333.62929615	
333.62883742	
333.62852442	
333.62838802	
333.62852195	
333.62814943	
333.62818574	
333.62796819	
333.62767741	
333.62793628	
333.62824173	
333.62850356	
333.62886870	
333.62866602	
333.62848103	
333.62857841	
333.62817159	
333.62855446	
333.62912217	
333.62894119	
333.62863975	
333.62836724	
333.62804919	
333.62801470	
333.62823246	
333.62808843	
333.62820128	
333.62793721	
333.62802244	
333.62860773	
333.62832943	
333.62808896	
333.62805914	
333.62825750	
333.62866835	
333.62854300	
333.62838086	
333.62806715	
333.62762034	
333.62758785	
333.62795589	
333.62784571	
333.62741548	
333.62797816	
333.62839161	
333.62874575	
333.62893854	
333.62905110	
333.62882497	
333.62912257	
333.62915210	
333.62860034	
333.62853362	
333.62819453	
333.62839786	
333.62866540	
333.62819593	
333.62848005	
333.62901115	
333.62946216	
333.62996774	
333.63028934	
333.63080664	
333.63121228	
333.63099088	
333.63124916	
333.63198488	
333.63170391	
333.63156182	
333.63172851	
333.63165230	
333.63161622	
333.63132276	
333.63152881	
333.63156510	
333.63167855	
333.63194552	
333.63156618	
333.63198455	
333.63218211	
333.63170169	
333.63184876	
333.63208882	
333.63196842	
333.63179682	
333.63134600	
333.63088273	
333.63047882	
333.63055441	
333.63055783	
333.63036559	
333.63046357	
333.63027914	
333.63000535	
333.63024253	
333.63067289	
333.63036552	
333.63049105	
333.63034145	
333.63060848	
333.63108607	
333.63099503	
333.63161119	
333.63128345	
333.63139261	
333.63171918	
333.63207129	
333.63219927	
333.63234598	
333.63275945	
333.63276563	
333.63320947	
333.63374144	
333.63358471	
333.63390617	
333.63446425	
333.63396473	
333.63395143	
333.63385859	
333.63368261	
333.63406576	
333.63399472	
333.63379073	
333.63391804	
333.63375547	
333.63403420	
333.63435305	
333.63392480	
333.63397709	
333.63383310	
333.63404782	
333.63420022	
333.63447491	
333.63472128	
333.63433789	
333.63423888	
333.63441467	
333.63478136	
333.63441379	
333.63393860	
333.63350641	
333.63322986	
333.63285484	
333.63296978	
333.63293858	
333.63278643	
333.63295495	
333.63331105	
333.63341247	
333.63375515	
333.63445286	
333.63430910	
333.63400107	
333.63397263	
333.63429598	
333.63469705	
333.63497478	
333.63547122	
333.63598890	
333.63557790	
333.63514985	
333.63520262	
333.63548949	
333.63609790	
333.63670662	
333.63685083	
333.63639148	
333.63665271	
333.63661758	
333.63652151	
333.63692979	
333.63662756	
333.63657107	
333.63698172	
333.63705252	
333.63729549	
333.63751381	
333.63700437	
333.63664358	
333.63666244	
333.63694259	
333.63708113	
333.63748744	
333.63756227	
333.63735056	
333.63707584	
333.63675821	
333.63657186	
333.63679102	
333.63747020	
333.63801019	
333.63830138	
333.63816637	
333.63797916	
333.63767201	
333.63778503	
333.63831019	
333.63882238	
333.63879940	
333.63918629	
333.63936105	
333.63882646	
333.63879640	
333.63849587	
333.63860243	
333.63840503	
333.63864377	
333.63883689	
333.63853083	
333.63873435	
333.63899974	
333.63909253	
333.63857792	
333.63833101	
333.63835643	
333.63847396	
333.63826014	
333.63828215	
333.63860567	
333.63880743	
333.63914109	
333.63963846	
333.63937141	
333.63912419	
333.63964806	
333.63964197	
333.63959341	
333.63925991	
333.63923663	
333.63940129	
333.63956744	
333.63965191	
333.63978701	
333.63973474	
333.63911095	
333.63897252	
333.63863152	
333.63855497	
333.63847864	
333.63810634	
333.63824399	
333.63795761	
333.63745701	
333.63738565	
333.63695635	
333.63726213	
333.63749523	
333.63726140	
333.63757790	
333.63772506	
333.63787489	
333.63752014	
333.63717002	
333.63734284	
333.63747740	
333.63743345	
333.63760524	
333.63820287	
333.63865680	
333.63835852	
333.63830958	
333.63883358	
333.63855138	
333.63836405	
333.63872228	
333.63868876	
333.63910342	
333.63907585	
333.63925268	
333.63924620	
333.63924162	
333.63955134	
333.63923659	
333.63970212	
333.64017047	
333.64001586	
333.63954212	
333.63997571	
333.64062660	
333.64102146	
333.64071674	
333.64013350	
333.64022639	
333.64012779	
333.64033037	
333.64059341	
333.64049253	
333.64012990	
333.64036014	
333.64054646	
333.64034709	
333.64049807	
333.64004476	
333.63993326	
333.64041793	
333.64081679	
333.64066884	
333.64021695	
333.64050271	
333.64042288	
333.64042055	
333.64030041	
333.64042026	
333.64037318	
333.64018652	
333.64043109	
333.64042124	
333.64087553	
333.64065147	
333.64082108	
333.64098679	
333.64096959	
333.64108063	
333.64088332	
333.64135602	
333.64156305	
333.64122108	
333.64107876	
333.64133866	
333.64157584	
333.64161935	
333.64170280	
333.64144579	
333.64121338	
333.64147826	
333.64165856	
333.64184970	
333.64240807	
333.64209498	
333.64179062	
333.64230753	
333.64281230	
333.64320093	
333.64304686	
333.64292594	
333.64302171	
333.64314616	
333.64355269	
333.64390959	
333.64354529	
333.64387267	
333.64410682	
333.64436160	
333.64483407	
333.64469672	
333.64520892	
333.64498772	
333.64497318	
333.64501445	
333.64441874	
333.64422502	
333.64431258	
333.64406038	
333.64364614	
333.64336235	
333.64309288	
333.64287666	
333.63843940	
333.63462542	
333.63100858	
333.62673682	
333.62250048	
333.61858814	
333.61492657	
333.61088310	
333.60637118	
333.60187840	
333.59778303	
333.59435410	
333.59097521	
333.58738836	
333.58380213	
333.58021382	
333.57663263	
333.57300692	
333.56936476	
333.56562042	
333.56183080	
333.55781462	
333.55401529	
333.55023474	
333.54625708	
333.54207565	
333.53767150	
333.53347997	
333.52967470	
333.52555693	
333.52136968	
333.51770762	
333.51411184	
333.51037466	
333.50643058	
333.50294108	
333.49904273	
333.49546557	
333.49169262	
333.48806798	
333.48470951	
333.48056893	
333.47655638	
333.47239668	
333.46827371	
333.46483424	
333.46072919	
333.45668439	
333.45310434	
333.44926343	
333.44506001	
333.44121521	
333.43767658	
333.43394028	
333.43056408	
333.42695301	
333.42328147	
333.41968500	
333.41638472	
333.41256870	
333.40874189	
333.40538126	
333.40173157	
333.39816148	
333.39426628	
333.38992754	
333.38581474	
333.38191467	
333.37799377	
333.37379014	
333.36978058	
333.36549540	
333.36166330	
333.35803219	
333.35385800	
333.34971368	
333.34586874	
333.34216045	
333.33861701	
333.33445220	
333.33013156	
333.32664560	
333.32258068	
333.31890828	
333.31497351	
333.31085995	
333.30681712	
333.30303260	
333.29972835	
333.29549389	
333.29137302	
333.28774528	
333.28423807	
333.28013252	
333.27661489	
333.27272520	
333.26907931	
333.26589375	
333.26192454	
333.25821814	
333.25419880	
333.25017204	
333.24620600	
333.24242932	
333.23874600	
333.23476879	
333.23092357	
333.22743583	
333.22389961	
333.22024066	
333.21605624	
333.21198790	
333.20866923	
333.20522515	
333.20143637	
333.19793086	
333.19385803	
333.18967176	
333.18621186	
333.18272620	
333.17894398	
333.17496817	
333.17152066	
333.16825345	
333.16431177	
333.16028233	
333.15647214	
333.15294854	
333.14958573	
333.14570190	
333.14147596	
333.13775468	
333.13406631	
333.12993689	
333.12660094	
333.12267949	
333.11842057	
333.11478529	
333.11074218	
333.10739030	
333.10431932	
333.10024421	
333.09670698	
333.09320276	
333.08953684	
333.08593156	
333.08223489	
333.07911092	
333.07519371	
333.07103969	
333.06767213	
333.06434389	
333.06065771	
333.05668624	
333.05327140	
333.04949018	
333.04558154	
333.04247122	
333.03843919	
333.03452055	
333.03115761	
333.02788134	
333.02446412	
333.02084501	
333.01713526	
333.01353405	
333.01034728	
333.00633444	
333.00200876	
332.99846409	
332.99522080	
332.99121575	
332.98776290	
332.98390724	
332.97965960	
332.97575065	
332.97170868	
332.96798581	
332.96468413	
332.96154336	
332.95812470	
332.95503778	
332.95159832	
332.94792082	
332.94466226	
332.94152575	
332.93765893	
332.93345544	
332.92939434	
332.92565331	
332.92158518	
332.91788667	
332.91438721	
332.91030529	
332.90639333	
332.90268578	
332.89866209	
332.89484170	
332.89171404	
332.88806798	
332.88412520	
332.88051972	
332.87698316	
332.87336560	
332.86959042	
332.86565407	
332.86181514	
332.85811476	
332.85436849	
332.85044998	
332.84660178	
332.84327969	
332.83965405	
332.83571810	
332.83200667	
332.82801070	
332.82413756	
332.82085364	
332.81711183	
332.81361036	
332.80989759	
332.80567049	
332.80198019	
332.79820667	
332.79460083	
332.79149673	
332.78806411	
332.78422495	
332.78072578	
332.77689940	
332.77347605	
332.77022976	
332.76706445	
332.76351746	
332.76015532	
332.75707359	
332.75328123	
332.74959614	
332.74578538	
332.74202662	
332.73816251	
332.73425020	
332.73021558	
332.72671080	
332.72350160	
332.72011250	
332.71647067	
332.71299058	
332.70919211	
332.70586708	
332.70285308	
332.69875129	
332.69543771	
332.69252600	
332.68885216	
332.68510962	
332.68209238	
332.67903969	
332.67551587	
332.67195785	
332.66829077	
332.66469657	
332.66091517	
332.65700715	
332.65390391	
332.65072431	
332.64764306	
332.64436785	
332.64056177	
332.63671971	
332.63286419	
332.62927939	
332.62617816	
332.62327328	
332.61935073	
332.61546832	
332.61240919	
332.60921919	
332.60598700	
332.60281057	
332.59932571	
332.59591176	
332.59215246	
332.58865263	
332.58537762	
332.58165523	
332.57858931	
332.57491067	
332.57075435	
332.56730759	
332.56420590	
332.56072641	
332.55676165	
332.55342319	
332.54961992	
332.54636220	
332.54345658	
332.54002926	
332.53669718	
332.53342484	
332.53045150	
332.52664390	
332.52299137	
332.52000537	
332.51663477	
332.51309635	
332.50982950	
332.50660001	
332.50297801	
332.49970199	
332.49596733	
332.49236755	
332.48905613	
332.48548769	
332.48207547	
332.47855933	
332.47495997	
332.47098840	
332.46755476	
332.46430898	
332.46075669	
332.45706004	
332.45392594	
332.45076089	
332.44760712	
332.44406143	
332.44012889	
332.43667311	
332.43357999	
332.43041039	
332.42711783	
332.42370391	
332.42067790	
332.41766362	
332.41378729	
332.41046276	
332.40724239	
332.40344548	
332.40039551	
332.39675491	
332.39306718	
332.38952359	
332.38590696	
332.38232887	
332.37892859	
332.37608500	
332.37310353	
332.37015094	
332.36715288	
332.36358622	
332.35985146	
332.35667101	
332.35335662	
332.35018138	
332.34646463	
332.34341107	
332.34058317	
332.33697651	
332.33349508	
332.33057271	
332.32720196	
332.32363743	
332.32006859	
332.31667165	
332.31384004	
332.31026990	
332.30677581	
332.30321251	
332.29988416	
332.29693148	
332.29346688	
332.29022028	
332.28692430	
332.28307845	
332.27972448	
332.27689527	
332.27402614	
332.27037085	
332.26714098	
332.26415187	
332.26021591	
332.25663520	
332.25346575	
332.25006965	
332.24631178	
332.24309504	
332.23939058	
332.23564791	
332.23255179	
332.22883972	
332.22563422	
332.22238509	
332.21859088	
332.21515388	
332.21166204	
332.20856288	
332.20497499	
332.20103282	
332.19805338	
332.19513150	
332.19230973	
332.18927417	
332.18633917	
332.18278111	
332.17912421	
332.17604903	
332.17289555	
332.16943880	
332.16581994	
332.16230330	
332.15887652	
332.15566258	
332.15190099	
332.14839962	
332.14539557	
332.14265704	
332.13908724	
332.13590638	
332.13258633	
332.12927477	
332.12587281	
332.12251323	
332.11908778	
332.11534108	
332.11174104	
332.10784442	
332.10498158	
332.10163194	
332.09809771	
332.09467471	
332.09139085	
332.08790906	
332.08460076	
332.08130054	
332.07760150	
332.07469461	
332.07181585	
332.06885745	
332.06553100	
332.06252071	
332.05907428	
332.05563204	
332.05216517	
332.04905696	
332.04574417	
332.04253696	
332.03918393	
332.03519191	
332.03198757	
332.02899230	
332.02556388	
332.02201977	
332.01882936	
332.01505099	
332.01167826	
332.00885184	
332.00569689	
332.00248960	
331.99906709	
331.99603330	
331.99330132	
331.98955295	
331.98671188	
331.98412948	
331.98076224	
331.97785039	
331.97452156	
331.97150603	
331.96838968	
331.96506353	
331.96243604	
331.95919208	
331.95553876	
331.95263338	
331.94926859	
331.94593932	
331.94275316	
331.93924095	
331.93642900	
331.93284673	
331.92977315	
331.92637629	
331.92291171	
331.92022697	
331.91735045	
331.91388288	
331.91068908	
331.90730021	
331.90402737	
331.90103598	
331.89724153	
331.89384127	
331.89074833	
331.88741224	
331.88411403	
331.88071556	
331.87767354	
331.87491831	
331.87181782	
331.86837061	
331.86467580	
331.86185404	
331.85928784	
331.85586251	
331.85293177	
331.85000928	
331.84688105	
331.84396206	
331.84029512	
331.83695620	
331.83375562	
331.83095377	
331.82813540	
331.82460449	
331.82159211	
331.81858887	
331.81497236	
331.81185257	
331.80926126	
331.80609002	
331.80312232	
331.80011863	
331.79718340	
331.79428356	
331.79111391	
331.78846824	
331.78537193	
331.78246501	
331.77927704	
331.77627275	
331.77336191	
331.77029365	
331.76726257	
331.76387218	
331.76037973	
331.75744283	
331.75413116	
331.75104856	
331.74823271	
331.74512785	
331.74194814	
331.73832560	
331.73516968	
331.73173256	
331.72847818	
331.72497239	
331.72197488	
331.71866347	
331.71501220	
331.71174419	
331.70838825	
331.70572256	
331.70287522	
331.70014947	
331.69723212	
331.69422123	
331.69129862	
331.68836014	
331.68528487	
331.68178938	
331.67826181	
331.67482550	
331.67185509	
331.66911171	
331.66653199	
331.66367015	
331.66088819	
331.65842605	
331.65575649	
331.65308872	
331.65034416	
331.64702112	
331.64419488	
331.64180883	
331.63851177	
331.63512568	
331.63256599	
331.62948661	
331.62580637	
331.62264514	
331.61945857	
331.61649299	
331.61392174	
331.61101519	
331.60826979	
331.60533675	
331.60223109	
331.59971287	
331.59698927	
331.59387326	
331.59104249	
331.58810458	
331.58454955	
331.58169417	
331.57844482	
331.57559291	
331.57283872	
331.56941848	
331.56675442	
331.56409860	
331.56082481	
331.55720033	
331.55375269	
331.55058414	
331.54739732	
331.54383150	
331.54056700	
331.53715991	
331.53385776	
331.53110607	
331.52813806	
331.52514128	
331.52181252	
331.51845548	
331.51576253	
331.51314122	
331.51050742	
331.50734561	
331.50456878	
331.50209899	
331.49916586	
331.49631183	
331.49290202	
331.48977955	
331.48729745	
331.48436777	
331.48154409	
331.47881298	
331.47554926	
331.47281732	
331.47016051	
331.46677924	
331.46407888	
331.46092318	
331.45801709	
331.45570999	
331.45229227	
331.44904987	
331.44587913	
331.44258504	
331.44005533	
331.43738220	
331.43448159	
331.43172912	
331.42853365	
331.42563177	
331.42239596	
331.41960088	
331.41710031	
331.41432957	
331.41197456	
331.40946628	
331.40694675	
331.40436371	
331.40180283	
331.39911499	
331.39593173	
331.39318986	
331.39063386	
331.38786623	
331.38514597	
331.38229054	
331.37901310	
331.37581810	
331.37300446	
331.36988441	
331.36709243	
331.36403783	
331.36065960	
331.35806140	
331.35537657	
331.35194579	
331.34876471	
331.34602207	
331.34315827	
331.34066220	
331.33831293	
331.33586026	
331.33271804	
331.32954990	
331.32681858	
331.32423413	
331.32192931	
331.31938817	
331.31666642	
331.31370830	
331.31098661	
331.30778293	
331.30449498	
331.30175923	
331.29930301	
331.29606176	
331.29285619	
331.29045259	
331.28787165	
331.28530141	
331.28247884	
331.27936667	
331.27687085	
331.27404535	
331.27117130	
331.26850219	
331.26591447	
331.26311032	
331.26015823	
331.25784082	
331.25517727	
331.25190103	
331.24878428	
331.24601493	
331.24358251	
331.24051656	
331.23695069	
331.23456493	
331.23168343	
331.22877021	
331.22565756	
331.22297311	
331.22007984	
331.21700942	
331.21394259	
331.21059279	
331.20799004	
331.20521419	
331.20251827	
331.19998480	
331.19723144	
331.19384821	
331.19133994	
331.18916786	
331.18637220	
331.18316585	
331.17984512	
331.17659994	
331.17397218	
331.17163164	
331.16900809	
331.16664625	
331.16363316	
331.16067073	
331.15786979	
331.15490385	
331.15167010	
331.14903497	
331.14666880	
331.14394443	
331.14100788	
331.13772440	
331.13538002	
331.13256547	
331.13006422	
331.12744104	
331.12443388	
331.12164982	
331.11895005	
331.11649149	
331.11362637	
331.11089397	
331.10853938	
331.10599234	
331.10338882	
331.10102393	
331.09849300	
331.09591325	
331.09286267	
331.08975229	
331.08742306	
331.08495833	
331.08206035	
331.07929640	
331.07676213	
331.07372945	
331.07111751	
331.06884512	
331.06597048	
331.06333961	
331.06095467	
331.05800149	
331.05486616	
331.05245127	
331.04937375	
331.04684313	
331.04457260	
331.04197566	
331.03906099	
331.03571890	
331.03304867	
331.03047630	
331.02784990	
331.02467263	
331.02129284	
331.01863113	
331.01610189	
331.01349328	
331.01081415	
331.00781637	
331.00548428	
331.00303088	
330.99982005	
330.99724880	
330.99443400	
330.99106858	
330.98826528	
330.98592287	
330.98372985	
330.98104770	
330.97839597	
330.97596730	
330.97339915	
330.97118779	
330.96876696	
330.96635067	
330.96389146	
330.96133191	
330.95841640	
330.95534786	
330.95274285	
330.95039560	
330.94748137	
330.94410003	
330.94170103	
330.93883513	
330.93591990	
330.93370764	
330.93065335	
330.92798493	
330.92522287	
330.92223325	
330.91984106	
330.91727092	
330.91497767	
330.91251492	
330.90986754	
330.90684842	
330.90360377	
330.90116846	
330.89834015	
330.89532529	
330.89312767	
330.89031484	
330.88787985	
330.88496221	
330.88158395	
330.87925118	
330.87617293	
330.87344830	
330.87051175	
330.86750349	
330.86529302	
330.86280982	
330.86054710	
330.85789041	
330.85501392	
330.85266109	
330.84983671	
330.84726913	
330.84465171	
330.84194163	
330.83984811	
330.83737230	
330.83425718	
330.83166808	
330.82879156	
330.82592012	
330.82333380	
330.82097232	
330.81881697	
330.81579708	
330.81303662	
330.81007613	
330.80753574	
330.80455427	
330.80146639	
330.79903724	
330.79661507	
330.79389621	
330.79066001	
330.78802320	
330.78506809	
330.78190794	
330.77971838	
330.77750788	
330.77510379	
330.77277511	
330.77023342	
330.76771442	
330.76481295	
330.76187596	
330.75928958	
330.75658820	
330.75353453	
330.75101229	
330.74876118	
330.74588991	
330.74317165	
330.74041933	
330.73779259	
330.73485021	
330.73181101	
330.72923291	
330.72669153	
330.72427319	
330.72155837	
330.71876417	
330.71590480	
330.71327395	
330.71066472	
330.70775974	
330.70518125	
330.70243230	
330.69934231	
330.69636314	
330.69389099	
330.69182001	
330.68907234	
330.68677287	
330.68406067	
330.68091567	
330.67814865	
330.67520826	
330.67253113	
330.66996864	
330.66760239	
330.66511221	
330.66302039	
330.66050985	
330.65812048	
330.65574970	
330.65331619	
330.65079820	
330.64840513	
330.64579062	
330.64260841	
330.63988524	
330.63710124	
330.63441223	
330.63225788	
330.63031535	
330.62766931	
330.62513992	
330.62309147	
330.62061077	
330.61831773	
330.61627820	
330.61378202	
330.61102384	
330.60835558	
330.60555616	
330.60243808	
330.59946485	
330.59666937	
330.59370590	
330.59106108	
330.58904629	
330.58634806	
330.58344724	
330.58066024	
330.57786225	
330.57487766	
330.57197392	
330.56940857	
330.56654721	
330.56381470	
330.56095383	
330.55834354	
330.55606682	
330.55317415	
330.55078462	
330.54839756	
330.54567508	
330.54315509	
330.54056373	
330.53834304	
330.53607677	
330.53334941	
330.53048046	
330.52829240	
330.52575732	
330.52351862	
330.52154880	
330.51902254	
330.51687099	
330.51438937	
330.51204171	
330.50953476	
330.50720212	
330.50529275	
330.50233433	
330.49931712	
330.49637805	
330.49413161	
330.49183389	
330.48940683	
330.48690527	
330.48386765	
330.48104680	
330.47872363	
330.47603191	
330.47299120	
330.47097373	
330.46859640	
330.46642981	
330.46455988	
330.46184578	
330.45958997	
330.45724121	
330.45431780	
330.45222561	
330.45012178	
330.44720441	
330.44487471	
330.44234819	
330.43937325	
330.43704840	
330.43473511	
330.43273566	
330.42998710	
330.42759483	
330.42521010	
330.42220120	
330.41999353	
330.41756588	
330.41498902	
330.41256920	
330.41033055	
330.40821346	
330.40537744	
330.40249124	
330.39968624	
330.39745176	
330.39482828	
330.39243851	
330.39046119	
330.38811216	
330.38616381	
330.38346331	
330.38078184	
330.37794749	
330.37543901	
330.37284001	
330.36983029	
330.36761780	
330.36546979	
330.36264357	
330.36039099	
330.35837482	
330.35634949	
330.35368831	
330.35110515	
330.34841917	
330.34579485	
330.34336006	
330.34048596	
330.33812339	
330.33562319	
330.33336934	
330.33061808	
330.32780379	
330.32541318	
330.32310881	
330.32110312	
330.31851803	
330.31584830	
330.31326411	
330.31053613	
330.30840412	
330.30604157	
330.30325572	
330.30089009	
330.29901206	
330.29654710	
330.29369053	
330.29125140	
330.28864047	
330.28640983	
330.28384322	
330.28125072	
330.27887330	
330.27632655	
330.27365784	
330.27126086	
330.26946747	
330.26701367	
330.26409927	
330.26137799	
330.25931990	
330.25657840	
330.25407599	
330.25187223	
330.24947661	
330.24717839	
330.24485733	
330.24297356	
330.24037935	
330.23806858	
330.23579012	
330.23330476	
330.23066443	
330.22841871	
330.22651104	
330.22397495	
330.22137300	
330.21890658	
330.21640890	
330.21392736	
330.21177664	
330.20968743	
330.20726418	
330.20497417	
330.20277456	
330.20017283	
330.19805172	
330.19609745	
330.19373578	
330.19083363	
330.18807509	
330.18585193	
330.18320154	
330.18031985	
330.17826737	
330.17577553	
330.17300626	
330.17059306	
330.16849611	
330.16601241	
330.16381358	
330.16187920	
330.15934652	
330.15678836	
330.15425653	
330.15183783	
330.14982503	
330.14781947	
330.14498176	
330.14211115	
330.14015281	
330.13779333	
330.13529214	
330.13352730	
330.13146689	
330.12870630	
330.12589143	
330.12373075	
330.12123020	
330.11868007	
330.11667366	
330.11404001	
330.11190329	
330.10978783	
330.10678548	
330.10463990	
330.10240261	
330.09989044	
330.09799224	
330.09560701	
330.09342223	
330.09091262	
330.08791250	
330.08606825	
330.08418035	
330.08155084	
330.07923192	
330.07669521	
330.07440600	
330.07245317	
330.06994827	
330.06723363	
330.06438567	
330.06236957	
330.06056695	
330.05878818	
330.05670441	
330.05423987	
330.05169478	
330.04940263	
330.04740784	
330.04494928	
330.04286323	
330.04112817	
330.03863005	
330.03579845	
330.03379611	
330.03207490	
330.02963742	
330.02759906	
330.02582092	
330.02368923	
330.02138599	
330.01867098	
330.01647866	
330.01403036	
330.01108116	
330.00893128	
330.00644245	
330.00411037	
330.00193672	
329.99992063	
329.99755677	
329.99510088	
329.99279502	
329.99077603	
329.98838247	
329.98557373	
329.98323717	
329.98041718	
329.97805445	
329.97568646	
329.97356176	
329.97144853	
329.96910412	
329.96673196	
329.96443773	
329.96190536	
329.95917459	
329.95718121	
329.95528090	
329.95285842	
329.95064127	
329.94852823	
329.94642305	
329.94390846	
329.94145025	
329.93895843	
329.93690655	
329.93452875	
329.93237905	
329.93083123	
329.92848205	
329.92598061	
329.92343180	
329.92136830	
329.91944859	
329.91700726	
329.91504219	
329.91308360	
329.91063280	
329.90854013	
329.90626607	
329.90380484	
329.90147113	
329.89952272	
329.89717367	
329.89507060	
329.89269903	
329.89052957	
329.88811299	
329.88561765	
329.88391642	
329.88147791	
329.87883592	
329.87668248	
329.87470926	
329.87236327	
329.86960275	
329.86730965	
329.86484850	
329.86239954	
329.85980210	
329.85742670	
329.85524425	
329.85298902	
329.85091946	
329.84860369	
329.84651458	
329.84470083	
329.84277234	
329.84021728	
329.83814368	
329.83619448	
329.83442484	
329.83233912	
329.82960687	
329.82711326	
329.82473327	
329.82283149	
329.82121954	
329.81956429	
329.81789880	
329.81540192	
329.81297614	
329.81125867	
329.80953142	
329.80786027	
329.80596549	
329.80348117	
329.80149604	
329.79921972	
329.79634097	
329.79416052	
329.79157960	
329.78953238	
329.78778345	
329.78567129	
329.78339752	
329.78089233	
329.77831116	
329.77581309	
329.77387404	
329.77143128	
329.76952412	
329.76753834	
329.76504642	
329.76277784	
329.76004613	
329.75763700	
329.75577439	
329.75335993	
329.75106907	
329.74899682	
329.74695009	
329.74530120	
329.74346661	
329.74116728	
329.73904574	
329.73674317	
329.73414180	
329.73185243	
329.72954003	
329.72784123	
329.72572691	
329.72387547	
329.72160197	
329.71894963	
329.71691733	
329.71504086	
329.71291303	
329.71032064	
329.70826666	
329.70589240	
329.70337688	
329.70155438	
329.69920892	
329.69667508	
329.69413770	
329.69153186	
329.68950448	
329.68784489	
329.68579699	
329.68362079	
329.68194985	
329.68029817	
329.67824975	
329.67558944	
329.67291948	
329.67041043	
329.66836312	
329.66639229	
329.66455265	
329.66282616	
329.66034770	
329.65818204	
329.65661827	
329.65412625	
329.65198976	
329.64966454	
329.64751326	
329.64533632	
329.64258030	
329.64044332	
329.63783206	
329.63545520	
329.63347384	
329.63106221	
329.62893632	
329.62720240	
329.62496634	
329.62272652	
329.62084928	
329.61921424	
329.61710318	
329.61498626	
329.61254920	
329.61026829	
329.60792201	
329.60586150	
329.60433636	
329.60192940	
329.59969620	
329.59790552	
329.59565863	
329.59376725	
329.59156569	
329.58879511	
329.58709006	
329.58464678	
329.58233471	
329.57999274	
329.57767741	
329.57613764	
329.57443570	
329.57226825	
329.57041550	
329.56824516	
329.56604971	
329.56431487	
329.56221261	
329.56055740	
329.55854505	
329.55632134	
329.55374938	
329.55172087	
329.54955233	
329.54694998	
329.54475038	
329.54266772	
329.54056740	
329.53833229	
329.53637622	
329.53456054	
329.53213568	
329.52950892	
329.52737392	
329.52488272	
329.52294220	
329.52076318	
329.51812048	
329.51632888	
329.51471880	
329.51267014	
329.51027283	
329.50814428	
329.50655804	
329.50423034	
329.50180922	
329.50031844	
329.49840737	
329.49610859	
329.49406680	
329.49227963	
329.49038265	
329.48837106	
329.48644555	
329.48461024	
329.48294986	
329.48131739	
329.47896842	
329.47696258	
329.47471299	
329.47217934	
329.47001694	
329.46825011	
329.46686019	
329.46463873	
329.46245548	
329.46024655	
329.45854936	
329.45625495	
329.45361414	
329.45123312	
329.44894581	
329.44750263	
329.44536643	
329.44342232	
329.44156462	
329.43905785	
329.43674625	
329.43496919	
329.43255704	
329.43042899	
329.42832053	
329.42641829	
329.42485787	
329.42253816	
329.42052798	
329.41892112	
329.41722880	
329.41531748	
329.41289840	
329.41100762	
329.40959505	
329.40760998	
329.40579671	
329.40389559	
329.40142870	
329.39937343	
329.39752259	
329.39549704	
329.39381376	
329.39175169	
329.38953776	
329.38731014	
329.38506431	
329.38255932	
329.38038544	
329.37858587	
329.37674854	
329.37497217	
329.37270146	
329.37047681	
329.36898233	
329.36737047	
329.36521369	
329.36270029	
329.36078433	
329.35864347	
329.35613973	
329.35403967	
329.35194368	
329.34968651	
329.34774455	
329.34562438	
329.34316465	
329.34151068	
329.34006681	
329.33824450	
329.33611122	
329.33365009	
329.33199244	
329.33018847	
329.32847294	
329.32676387	
329.32447553	
329.32294452	
329.32134947	
329.31936709	
329.31724230	
329.31542795	
329.31334128	
329.31106008	
329.30878916	
329.30666607	
329.30516497	
329.30314400	
329.30138931	
329.29940305	
329.29715992	
329.29555207	
329.29388078	
329.29216627	
329.28999745	
329.28809379	
329.28665970	
329.28465114	
329.28256362	
329.28059789	
329.27827924	
329.27612429	
329.27436071	
329.27280631	
329.27082828	
329.26878194	
329.26681207	
329.26456615	
329.26290675	
329.26142161	
329.25989522	
329.25817866	
329.25581381	
329.25367237	
329.25166589	
329.24946115	
329.24712891	
329.24489995	
329.24318822	
329.24126130	
329.23965935	
329.23830514	
329.23650903	
329.23461862	
329.23243733	
329.23021614	
329.22854753	
329.22679671	
329.22427777	
329.22264950	
329.22059936	
329.21863337	
329.21651749	
329.21392165	
329.21171961	
329.21003458	
329.20840030	
329.20646166	
329.20507100	
329.20335021	
329.20101639	
329.19932310	
329.19809751	
329.19603929	
329.19435982	
329.19270975	
329.19104348	
329.18882343	
329.18674033	
329.18456147	
329.18259606	
329.18109158	
329.17945716	
329.17772302	
329.17525878	
329.17374516	
329.17170086	
329.16939375	
329.16717816	
329.16469160	
329.16317549	
329.16094545	
329.15875465	
329.15672440	
329.15495475	
329.15372366	
329.15141360	
329.14962187	
329.14761030	
329.14521999	
329.14378133	
329.14241219	
329.14077370	
329.13920840	
329.13746207	
329.13527592	
329.13342868	
329.13182742	
329.12957988	
329.12725583	
329.12535821	
329.12370411	
329.12181290	
329.11972905	
329.11744992	
329.11586790	
329.11389680	
329.11207706	
329.11053818	
329.10892529	
329.10717928	
329.10467154	
329.10236399	
329.10080529	
329.09918701	
329.09706466	
329.09523591	
329.09350697	
329.09164337	
329.08946360	
329.08749270	
329.08576520	
329.08353585	
329.08111763	
329.07912469	
329.07761537	
329.07623232	
329.07402931	
329.07161248	
329.06921782	
329.06772732	
329.06574970	
329.06390146	
329.06186752	
329.06013536	
329.05835822	
329.05579539	
329.05401537	
329.05201085	
329.05042164	
329.04844161	
329.04689356	
329.04525966	
329.04343468	
329.04213482	
329.04025191	
329.03823807	
329.03671963	
329.03504284	
329.03268208	
329.03056905	
329.02832956	
329.02609397	
329.02468079	
329.02305912	
329.02115905	
329.01897082	
329.01696807	
329.01492848	
329.01312634	
329.01153250	
329.00950302	
329.00808252	
329.00638210	
329.00477462	
329.00310291	
329.00146217	
328.99976986	
328.99802267	
328.99634316	
328.99412891	
328.99215775	
328.99065460	
328.98927504	
328.98765142	
328.98605790	
328.98394883	
328.98174647	
328.97949046	
328.97712001	
328.97514856	
328.97309440	
328.97131229	
328.96917469	
328.96681408	
328.96450367	
328.96297719	
328.96108741	
328.95927897	
328.95765966	
328.95575013	
328.95447454	
328.95315641	
328.95179611	
328.94980486	
328.94828106	
328.94681335	
328.94489396	
328.94337657	
328.94213265	
328.94066593	
328.93915443	
328.93767147	
328.93586789	
328.93388592	
328.93162077	
328.92968361	
328.92793696	
328.92614655	
328.92454398	
328.92260177	
328.92097757	
328.91961049	
328.91800825	
328.91599527	
328.91453657	
328.91290950	
328.91073796	
328.90883440	
328.90684876	
328.90542628	
328.90372851	
328.90175911	
328.89975022	
328.89760190	
328.89586484	
328.89417227	
328.89262139	
328.89064682	
328.88901794	
328.88723625	
328.88479755	
328.88285521	
328.88083047	
328.87882712	
328.87720192	
328.87561163	
328.87396668	
328.87271885	
328.87132793	
328.86924761	
328.86688778	
328.86467757	
328.86270970	
328.86099226	
328.85886437	
328.85723821	
328.85586344	
328.85443337	
328.85272324	
328.85120246	
328.84953756	
328.84757044	
328.84562488	
328.84345568	
328.84212707	
328.84025325	
328.83816652	
328.83677506	
328.83544888	
328.83398313	
328.83233488	
328.83098470	
328.82935331	
328.82766620	
328.82585793	
328.82438228	
328.82319971	
328.82099344	
328.81923586	
328.81765355	
328.81539025	
328.81307454	
328.81090246	
328.80864223	
328.80695269	
328.80556321	
328.80370018	
328.80155606	
328.80021396	
328.79847641	
328.79629911	
328.79480282	
328.79300860	
328.79115409	
328.78973714	
328.78797130	
328.78609144	
328.78431286	
328.78282709	
328.78114458	
328.77954675	
328.77792899	
328.77581206	
328.77446544	
328.77302613	
328.77095338	
328.76902858	
328.76750536	
328.76599706	
328.76468165	
328.76310831	
328.76095328	
328.75868236	
328.75689096	
328.75567264	
328.75428705	
328.75234111	
328.75040507	
328.74910995	
328.74761530	
328.74628330	
328.74477110	
328.74257951	
328.74094666	
328.73965216	
328.73761340	
328.73576212	
328.73387545	
328.73162356	
328.73028754	
328.72858583	
328.72643084	
328.72451094	
328.72314786	
328.72145131	
328.71967348	
328.71822408	
328.71623435	
328.71444288	
328.71263079	
328.71050601	
328.70896514	
328.70696701	
328.70528390	
328.70365441	
328.70220345	
328.70116047	
328.69953238	
328.69835482	
328.69709460	
328.69514322	
328.69361403	
328.69195987	
328.69025315	
328.68874572	
328.68698846	
328.68498821	
328.68314637	
328.68133250	
328.67958647	
328.67818570	
328.67619466	
328.67437425	
328.67229756	
328.67017822	
328.66850982	
328.66643840	
328.66501168	
328.66385439	
328.66221141	
328.66076235	
328.65934999	
328.65730314	
328.65499615	
328.65319344	
328.65116170	
328.64975732	
328.64778423	
328.64579708	
328.64398275	
328.64205605	
328.64050239	
328.63840250	
328.63711875	
328.63545262	
328.63316494	
328.63113644	
328.62912601	
328.62735897	
328.62575651	
328.62410353	
328.62203081	
328.61990295	
328.61791904	
328.61625091	
328.61429174	
328.61207675	
328.61032249	
328.60849346	
328.60659153	
328.60451266	
328.60239973	
328.60054801	
328.59906924	
328.59723160	
328.59588268	
328.59447566	
328.59260207	
328.59064834	
328.58872203	
328.58718711	
328.58566530	
328.58415513	
328.58209328	
328.58055076	
328.57907338	
328.57748296	
328.57548957	
328.57326552	
328.57150854	
328.56960630	
328.56801118	
328.56666730	
328.56491599	
328.56310007	
328.56156945	
328.56030045	
328.55828901	
328.55675301	
328.55514808	
328.55363443	
328.55220433	
328.54991505	
328.54859488	
328.54678748	
328.54523914	
328.54394794	
328.54193338	
328.54003100	
328.53788773	
328.53567671	
328.53358704	
328.53158388	
328.52983595	
328.52867677	
328.52701760	
328.52519212	
328.52369425	
328.52205984	
328.52027074	
328.51872493	
328.51727721	
328.51518059	
328.51363304	
328.51187031	
328.51010632	
328.50879925	
328.50707123	
328.50551502	
328.50385866	
328.50195739	
328.50019113	
328.49836145	
328.49658600	
328.49518093	
328.49393890	
328.49214223	
328.49036993	
328.48861540	
328.48649593	
328.48463562	
328.48321506	
328.48145536	
328.47931088	
328.47809187	
328.47660628	
328.47503532	
328.47325137	
328.47183344	
328.47020647	
328.46873597	
328.46736166	
328.46558585	
328.46386167	
328.46189124	
328.46036199	
328.45914071	
328.45740718	
328.45596416	
328.45486585	
328.45299190	
328.45180242	
328.45006145	
328.44856448	
328.44751906	
328.44616721	
328.44484069	
328.44314563	
328.44174212	
328.43997502	
328.43784968	
328.43644018	
328.43539990	
328.43424008	
328.43301768	
328.43162687	
328.42998969	
328.42871003	
328.42718906	
328.42557166	
328.42378897	
328.42188302	
328.41993246	
328.41804701	
328.41663360	
328.41524163	
328.41377673	
328.41207543	
328.41068884	
328.40892912	
328.40707509	
328.40589361	
328.40482578	
328.40376853	
328.40240743	
328.40042068	
328.39894395	
328.39748633	
328.39538714	
328.39424484	
328.39260467	
328.39067042	
328.38887762	
328.38736488	
328.38600479	
328.38480594	
328.38342210	
328.38123794	
328.37989111	
328.37839028	
328.37652347	
328.37535436	
328.37386378	
328.37263619	
328.37172796	
328.36976716	
328.36766460	
328.36588401	
328.36410606	
328.36242092	
328.36048021	
328.35836892	
328.35721425	
328.35560424	
328.35391024	
328.35292883	
328.35132877	
328.34983578	
328.34862676	
328.34740760	
328.34597311	
328.34416682	
328.34259562	
328.34072660	
328.33902869	
328.33761313	
328.33633373	
328.33476211	
328.33275622	
328.33159810	
328.32978734	
328.32775518	
328.32677204	
328.32533096	
328.32345464	
328.32218228	
328.32108089	
328.31996739	
328.31834998	
328.31653633	
328.31460387	
328.31271575	
328.31108280	
328.30949727	
328.30762489	
328.30597631	
328.30462602	
328.30275002	
328.30113172	
328.29952572	
328.29806822	
328.29671951	
328.29491595	
328.29376952	
328.29269037	
328.29128423	
328.28955648	
328.28749554	
328.28611843	
328.28442938	
328.28302192	
328.28203328	
328.28100065	
328.27996735	
328.27865005	
328.27761014	
328.27600152	
328.27452661	
328.27343628	
328.27149899	
328.26951550	
328.26825982	
328.26684675	
328.26509271	
328.26374616	
328.26252756	
328.26124611	
328.25978343	
328.25837520	
328.25735449	
328.25623040	
328.25429245	
328.25283755	
328.25106008	
328.24959044	
328.24796517	
328.24589675	
328.24415833	
328.24226886	
328.24052952	
328.23887535	
328.23770784	
328.23604342	
328.23483397	
328.23328456	
328.23118036	
328.22940576	
328.22819535	
328.22717666	
328.22527607	
328.22333151	
328.22150368	
328.21996702	
328.21879529	
328.21702075	
328.21545249	
328.21446795	
328.21291439	
328.21108827	
328.20916659	
328.20777717	
328.20625729	
328.20448824	
328.20338529	
328.20176456	
328.20030468	
328.19900003	
328.19760688	
328.19640281	
328.19481198	
328.19285024	
328.19079056	
328.18938396	
328.18756573	
328.18602778	
328.18506139	
328.18316153	
328.18143108	
328.18019252	
328.17859365	
328.17751389	
328.17645707	
328.17445893	
328.17320599	
328.17225079	
328.17039152	
328.16907928	
328.16787573	
328.16660791	
328.16514650	
328.16376901	
328.16228630	
328.16028270	
328.15858888	
328.15684933	
328.15556890	
328.15404056	
328.15237988	
328.15069555	
328.14953842	
328.14786613	
328.14595832	
328.14467961	
328.14328015	
328.14162402	
328.14035768	
328.13868842	
328.13734528	
328.13650026	
328.13467671	
328.13290524	
328.13094017	
328.12962607	
328.12852109	
328.12746289	
328.12650177	
328.12523375	
328.12394731	
328.12211202	
328.12073426	
328.11975670	
328.11788618	
328.11659657	
328.11521653	
328.11352024	
328.11234747	
328.11106759	
328.10940419	
328.10806288	
328.10691113	
328.10509778	
328.10336322	
328.10198917	
328.10078774	
328.09898731	
328.09750164	
328.09575698	
328.09386155	
328.09233948	
328.09071680	
328.08897330	
328.08694743	
328.08570328	
328.08439748	
328.08307035	
328.08197332	
328.08092582	
328.07936850	
328.07810518	
328.07650906	
328.07501671	
328.07427658	
328.07251640	
328.07088153	
328.06940547	
328.06817657	
328.06669380	
328.06515384	
328.06383592	
328.06254468	
328.06163962	
328.06003182	
328.05812474	
328.05646939	
328.05525241	
328.05369457	
328.05243246	
328.05104375	
328.04965151	
328.04878163	
328.04758163	
328.04661563	
328.04570104	
328.04402767	
328.04240012	
328.04140136	
328.03979486	
328.03855596	
328.03728444	
328.03543564	
328.03397486	
328.03228010	
328.03068571	
328.02974645	
328.02880053	
328.02747187	
328.02573873	
328.02471470	
328.02396122	
328.02251447	
328.02155909	
328.02084177	
328.01931768	
328.01766813	
328.01627347	
328.01503935	
328.01356504	
328.01208493	
328.01033225	
328.00889536	
328.00790604	
328.00646662	
328.00483491	
328.00367457	
328.00253642	
328.00114684	
327.99992635	
327.99861344	
327.99757906	
327.99592121	
327.99477660	
327.99390969	
327.99210012	
327.99045895	
327.98866971	
327.98747992	
327.98659523	
327.98474132	
327.98304557	
327.98188401	
327.98080179	
327.97905655	
327.97733556	
327.97624075	
327.97447894	
327.97295720	
327.97140298	
327.96963682	
327.96829678	
327.96734506	
327.96578782	
327.96389746	
327.96239677	
327.96089970	
327.95930354	
327.95742429	
327.95604183	
327.95477562	
327.95316880	
327.95156805	
327.95001632	
327.94878275	
327.94781943	
327.94663312	
327.94522615	
327.94431096	
327.94310595	
327.94176097	
327.94059529	
327.93962745	
327.93840527	
327.93717414	
327.93588941	
327.93478593	
327.93388011	
327.93198301	
327.93014371	
327.92898512	
327.92792113	
327.92613444	
327.92470890	
327.92298618	
327.92129380	
327.91978389	
327.91818486	
327.91694567	
327.91565541	
327.91444777	
327.91319222	
327.91143418	
327.91010892	
327.90848678	
327.90693848	
327.90591203	
327.90434371	
327.90284251	
327.90133256	
327.90010132	
327.89870859	
327.89778736	
327.89659737	
327.89542866	
327.89449713	
327.89291644	
327.89174114	
327.89055810	
327.88901519	
327.88800310	
327.88731384	
327.88614883	
327.88505952	
327.88370487	
327.88183641	
327.87999451	
327.87814523	
327.87695670	
327.87595799	
327.87500982	
327.87409921	
327.87274235	
327.87170019	
327.87092950	
327.86931746	
327.86775685	
327.86617697	
327.86474324	
327.86332601	
327.86190991	
327.86052031	
327.85891951	
327.85796113	
327.85628167	
327.85495636	
327.85369693	
327.85262524	
327.85143867	
327.85038257	
327.84915467	
327.84753259	
327.84660849	
327.84515945	
327.84405911	
327.84242827	
327.84082982	
327.84010745	
327.83859248	
327.83728248	
327.83585150	
327.83468458	
327.83320269	
327.83191380	
327.83132889	
327.83002162	
327.82843064	
327.82727090	
327.82656455	
327.82514895	
327.82387119	
327.82284412	
327.82145637	
327.82020772	
327.81901224	
327.81767984	
327.81674441	
327.81515898	
327.81410474	
327.81282441	
327.81118253	
327.81019003	
327.80877623	
327.80733023	
327.80636322	
327.80510676	
327.80366694	
327.80247989	
327.80136912	
327.80023652	
327.79900424	
327.79786077	
327.79695963	
327.79546330	
327.79344419	
327.79188711	
327.79043722	
327.78916699	
327.78765233	
327.78592184	
327.78451031	
327.78325460	
327.78146414	
327.78016755	
327.77920593	
327.77773269	
327.77597413	
327.77462879	
327.77373306	
327.77253221	
327.77087219	
327.76951841	
327.76861881	
327.76749794	
327.76580944	
327.76428274	
327.76269097	
327.76085603	
327.75949932	
327.75841205	
327.75767679	
327.75622083	
327.75462825	
327.75318440	
327.75206734	
327.75108513	
327.74926974	
327.74746247	
327.74608317	
327.74487813	
327.74313344	
327.74153490	
327.74056646	
327.73921279	
327.73809689	
327.73669958	
327.73557225	
327.73449438	
327.73351836	
327.73285728	
327.73125162	
327.72987497	
327.72908568	
327.72760016	
327.72585494	
327.72501411	
327.72365954	
327.72270678	
327.72204106	
327.72062350	
327.71941777	
327.71842569	
327.71761144	
327.71668025	
327.71519460	
327.71360212	
327.71209440	
327.71058271	
327.70966266	
327.70894173	
327.70798129	
327.70717803	
327.70635046	
327.70548323	
327.70396679	
327.70274684	
327.70119841	
327.69954605	
327.69808675	
327.69657235	
327.69512298	
327.69362424	
327.69286351	
327.69128402	
327.68937085	
327.68837979	
327.68724167	
327.68617040	
327.68476660	
327.68318126	
327.68195876	
327.68085962	
327.67968318	
327.67800316	
327.67676255	
327.67522403	
327.67359598	
327.67282852	
327.67186309	
327.67079776	
327.66997912	
327.66911189	
327.66774291	
327.66593542	
327.66443097	
327.66273512	
327.66149311	
327.66086597	
327.65968409	
327.65830689	
327.65678054	
327.65584720	
327.65477779	
327.65319390	
327.65195611	
327.65070199	
327.64907503	
327.64815883	
327.64722413	
327.64624177	
327.64531604	
327.64350555	
327.64227567	
327.64119948	
327.64028206	
327.63880496	
327.63784510	
327.63716192	
327.63540180	
327.63366725	
327.63256267	
327.63140736	
327.62996525	
327.62884669	
327.62806198	
327.62723448	
327.62611005	
327.62484350	
327.62385945	
327.62283548	
327.62120806	
327.61974150	
327.61861822	
327.61785818	
327.61672009	
327.61547766	
327.61480828	
327.61382018	
327.61247493	
327.61137399	
327.61015284	
327.60869217	
327.60716011	
327.60587639	
327.60488478	
327.60338628	
327.60249847	
327.60139138	
327.59993043	
327.59860267	
327.59701087	
327.59542384	
327.59454038	
327.59374035	
327.59242128	
327.59108476	
327.59022041	
327.58889042	
327.58699702	
327.58573590	
327.58492836	
327.58386218	
327.58249777	
327.58139106	
327.57992462	
327.57887157	
327.57806984	
327.57674764	
327.57532344	
327.57464113	
327.57380808	
327.57223764	
327.57094245	
327.56936967	
327.56830516	
327.56705298	
327.56604111	
327.56503832	
327.56363144	
327.56218852	
327.56063093	
327.55955051	
327.55822687	
327.55724034	
327.55620987	
327.55495252	
327.55380737	
327.55284473	
327.55188028	
327.55070245	
327.54977670	
327.54872951	
327.54707318	
327.54578435	
327.54449863	
327.54367446	
327.54240204	
327.54120855	
327.53981385	
327.53852650	
327.53718287	
327.53532137	
327.53384019	
327.53250022	
327.53107298	
327.52982945	
327.52841930	
327.52711194	
327.52583590	
327.52481067	
327.52404635	
327.52311494	
327.52210158	
327.52080788	
327.51943335	
327.51796512	
327.51692698	
327.51561547	
327.51445618	
327.51369538	
327.51286929	
327.51147677	
327.50979123	
327.50819708	
327.50736210	
327.50602487	
327.50429310	
327.50272553	
327.50153558	
327.50075897	
327.49970639	
327.49884741	
327.49757901	
327.49680802	
327.49552076	
327.49379138	
327.49312825	
327.49233917	
327.49119364	
327.48981653	
327.48892489	
327.48767295	
327.48656814	
327.48529039	
327.48372390	
327.48308783	
327.48220232	
327.48151729	
327.48016387	
327.47859144	
327.47741824	
327.47653653	
327.47563902	
327.47448546	
327.47346761	
327.47185490	
327.47057388	
327.46906637	
327.46758518	
327.46698847	
327.46620361	
327.46554113	
327.46480629	
327.46397537	
327.46329741	
327.46244998	
327.46147245	
327.46011563	
327.45902203	
327.45805613	
327.45680771	
327.45599114	
327.45539185	
327.45456746	
327.45364722	
327.45273091	
327.45201472	
327.45089212	
327.44949578	
327.44802792	
327.44681626	
327.44570105	
327.44482573	
327.44416674	
327.44265808	
327.44144319	
327.44019404	
327.43916206	
327.43853056	
327.43718208	
327.43564157	
327.43422618	
327.43269485	
327.43171637	
327.43097725	
327.42944891	
327.42788102	
327.42636122	
327.42549281	
327.42441327	
327.42270863	
327.42142323	
327.42000325	
327.41916517	
327.41800200	
327.41668524	
327.41594781	
327.41513066	
327.41385419	
327.41303350	
327.41191387	
327.41067674	
327.40983053	
327.40902790	
327.40852743	
327.40749503	
327.40623464	
327.40510282	
327.40362109	
327.40261051	
327.40181803	
327.40082857	
327.39944231	
327.39851187	
327.39756851	
327.39638977	
327.39571797	
327.39479620	
327.39370650	
327.39252929	
327.39169499	
327.39053785	
327.38931048	
327.38829351	
327.38694305	
327.38612835	
327.38508590	
327.38349623	
327.38269978	
327.38144330	
327.38035468	
327.37966982	
327.37868580	
327.37724865	
327.37623525	
327.37549148	
327.37487799	
327.37399889	
327.37261244	
327.37142914	
327.37030160	
327.36964466	
327.36909646	
327.36783557	
327.36701277	
327.36632013	
327.36488620	
327.36399054	
327.36318552	
327.36179113	
327.36035198	
327.35919632	
327.35770631	
327.35629158	
327.35540160	
327.35421754	
327.35291925	
327.35216640	
327.35168330	
327.35087469	
327.34992877	
327.34902494	
327.34776326	
327.34676916	
327.34555252	
327.34439963	
327.34390981	
327.34293694	
327.34225232	
327.34144098	
327.34013312	
327.33866893	
327.33721905	
327.33643828	
327.33571683	
327.33450038	
327.33385956	
327.33316617	
327.33217367	
327.33086907	
327.32970641	
327.32894687	
327.32751989	
327.32673980	
327.32596800	
327.32437148	
327.32305200	
327.32217445	
327.32146399	
327.32020227	
327.31864933	
327.31734144	
327.31666430	
327.31602199	
327.31523850	
327.31414056	
327.31261552	
327.31178201	
327.31050015	
327.30961515	
327.30918761	
327.30784719	
327.30703539	
327.30658457	
327.30581100	
327.30448594	
327.30338964	
327.30224963	
327.30065007	
327.29964136	
327.29891305	
327.29781217	
327.29649526	
327.29547232	
327.29425006	
327.29331947	
327.29216751	
327.29079216	
327.29018062	
327.28878317	
327.28756378	
327.28696249	
327.28549819	
327.28398922	
327.28305613	
327.28164257	
327.28082412	
327.28042176	
327.27902281	
327.27789153	
327.27711921	
327.27651864	
327.27570470	
327.27445544	
327.27332567	
327.27233338	
327.27127953	
327.27043421	
327.26967973	
327.26832207	
327.26694700	
327.26600772	
327.26536068	
327.26415439	
327.26305183	
327.26184915	
327.26049477	
327.25962146	
327.25841713	
327.25726616	
327.25579351	
327.25425865	
327.25310711	
327.25190964	
327.25118742	
327.25012003	
327.24846009	
327.24741291	
327.24635392	
327.24556856	
327.24418060	
327.24308031	
327.24250655	
327.24165348	
327.24038253	
327.23902418	
327.23849645	
327.23772030	
327.23694089	
327.23572853	
327.23500954	
327.23451422	
327.23305041	
327.23189977	
327.23079130	
327.22986006	
327.22861950	
327.22787143	
327.22742024	
327.22670677	
327.22602294	
327.22542141	
327.22473878	
327.22402680	
327.22291352	
327.22175524	
327.22067938	
327.21940497	
327.21881629	
327.21799903	
327.21686175	
327.21598590	
327.21484344	
327.21343125	
327.21285567	
327.21166876	
327.21078756	
327.20992014	
327.20839708	
327.20742916	
327.20667915	
327.20576481	
327.20504362	
327.20455302	
327.20355805	
327.20249416	
327.20176832	
327.20048337	
327.19932991	
327.19834028	
327.19735256	
327.19688507	
327.19574433	
327.19459389	
327.19372601	
327.19296257	
327.19207658	
327.19097191	
327.18998405	
327.18864588	
327.18721528	
327.18624831	
327.18554879	
327.18476837	
327.18370714	
327.18237186	
