288.17400916	
288.17393956	
288.17386998	
288.17380043	
288.17373091	
288.17366142	
288.17359196	
288.17352252	
288.17345311	
288.17338373	
288.17331438	
288.17324505	
288.17317575	
288.17310648	
288.17303724	
288.17296802	
288.17289884	
288.17282968	
288.17276055	
288.17269144	
288.17262236	
288.17255332	
288.17248429	
288.17241530	
288.17234633	
288.17227740	
288.17220848	
288.17213960	
288.17207075	
288.17200192	
288.17193312	
288.17186434	
288.17179560	
288.17172688	
288.17165819	
288.17158953	
288.17152089	
288.17145228	
288.17138370	
288.17131515	
288.17124662	
288.17117812	
288.17110965	
288.17104121	
288.17097279	
288.17090440	
288.17083604	
288.17076771	
288.17069940	
288.17063112	
288.17056287	
288.17049464	
288.17042644	
288.17035827	
288.17029013	
288.17022201	
288.17015392	
288.17008586	
288.17001783	
288.16994982	
288.16988184	
288.16981389	
288.16974596	
288.16967806	
288.16961019	
288.16954235	
288.16947453	
288.16940674	
288.16933898	
288.16927124	
288.16920354	
288.16913585	
288.16906820	
288.16900057	
288.16893297	
288.16886540	
288.16879785	
288.16873033	
288.16866284	
288.16859538	
288.16852794	
288.16846053	
288.16839314	
288.16832579	
288.16825846	
288.16819115	
288.16812388	
288.16805663	
288.16798940	
288.16792221	
288.16785504	
288.16778790	
288.16772078	
288.16765369	
288.16758663	
288.16751960	
288.16745259	
288.16738561	
288.16731865	
288.16725173	
288.16718483	
288.16711795	
288.16705110	
288.16698428	
288.16691749	
288.16685072	
288.16678398	
288.16671727	
288.16665058	
288.16658392	
288.16651729	
288.16645068	
288.16638410	
288.16631755	
288.16625102	
288.16618452	
288.16611805	
288.16605160	
288.16598518	
288.16591878	
288.16585242	
288.16578608	
288.16571976	
288.16565347	
288.16558721	
288.16552098	
288.16545477	
288.16538859	
288.16532243	
288.16525630	
288.16519020	
288.16512412	
288.16505807	
288.16499205	
288.16492605	
288.16486008	
288.16479414	
288.16472822	
288.16466233	
288.16459647	
288.16453063	
288.16446482	
288.16439903	
288.16433327	
288.16426754	
288.16420183	
288.16413615	
288.16407049	
288.16400487	
288.16393926	
288.16387369	
288.16380814	
288.16374262	
288.16367712	
288.16361165	
288.16354620	
288.16348078	
288.16341539	
288.16335003	
288.16328469	
288.16321937	
288.16315408	
288.16308882	
288.16302359	
288.16295838	
288.16289319	
288.16282804	
288.16276291	
288.16269780	
288.16263272	
288.16256767	
288.16250264	
288.16243764	
288.16237267	
288.16230772	
288.16224279	
288.16217790	
288.16211303	
288.16204818	
288.16198336	
288.16191857	
288.16185380	
288.16178906	
288.16172434	
288.16165965	
288.16159499	
288.16153035	
288.16146574	
288.16140115	
288.16133659	
288.16127206	
288.16120755	
288.16114307	
288.16107861	
288.16101418	
288.16094977	
288.16088539	
288.16082104	
288.16075671	
288.16069241	
288.16062813	
288.16056388	
288.16049965	
288.16043545	
288.16037128	
288.16030713	
288.16024301	
288.16017891	
288.16011484	
288.16005079	
288.15998677	
288.15992278	
288.15985881	
288.15979487	
288.15973095	
288.15966705	
288.15960319	
288.15953935	
288.15947553	
288.15941174	
288.15934798	
288.15928424	
288.15922052	
288.15915683	
288.15909317	
288.15902953	
288.15896592	
288.15890234	
288.15883878	
288.15877524	
288.15871173	
288.15864825	
288.15858479	
288.15852135	
288.15845794	
288.15839456	
288.15833120	
288.15826787	
288.15820456	
288.15814128	
288.15807802	
288.15801479	
288.15795159	
288.15788841	
288.15782525	
288.15776212	
288.15769902	
288.15763594	
288.15757288	
288.15750985	
288.15744685	
288.15738387	
288.15732092	
288.15725799	
288.15719509	
288.15713221	
288.15706935	
288.15700653	
288.15694372	
288.15688095	
288.15681819	
288.15675547	
288.15669277	
288.15663009	
288.15656744	
288.15650481	
288.15644221	
288.15637963	
288.15631708	
288.15625455	
288.15619205	
288.15612957	
288.15606712	
288.15600469	
288.15594229	
288.15587992	
288.15581756	
288.15575524	
288.15569293	
288.15563066	
288.15556840	
288.15550618	
288.15544398	
288.15538180	
288.15531964	
288.15525752	
288.15519541	
288.15513334	
288.15507128	
288.15500925	
288.15494725	
288.15488527	
288.15482332	
288.15476139	
288.15469948	
288.15463760	
288.15457575	
288.15451392	
288.15445211	
288.15439033	
288.15432858	
288.15426684	
288.15420514	
288.15414346	
288.15408180	
288.15402017	
288.15395856	
288.15389697	
288.15383542	
288.15377388	
288.15371237	
288.15365089	
288.15358943	
288.15352799	
288.15346658	
288.15340519	
288.15334383	
288.15328249	
288.15322118	
288.15315989	
288.15309863	
288.15303739	
288.15297617	
288.15291498	
288.15285382	
288.15279267	
288.15273156	
288.15267047	
288.15260940	
288.15254835	
288.15248733	
288.15242634	
288.15236537	
288.15230442	
288.15224350	
288.15218260	
288.15212173	
288.15206088	
288.15200006	
288.15193926	
288.15187848	
288.15181773	
288.15175700	
288.15169630	
288.15163562	
288.15157497	
288.15151434	
288.15145373	
288.15139315	
288.15133259	
288.15127206	
288.15121155	
288.15115107	
288.15109061	
288.15103017	
288.15096976	
288.15090937	
288.15084901	
288.15078867	
288.15072835	
288.15066806	
288.15060779	
288.15054755	
288.15048733	
288.15042714	
288.15036696	
288.15030682	
288.15024669	
288.15018660	
288.15012652	
288.15006647	
288.15000644	
288.14994644	
288.14988646	
288.14982651	
288.14976658	
288.14970667	
288.14964679	
288.14958693	
288.14952710	
288.14946728	
288.14940750	
288.14934773	
288.14928800	
288.14922828	
288.14916859	
288.14910892	
288.14904928	
288.14898966	
288.14893006	
288.14887049	
288.14881094	
288.14875142	
288.14869192	
288.14863244	
288.14857299	
288.14851356	
288.14845415	
288.14839477	
288.14833541	
288.14827608	
288.14821677	
288.14815748	
288.14809822	
288.14803898	
288.14797976	
288.14792057	
288.14786140	
288.14780226	
288.14774314	
288.14768404	
288.14762497	
288.14756592	
288.14750689	
288.14744789	
288.14738891	
288.14732995	
288.14727102	
288.14721211	
288.14715323	
288.14709437	
288.14703553	
288.14697672	
288.14691792	
288.14685916	
288.14680041	
288.14674169	
288.14668300	
288.14662432	
288.14656567	
288.14650705	
288.14644844	
288.14638987	
288.14633131	
288.14627278	
288.14621427	
288.14615578	
288.14609732	
288.14603888	
288.14598047	
288.14592207	
288.14586370	
288.14580536	
288.14574704	
288.14568874	
288.14563046	
288.14557221	
288.14551398	
288.14545578	
288.14539759	
288.14533943	
288.14528130	
288.14522319	
288.14516510	
288.14510703	
288.14504899	
288.14499097	
288.14493297	
288.14487500	
288.14481705	
288.14475912	
288.14470122	
288.14464334	
288.14458548	
288.14452765	
288.14446984	
288.14441205	
288.14435428	
288.14429654	
288.14423882	
288.14418113	
288.14412345	
288.14406580	
288.14400818	
288.14395058	
288.14389300	
288.14383544	
288.14377790	
288.14372039	
288.14366290	
288.14360544	
288.14354800	
288.14349058	
288.14343318	
288.14337581	
288.14331846	
288.14326113	
288.14320383	
288.14314654	
288.14308929	
288.14303205	
288.14297484	
288.14291765	
288.14286048	
288.14280334	
288.14274621	
288.14268912	
288.14263204	
288.14257499	
288.14251796	
288.14246095	
288.14240397	
288.14234700	
288.14229007	
288.14223315	
288.14217626	
288.14211939	
288.14206254	
288.14200571	
288.14194891	
288.14189213	
288.14183537	
288.14177864	
288.14172193	
288.14166524	
288.14160857	
288.14155193	
288.14149531	
288.14143871	
288.14138214	
288.14132558	
288.14126905	
288.14121255	
288.14115606	
288.14109960	
288.14104316	
288.14098674	
288.14093035	
288.14087397	
288.14081762	
288.14076130	
288.14070499	
288.14064871	
288.14059245	
288.14053621	
288.14048000	
288.14042381	
288.14036764	
288.14031149	
288.14025537	
288.14019927	
288.14014319	
288.14008713	
288.14003109	
288.13997508	
288.13991909	
288.13986312	
288.13980718	
288.13975125	
288.13969535	
288.13963948	
288.13958362	
288.13952779	
288.13947198	
288.13941619	
288.13936042	
288.13930468	
288.13924895	
288.13919326	
288.13913758	
288.13908192	
288.13902629	
288.13897068	
288.13891509	
288.13885953	
288.13880398	
288.13874846	
288.13869296	
288.13863748	
288.13858203	
288.13852660	
288.13847118	
288.13841580	
288.13836043	
288.13830509	
288.13824976	
288.13819446	
288.13813919	
288.13808393	
288.13802870	
288.13797349	
288.13791830	
288.13786313	
288.13780798	
288.13775286	
288.13769776	
288.13764268	
288.13758762	
288.13753259	
288.13747757	
288.13742258	
288.13736761	
288.13731267	
288.13725774	
288.13720284	
288.13714796	
288.13709310	
288.13703826	
288.13698345	
288.13692865	
288.13687388	
288.13681913	
288.13676440	
288.13670970	
288.13665501	
288.13660035	
288.13654571	
288.13649109	
288.13643650	
288.13638192	
288.13632737	
288.13627284	
288.13621833	
288.13616384	
288.13610938	
288.13605493	
288.13600051	
288.13594611	
288.13589173	
288.13583738	
288.13578304	
288.13572873	
288.13567444	
288.13562017	
288.13556592	
288.13551169	
288.13545749	
288.13540331	
288.13534914	
288.13529500	
288.13524089	
288.13518679	
288.13513272	
288.13507866	
288.13502463	
288.13497062	
288.13491663	
288.13486267	
288.13480872	
288.13475480	
288.13470090	
288.13464701	
288.13459316	
288.13453932	
288.13448550	
288.13443171	
288.13437794	
288.13432419	
288.13427046	
288.13421675	
288.13416306	
288.13410940	
288.13405575	
288.13400213	
288.13394853	
288.13389495	
288.13384139	
288.13378785	
288.13373434	
288.13368085	
288.13362737	
288.13357392	
288.13352049	
288.13346708	
288.13341370	
288.13336033	
288.13330699	
288.13325367	
288.13320036	
288.13314708	
288.13309382	
288.13304059	
288.13298737	
288.13293418	
288.13288100	
288.13282785	
288.13277472	
288.13272161	
288.13266852	
288.13261545	
288.13256241	
288.13250938	
288.13245638	
288.13240340	
288.13235043	
288.13229749	
288.13224458	
288.13219168	
288.13213880	
288.13208594	
288.13203311	
288.13198030	
288.13192751	
288.13187473	
288.13182198	
288.13176926	
288.13171655	
288.13166386	
288.13161120	
288.13155855	
288.13150593	
288.13145333	
288.13140074	
288.13134818	
288.13129564	
288.13124313	
288.13119063	
288.13113815	
288.13108570	
288.13103326	
288.13098085	
288.13092846	
288.13087609	
288.13082374	
288.13077141	
288.13071910	
288.13066681	
288.13061454	
288.13056230	
288.13051007	
288.13045787	
288.13040569	
288.13035352	
288.13030138	
288.13024926	
288.13019716	
288.13014508	
288.13009302	
288.13004099	
288.12998897	
288.12993698	
288.12988500	
288.12983305	
288.12978111	
288.12972920	
288.12967731	
288.12962544	
288.12957359	
288.12952176	
288.12946995	
288.12941816	
288.12936639	
288.12931465	
288.12926292	
288.12921122	
288.12915953	
288.12910787	
288.12905623	
288.12900460	
288.12895300	
288.12890142	
288.12884986	
288.12879832	
288.12874680	
288.12869530	
288.12864382	
288.12859237	
288.12854093	
288.12848951	
288.12843812	
288.12838674	
288.12833539	
288.12828405	
288.12823274	
288.12818145	
288.12813017	
288.12807892	
288.12802769	
288.12797648	
288.12792529	
288.12787412	
288.12782297	
288.12777184	
288.12772073	
288.12766964	
288.12761857	
288.12756753	
288.12751650	
288.12746549	
288.12741451	
288.12736354	
288.12731260	
288.12726167	
288.12721077	
288.12715988	
288.12710902	
288.12705817	
288.12700735	
288.12695655	
288.12690577	
288.12685500	
288.12680426	
288.12675354	
288.12670284	
288.12665216	
288.12660150	
288.12655086	
288.12650024	
288.12644964	
288.12639906	
288.12634850	
288.12629796	
288.12624744	
288.12619694	
288.12614646	
288.12609600	
288.12604556	
288.12599514	
288.12594475	
288.12589437	
288.12584401	
288.12579367	
288.12574336	
288.12569306	
288.12564278	
288.12559252	
288.12554229	
288.12549207	
288.12544187	
288.12539170	
288.12534154	
288.12529140	
288.12524129	
288.12519119	
288.12514111	
288.12509106	
288.12504102	
288.12499100	
288.12494101	
288.12489103	
288.12484107	
288.12479114	
288.12474122	
288.12469133	
288.12464145	
288.12459159	
288.12454176	
288.12449194	
288.12444214	
288.12439237	
288.12434261	
288.12429287	
288.12424315	
288.12419346	
288.12414378	
288.12409412	
288.12404448	
288.12399487	
288.12394527	
288.12389569	
288.12384613	
288.12379659	
288.12374708	
288.12369758	
288.12364810	
288.12359864	
288.12354920	
288.12349978	
288.12345038	
288.12340100	
288.12335164	
288.12330230	
288.12325298	
288.12320368	
288.12315439	
288.12310513	
288.12305589	
288.12300667	
288.12295747	
288.12290828	
288.12285912	
288.12280998	
288.12276085	
288.12271175	
288.12266266	
288.12261360	
288.12256455	
288.12251553	
288.12246652	
288.12241753	
288.12236857	
288.12231962	
288.12227069	
288.12222178	
288.12217289	
288.12212402	
288.12207518	
288.12202635	
288.12197753	
288.12192874	
288.12187997	
288.12183122	
288.12178249	
288.12173377	
288.12168508	
288.12163641	
288.12158775	
288.12153912	
288.12149050	
288.12144191	
288.12139333	
288.12134477	
288.12129623	
288.12124772	
288.12119922	
288.12115074	
288.12110228	
288.12105384	
288.12100541	
288.12095701	
288.12090863	
288.12086027	
288.12081192	
288.12076360	
288.12071529	
288.12066700	
288.12061874	
288.12057049	
288.12052226	
288.12047405	
288.12042586	
288.12037769	
288.12032954	
288.12028141	
288.12023330	
288.12018520	
288.12013713	
288.12008908	
288.12004104	
288.11999302	
288.11994503	
288.11989705	
288.11984909	
288.11980115	
288.11975323	
288.11970533	
288.11965745	
288.11960958	
288.11956174	
288.11951391	
288.11946611	
288.11941832	
288.11937056	
288.11932281	
288.11927508	
288.11922737	
288.11917968	
288.11913200	
288.11908435	
288.11903672	
288.11898910	
288.11894151	
288.11889393	
288.11884637	
288.11879884	
288.11875132	
288.11870382	
288.11865633	
288.11860887	
288.11856143	
288.11851400	
288.11846660	
288.11841921	
288.11837184	
288.11832449	
288.11827716	
288.11822985	
288.11818256	
288.11813529	
288.11808803	
288.11804080	
288.11799358	
288.11794639	
288.11789921	
288.11785205	
288.11780491	
288.11775778	
288.11771068	
288.11766360	
288.11761653	
288.11756949	
288.11752246	
288.11747545	
288.11742846	
288.11738149	
288.11733453	
288.11728760	
288.11724069	
288.11719379	
288.11714691	
288.11710005	
288.11705321	
288.11700639	
288.11695959	
288.11691281	
288.11686604	
288.11681929	
288.11677257	
288.11672586	
288.11667917	
288.11663249	
288.11658584	
288.11653921	
288.11649259	
288.11644599	
288.11639942	
288.11635286	
288.11630632	
288.11625979	
288.11621329	
288.11616680	
288.11612034	
288.11607389	
288.11602746	
288.11598105	
288.11593466	
288.11588828	
288.11584193	
288.11579559	
288.11574927	
288.11570297	
288.11565669	
288.11561043	
288.11556418	
288.11551796	
288.11547175	
288.11542556	
288.11537939	
288.11533324	
288.11528711	
288.11524099	
288.11519490	
288.11514882	
288.11510276	
288.11505672	
288.11501069	
288.11496469	
288.11491870	
288.11487274	
288.11482679	
288.11478086	
288.11473494	
288.11468905	
288.11464318	
288.11459732	
288.11455148	
288.11450566	
288.11445986	
288.11441407	
288.11436831	
288.11432256	
288.11427683	
288.11423112	
288.11418543	
288.11413975	
288.11409410	
288.11404846	
288.11400284	
288.11395724	
288.11391166	
288.11386609	
288.11382054	
288.11377502	
288.11372951	
288.11368401	
288.11363854	
288.11359309	
288.11354765	
288.11350223	
288.11345683	
288.11341145	
288.11336608	
288.11332073	
288.11327541	
288.11323010	
288.11318480	
288.11313953	
288.11309427	
288.11304904	
288.11300382	
288.11295862	
288.11291343	
288.11286827	
288.11282312	
288.11277799	
288.11273288	
288.11268779	
288.11264271	
288.11259765	
288.11255261	
288.11250759	
288.11246259	
288.11241761	
288.11237264	
288.11232769	
288.11228276	
288.11223785	
288.11219295	
288.11214807	
288.11210321	
288.11205837	
288.11201355	
288.11196874	
288.11192396	
288.11187919	
288.11183444	
288.11178970	
288.11174499	
288.11170029	
288.11165561	
288.11161095	
288.11156630	
288.11152167	
288.11147707	
288.11143247	
288.11138790	
288.11134335	
288.11129881	
288.11125429	
288.11120979	
288.11116530	
288.11112084	
288.11107639	
288.11103196	
288.11098755	
288.11094315	
288.11089877	
288.11085441	
288.11081007	
288.11076575	
288.11072144	
288.11067715	
288.11063288	
288.11058863	
288.11054439	
288.11050018	
288.11045598	
288.11041179	
288.11036763	
288.11032348	
288.11027935	
288.11023524	
288.11019115	
288.11014707	
288.11010301	
288.11005897	
288.11001495	
288.10997094	
288.10992695	
288.10988298	
288.10983903	
288.10979509	
288.10975118	
288.10970727	
288.10966339	
288.10961953	
288.10957568	
288.10953185	
288.10948804	
288.10944424	
288.10940046	
288.10935670	
288.10931296	
288.10926923	
288.10922553	
288.10918184	
288.10913816	
288.10909451	
288.10905087	
288.10900725	
288.10896365	
288.10892006	
288.10887649	
288.10883294	
288.10878941	
288.10874589	
288.10870240	
288.10865892	
288.10861545	
288.10857201	
288.10852858	
288.10848517	
288.10844177	
288.10839839	
288.10835504	
288.10831169	
288.10826837	
288.10822506	
288.10818177	
288.10813850	
288.10809524	
288.10805200	
288.10800878	
288.10796558	
288.10792239	
288.10787923	
288.10783607	
288.10779294	
288.10774982	
288.10770672	
288.10766364	
288.10762057	
288.10757753	
288.10753449	
288.10749148	
288.10744848	
288.10740551	
288.10736254	
288.10731960	
288.10727667	
288.10723376	
288.10719087	
288.10714799	
288.10710513	
288.10706229	
288.10701946	
288.10697666	
288.10693386	
288.10689109	
288.10684833	
288.10680560	
288.10676287	
288.10672017	
288.10667748	
288.10663481	
288.10659216	
288.10654952	
288.10650690	
288.10646430	
288.10642171	
288.10637914	
288.10633659	
288.10629406	
288.10625154	
288.10620904	
288.10616655	
288.10612409	
288.10608164	
288.10603920	
288.10599679	
288.10595439	
288.10591201	
288.10586964	
288.10582730	
288.10578496	
288.10574265	
288.10570035	
288.10565807	
288.10561581	
288.10557356	
288.10553133	
288.10548912	
288.10544693	
288.10540475	
288.10536259	
288.10532044	
288.10527831	
288.10523620	
288.10519411	
288.10515203	
288.10510997	
288.10506792	
288.10502590	
288.10498389	
288.10494189	
288.10489992	
288.10485796	
288.10481601	
288.10477409	
288.10473218	
288.10469028	
288.10464841	
288.10460655	
288.10456471	
288.10452288	
288.10448107	
288.10443928	
288.10439750	
288.10435574	
288.10431400	
288.10427228	
288.10423057	
288.10418887	
288.10414720	
288.10410554	
288.10406390	
288.10402227	
288.10398066	
288.10393907	
288.10389750	
288.10385594	
288.10381439	
288.10377287	
288.10373136	
288.10368987	
288.10364839	
288.10360693	
288.10356549	
288.10352406	
288.10348265	
288.10344126	
288.10339988	
288.10335852	
288.10331718	
288.10327585	
288.10323454	
288.10319325	
288.10315197	
288.10311071	
288.10306947	
288.10302824	
288.10298703	
288.10294583	
288.10290465	
288.10286349	
288.10282235	
288.10278122	
288.10274011	
288.10269901	
288.10265793	
288.10261687	
288.10257582	
288.10253479	
288.10249378	
288.10245278	
288.10241180	
288.10237083	
288.10232988	
288.10228895	
288.10224804	
288.10220714	
288.10216625	
288.10212539	
288.10208454	
288.10204370	
288.10200289	
288.10196209	
288.10192130	
288.10188053	
288.10183978	
288.10179904	
288.10175832	
288.10171762	
288.10167693	
288.10163626	
288.10159561	
288.10155497	
288.10151435	
288.10147374	
288.10143315	
288.10139258	
288.10135202	
288.10131148	
288.10127096	
288.10123045	
288.10118996	
288.10114948	
288.10110902	
288.10106858	
288.10102815	
288.10098774	
288.10094734	
288.10090697	
288.10086660	
288.10082626	
288.10078593	
288.10074561	
288.10070531	
288.10066503	
288.10062476	
288.10058451	
288.10054428	
288.10050406	
288.10046386	
288.10042368	
288.10038351	
288.10034335	
288.10030322	
288.10026309	
288.10022299	
288.10018290	
288.10014283	
288.10010277	
288.10006273	
288.10002270	
288.09998269	
288.09994270	
288.09990272	
288.09986276	
288.09982282	
288.09978289	
288.09974298	
288.09970308	
288.09966320	
288.09962333	
288.09958348	
288.09954365	
288.09950383	
288.09946403	
288.09942424	
288.09938447	
288.09934472	
288.09930498	
288.09926526	
288.09922556	
288.09918586	
288.09914619	
288.09910653	
288.09906689	
288.09902726	
288.09898765	
288.09894806	
288.09890848	
288.09886891	
288.09882937	
288.09878983	
288.09875032	
288.09871082	
288.09867133	
288.09863187	
288.09859241	
288.09855298	
288.09851356	
288.09847415	
288.09843476	
288.09839539	
288.09835603	
288.09831669	
288.09827736	
288.09823805	
288.09819875	
288.09815947	
288.09812021	
288.09808096	
288.09804173	
288.09800251	
288.09796331	
288.09792413	
288.09788496	
288.09784580	
288.09780666	
288.09776754	
288.09772843	
288.09768934	
288.09765027	
288.09761121	
288.09757216	
288.09753313	
288.09749412	
288.09745512	
288.09741614	
288.09737717	
288.09733822	
288.09729929	
288.09726037	
288.09722146	
288.09718258	
288.09714370	
288.09710485	
288.09706600	
288.09702718	
288.09698837	
288.09694957	
288.09691079	
288.09687203	
288.09683328	
288.09679454	
288.09675583	
288.09671712	
288.09667844	
288.09663977	
288.09660111	
288.09656247	
288.09652384	
288.09648524	
288.09644664	
288.09640806	
288.09636950	
288.09633095	
288.09629242	
288.09625390	
288.09621540	
288.09617691	
288.09613844	
288.09609999	
288.09606155	
288.09602312	
288.09598471	
288.09594632	
288.09590794	
288.09586958	
288.09583123	
288.09579290	
288.09575458	
288.09571628	
288.09567799	
288.09563972	
288.09560147	
288.09556323	
288.09552500	
288.09548679	
288.09544860	
288.09541042	
288.09537225	
288.09533410	
288.09529597	
288.09525785	
288.09521975	
288.09518166	
288.09514359	
288.09510553	
288.09506749	
288.09502946	
288.09499145	
288.09495345	
288.09491547	
288.09487750	
288.09483955	
288.09480162	
288.09476370	
288.09472579	
288.09468790	
288.09465003	
288.09461217	
288.09457432	
288.09453649	
288.09449868	
288.09446088	
288.09442309	
288.09438532	
288.09434757	
288.09430983	
288.09427211	
288.09423440	
288.09419670	
288.09415903	
288.09412136	
288.09408371	
288.09404608	
288.09400846	
288.09397086	
288.09393327	
288.09389570	
288.09385814	
288.09382059	
288.09378307	
288.09374555	
288.09370805	
288.09367057	
288.09363310	
288.09359565	
288.09355821	
288.09352079	
288.09348338	
288.09344599	
288.09340861	
288.09337125	
288.09333390	
288.09329656	
288.09325924	
288.09322194	
288.09318465	
288.09314738	
288.09311012	
288.09307288	
288.09303565	
288.09299843	
288.09296123	
288.09292405	
288.09288688	
288.09284972	
288.09281258	
288.09277546	
288.09273835	
288.09270125	
288.09266417	
288.09262711	
288.09259006	
288.09255302	
288.09251600	
288.09247899	
288.09244200	
288.09240502	
288.09236806	
288.09233111	
288.09229418	
288.09225726	
288.09222036	
288.09218347	
288.09214660	
288.09210974	
288.09207290	
288.09203607	
288.09199925	
288.09196245	
288.09192567	
288.09188890	
288.09185214	
288.09181540	
288.09177868	
288.09174197	
288.09170527	
288.09166859	
288.09163192	
288.09159527	
288.09155863	
288.09152200	
288.09148540	
288.09144880	
288.09141222	
288.09137566	
288.09133911	
288.09130257	
288.09126605	
288.09122954	
288.09119305	
288.09115657	
288.09112011	
288.09108366	
288.09104723	
288.09101081	
288.09097441	
288.09093802	
288.09090164	
288.09086528	
288.09082894	
288.09079260	
288.09075629	
288.09071998	
288.09068370	
288.09064742	
288.09061116	
288.09057492	
288.09053869	
288.09050247	
288.09046627	
288.09043009	
288.09039391	
288.09035776	
288.09032161	
288.09028549	
288.09024937	
288.09021327	
288.09017719	
288.09014112	
288.09010506	
288.09006902	
288.09003299	
288.08999698	
288.08996098	
288.08992499	
288.08988902	
288.08985307	
288.08981713	
288.08978120	
288.08974529	
288.08970939	
288.08967350	
288.08963764	
288.08960178	
288.08956594	
288.08953011	
288.08949430	
288.08945850	
288.08942272	
288.08938695	
288.08935120	
288.08931546	
288.08927973	
288.08924402	
288.08920832	
288.08917264	
288.08913697	
288.08910131	
288.08906567	
288.08903005	
288.08899443	
288.08895884	
288.08892325	
288.08888768	
288.08885213	
288.08881659	
288.08878106	
288.08874555	
288.08871005	
288.08867457	
288.08863910	
288.08860364	
288.08856820	
288.08853277	
288.08849736	
288.08846196	
288.08842658	
288.08839120	
288.08835585	
288.08832051	
288.08828518	
288.08824986	
288.08821456	
288.08817928	
288.08814401	
288.08810875	
288.08807350	
288.08803828	
288.08800306	
288.08796786	
288.08793267	
288.08789750	
288.08786234	
288.08782719	
288.08779206	
288.08775695	
288.08772184	
288.08768676	
288.08765168	
288.08761662	
288.08758157	
288.08754654	
288.08751152	
288.08747652	
288.08744153	
288.08740655	
288.08737159	
288.08733664	
288.08730170	
288.08726678	
288.08723188	
288.08719698	
288.08716211	
288.08712724	
288.08709239	
288.08705755	
288.08702273	
288.08698792	
288.08695313	
288.08691834	
288.08688358	
288.08684882	
288.08681408	
288.08677936	
288.08674465	
288.08670995	
288.08667526	
288.08664059	
288.08660594	
288.08657130	
288.08653667	
288.08650205	
288.08646745	
288.08643287	
288.08639829	
288.08636373	
288.08632919	
288.08629466	
288.08626014	
288.08622563	
288.08619114	
288.08615667	
288.08612220	
288.08608776	
288.08605332	
288.08601890	
288.08598449	
288.08595010	
288.08591572	
288.08588135	
288.08584700	
288.08581266	
288.08577833	
288.08574402	
288.08570973	
288.08567544	
288.08564117	
288.08560692	
288.08557267	
288.08553844	
288.08550423	
288.08547003	
288.08543584	
288.08540166	
288.08536750	
288.08533336	
288.08529922	
288.08526510	
288.08523100	
288.08519690	
288.08516283	
288.08512876	
288.08509471	
288.08506067	
288.08502665	
288.08499264	
288.08495864	
288.08492466	
288.08489069	
288.08485673	
288.08482279	
288.08478886	
288.08475494	
288.08472104	
288.08468715	
288.08465328	
288.08461942	
288.08458557	
288.08455173	
288.08451791	
288.08448411	
288.08445031	
288.08441653	
288.08438277	
288.08434901	
288.08431527	
288.08428155	
288.08424783	
288.08421414	
288.08418045	
288.08414678	
288.08411312	
288.08407947	
288.08404584	
288.08401222	
288.08397862	
288.08394503	
288.08391145	
288.08387788	
288.08384433	
288.08381080	
288.08377727	
288.08374376	
288.08371026	
288.08367678	
288.08364331	
288.08360985	
288.08357641	
288.08354298	
288.08350956	
288.08347616	
288.08344276	
288.08340939	
288.08337602	
288.08334267	
288.08330934	
288.08327601	
288.08324270	
288.08320941	
288.08317612	
288.08314285	
288.08310959	
288.08307635	
288.08304312	
288.08300990	
288.08297670	
288.08294351	
288.08291033	
288.08287717	
288.08284402	
288.08281088	
288.08277775	
288.08274464	
288.08271154	
288.08267846	
288.08264539	
288.08261233	
288.08257929	
288.08254625	
288.08251323	
288.08248023	
288.08244724	
288.08241426	
288.08238129	
288.08234834	
288.08231540	
288.08228247	
288.08224956	
288.08221666	
288.08218378	
288.08215090	
288.08211804	
288.08208519	
288.08205236	
288.08201954	
288.08198673	
288.08195394	
288.08192116	
288.08188839	
288.08185563	
288.08182289	
288.08179016	
288.08175744	
288.08172474	
288.08169205	
288.08165937	
288.08162671	
288.08159406	
288.08156142	
288.08152880	
288.08149619	
288.08146359	
288.08143100	
288.08139843	
288.08136587	
288.08133332	
288.08130079	
288.08126827	
288.08123576	
288.08120327	
288.08117079	
288.08113832	
288.08110586	
288.08107342	
288.08104099	
288.08100858	
288.08097617	
288.08094378	
288.08091140	
288.08087904	
288.08084669	
288.08081435	
288.08078202	
288.08074971	
288.08071741	
288.08068512	
288.08065285	
288.08062059	
288.08058834	
288.08055611	
288.08052388	
288.08049167	
288.08045948	
288.08042729	
288.08039512	
288.08036296	
288.08033082	
288.08029869	
288.08026657	
288.08023446	
288.08020237	
288.08017029	
288.08013822	
288.08010616	
288.08007412	
288.08004209	
288.08001007	
288.07997807	
288.07994608	
288.07991410	
288.07988213	
288.07985018	
288.07981824	
288.07978631	
288.07975440	
288.07972250	
288.07969061	
288.07965873	
288.07962687	
288.07959502	
288.07956318	
288.07953135	
288.07949954	
288.07946774	
288.07943596	
288.07940418	
288.07937242	
288.07934067	
288.07930893	
288.07927721	
288.07924550	
288.07921380	
288.07918212	
288.07915044	
288.07911878	
288.07908714	
288.07905550	
288.07902388	
288.07899227	
288.07896067	
288.07892909	
288.07889752	
288.07886596	
288.07883441	
288.07880288	
288.07877136	
288.07873985	
288.07870835	
288.07867687	
288.07864540	
288.07861394	
288.07858249	
288.07855106	
288.07851964	
288.07848823	
288.07845684	
288.07842545	
288.07839408	
288.07836273	
288.07833138	
288.07830005	
288.07826873	
288.07823742	
288.07820613	
288.07817484	
288.07814357	
288.07811232	
288.07808107	
288.07804984	
288.07801862	
288.07798741	
288.07795622	
288.07792503	
288.07789386	
288.07786271	
288.07783156	
288.07780043	
288.07776931	
288.07773820	
288.07770711	
288.07767602	
288.07764495	
288.07761389	
288.07758285	
288.07755182	
288.07752079	
288.07748979	
288.07745879	
288.07742781	
288.07739684	
288.07736588	
288.07733493	
288.07730400	
288.07727308	
288.07724217	
288.07721127	
288.07718038	
288.07714951	
288.07711865	
288.07708781	
288.07705697	
288.07702615	
288.07699534	
288.07696454	
288.07693375	
288.07690298	
288.07687222	
288.07684147	
288.07681073	
288.07678001	
288.07674930	
288.07671860	
288.07668791	
288.07665723	
288.07662657	
288.07659592	
288.07656528	
288.07653466	
288.07650404	
288.07647344	
288.07644285	
288.07641227	
288.07638171	
288.07635116	
288.07632062	
288.07629009	
288.07625957	
288.07622907	
288.07619858	
288.07616810	
288.07613763	
288.07610717	
288.07607673	
288.07604630	
288.07601588	
288.07598548	
288.07595508	
288.07592470	
288.07589433	
288.07586397	
288.07583363	
288.07580329	
288.07577297	
288.07574266	
288.07571237	
288.07568208	
288.07565181	
288.07562155	
288.07559130	
288.07556106	
288.07553084	
288.07550063	
288.07547043	
288.07544024	
288.07541006	
288.07537990	
288.07534974	
288.07531960	
288.07528948	
288.07525936	
288.07522926	
288.07519917	
288.07516909	
288.07513902	
288.07510896	
288.07507892	
288.07504889	
288.07501887	
288.07498886	
288.07495887	
288.07492888	
288.07489891	
288.07486895	
288.07483900	
288.07480907	
288.07477914	
288.07474923	
288.07471933	
288.07468944	
288.07465957	
288.07462971	
288.07459985	
288.07457001	
288.07454019	
288.07451037	
288.07448056	
288.07445077	
288.07442099	
288.07439122	
288.07436147	
288.07433172	
288.07430199	
288.07427227	
288.07424256	
288.07421286	
288.07418318	
288.07415351	
288.07412384	
288.07409419	
288.07406456	
288.07403493	
288.07400532	
288.07397571	
288.07394612	
288.07391655	
288.07388698	
288.07385742	
288.07382788	
288.07379835	
288.07376883	
288.07373932	
288.07370983	
288.07368034	
288.07365087	
288.07362141	
288.07359196	
288.07356253	
288.07353310	
288.07350369	
288.07347429	
288.07344490	
288.07341552	
288.07338615	
288.07335680	
288.07332746	
288.07329812	
288.07326880	
288.07323950	
288.07321020	
288.07318092	
288.07315165	
288.07312238	
288.07309314	
288.07306390	
288.07303467	
288.07300546	
288.07297626	
288.07294707	
288.07291789	
288.07288872	
288.07285956	
288.07283042	
288.07280129	
288.07277217	
288.07274306	
288.07271396	
288.07268488	
288.07265580	
288.07262674	
288.07259769	
288.07256865	
288.07253962	
288.07251061	
288.07248160	
288.07245261	
288.07242363	
288.07239466	
288.07236570	
288.07233676	
288.07230782	
288.07227890	
288.07224999	
288.07222109	
288.07219220	
288.07216332	
288.07213446	
288.07210560	
288.07207676	
288.07204793	
288.07201911	
288.07199030	
288.07196151	
288.07193272	
288.07190395	
288.07187519	
288.07184644	
288.07181770	
288.07178897	
288.07176026	
288.07173155	
288.07170286	
288.07167418	
288.07164551	
288.07161685	
288.07158820	
288.07155957	
288.07153094	
288.07150233	
288.07147373	
288.07144514	
288.07141656	
288.07138800	
288.07135944	
288.07133090	
288.07130236	
288.07127384	
288.07124533	
288.07121684	
288.07118835	
288.07115987	
288.07113141	
288.07110296	
288.07107452	
288.07104609	
288.07101767	
288.07098926	
288.07096087	
288.07093248	
288.07090411	
288.07087575	
288.07084740	
288.07081906	
288.07079073	
288.07076241	
288.07073411	
288.07070581	
288.07067753	
288.07064926	
288.07062100	
288.07059275	
288.07056452	
288.07053629	
288.07050808	
288.07047987	
288.07045168	
288.07042350	
288.07039533	
288.07036717	
288.07033903	
288.07031089	
288.07028277	
288.07025465	
288.07022655	
288.07019846	
288.07017038	
288.07014231	
288.07011426	
288.07008621	
288.07005818	
288.07003015	
288.07000214	
288.06997414	
288.06994615	
288.06991817	
288.06989020	
288.06986225	
288.06983430	
288.06980637	
288.06977845	
288.06975054	
288.06972264	
288.06969475	
288.06966687	
288.06963900	
288.06961115	
288.06958330	
288.06955547	
288.06952765	
288.06949983	
288.06947203	
288.06944425	
288.06941647	
288.06938870	
288.06936095	
288.06933320	
288.06930547	
288.06927775	
288.06925004	
288.06922234	
288.06919465	
288.06916697	
288.06913930	
288.06911165	
288.06908400	
288.06905637	
288.06902875	
288.06900113	
288.06897353	
288.06894594	
288.06891837	
288.06889080	
288.06886324	
288.06883570	
288.06880816	
288.06878064	
288.06875313	
288.06872563	
288.06869814	
288.06867066	
288.06864319	
288.06861573	
288.06858828	
288.06856085	
288.06853342	
288.06850601	
288.06847861	
288.06845122	
288.06842384	
288.06839647	
288.06836911	
288.06834176	
288.06831442	
288.06828710	
288.06825978	
288.06823248	
288.06820519	
288.06817790	
288.06815063	
288.06812337	
288.06809612	
288.06806889	
288.06804166	
288.06801444	
288.06798724	
288.06796004	
288.06793286	
288.06790568	
288.06787852	
288.06785137	
288.06782423	
288.06779710	
288.06776998	
288.06774287	
288.06771578	
288.06768869	
288.06766161	
288.06763455	
288.06760750	
288.06758045	
288.06755342	
288.06752640	
288.06749939	
288.06747239	
288.06744540	
288.06741842	
288.06739145	
288.06736450	
288.06733755	
288.06731062	
288.06728369	
288.06725678	
288.06722988	
288.06720298	
288.06717610	
288.06714923	
288.06712237	
288.06709552	
288.06706869	
288.06704186	
288.06701504	
288.06698824	
288.06696144	
288.06693466	
288.06690788	
288.06688112	
288.06685437	
288.06682762	
288.06680089	
288.06677417	
288.06674746	
288.06672076	
288.06669408	
288.06666740	
288.06664073	
288.06661408	
288.06658743	
288.06656079	
288.06653417	
288.06650756	
288.06648095	
288.06645436	
288.06642778	
288.06640121	
288.06637465	
288.06634810	
288.06632156	
288.06629503	
288.06626851	
288.06624200	
288.06621551	
288.06618902	
288.06616255	
288.06613608	
288.06610963	
288.06608318	
288.06605675	
288.06603033	
288.06600391	
288.06597751	
288.06595112	
288.06592474	
288.06589837	
288.06587201	
288.06584566	
288.06581933	
288.06579300	
288.06576668	
288.06574037	
288.06571408	
288.06568779	
288.06566152	
288.06563525	
288.06560900	
288.06558275	
288.06555652	
288.06553030	
288.06550409	
288.06547788	
288.06545169	
288.06542551	
288.06539934	
288.06537318	
288.06534703	
288.06532090	
288.06529477	
288.06526865	
288.06524254	
288.06521644	
288.06519036	
288.06516428	
288.06513822	
288.06511216	
288.06508612	
288.06506008	
288.06503406	
288.06500804	
288.06498204	
288.06495605	
288.06493007	
288.06490409	
288.06487813	
288.06485218	
288.06482624	
288.06480031	
288.06477439	
288.06474848	
288.06472258	
288.06469669	
288.06467081	
288.06464494	
288.06461909	
288.06459324	
288.06456740	
288.06454157	
288.06451576	
288.06448995	
288.06446415	
288.06443837	
288.06441259	
288.06438683	
288.06436107	
288.06433533	
288.06430960	
288.06428387	
288.06425816	
288.06423245	
288.06420676	
288.06418108	
288.06415541	
288.06412974	
288.06410409	
288.06407845	
288.06405282	
288.06402720	
288.06400159	
288.06397599	
288.06395040	
288.06392482	
288.06389925	
288.06387369	
288.06384814	
288.06382260	
288.06379707	
288.06377155	
288.06374604	
288.06372054	
288.06369506	
288.06366958	
288.06364411	
288.06361865	
288.06359320	
288.06356777	
288.06354234	
288.06351692	
288.06349152	
288.06346612	
288.06344073	
288.06341536	
288.06338999	
288.06336463	
288.06333929	
288.06331395	
288.06328863	
288.06326331	
288.06323801	
288.06321271	
288.06318743	
288.06316215	
288.06313689	
288.06311163	
288.06308639	
288.06306115	
288.06303593	
288.06301071	
288.06298551	
288.06296032	
288.06293513	
288.06290996	
288.06288479	
288.06285964	
288.06283450	
288.06280936	
288.06278424	
288.06275912	
288.06273402	
288.06270893	
288.06268384	
288.06265877	
288.06263371	
288.06260865	
288.06258361	
288.06255858	
288.06253355	
288.06250854	
288.06248354	
288.06245854	
288.06243356	
288.06240859	
288.06238362	
288.06235867	
288.06233372	
288.06230879	
288.06228387	
288.06225895	
288.06223405	
288.06220916	
288.06218427	
288.06215940	
288.06213454	
288.06210968	
288.06208484	
288.06206000	
288.06203518	
288.06201037	
288.06198556	
288.06196077	
288.06193598	
288.06191121	
288.06188644	
288.06186169	
288.06183695	
288.06181221	
288.06178749	
288.06176277	
288.06173807	
288.06171337	
288.06168869	
288.06166401	
288.06163934	
288.06161469	
288.06159004	
288.06156541	
288.06154078	
288.06151616	
288.06149156	
288.06146696	
288.06144237	
288.06141780	
288.06139323	
288.06136867	
288.06134413	
288.06131959	
288.06129506	
288.06127054	
288.06124603	
288.06122154	
288.06119705	
288.06117257	
288.06114810	
288.06112364	
288.06109919	
288.06107475	
288.06105032	
288.06102590	
288.06100149	
288.06097709	
288.06095270	
288.06092832	
288.06090395	
288.06087958	
288.06085523	
288.06083089	
288.06080656	
288.06078224	
288.06075792	
288.06073362	
288.06070933	
288.06068504	
288.06066077	
288.06063650	
288.06061225	
288.06058800	
288.06056377	
288.06053954	
288.06051533	
288.06049112	
288.06046693	
288.06044274	
288.06041856	
288.06039439	
288.06037024	
288.06034609	
288.06032195	
288.06029782	
288.06027370	
288.06024959	
288.06022549	
288.06020140	
288.06017732	
288.06015325	
288.06012919	
288.06010514	
288.06008110	
288.06005706	
288.06003304	
288.06000903	
288.05998502	
288.05996103	
288.05993705	
288.05991307	
288.05988911	
288.05986515	
288.05984120	
288.05981727	
288.05979334	
288.05976942	
288.05974552	
288.05972162	
288.05969773	
288.05967385	
288.05964998	
288.05962612	
288.05960227	
288.05957843	
288.05955460	
288.05953078	
288.05950696	
288.05948316	
288.05945937	
288.05943558	
288.05941181	
288.05938804	
288.05936429	
288.05934054	
288.05931681	
288.05929308	
288.05926936	
288.05924566	
288.05922196	
288.05919827	
288.05917459	
288.05915092	
288.05912726	
288.05910361	
288.05907997	
288.05905633	
288.05903271	
288.05900910	
288.05898549	
288.05896190	
288.05893832	
288.05891474	
288.05889117	
288.05886762	
288.05884407	
288.05882053	
288.05879701	
288.05877349	
288.05874998	
288.05872648	
288.05870299	
288.05867951	
288.05865603	
288.05863257	
288.05860912	
288.05858567	
288.05856224	
288.05853882	
288.05851540	
288.05849199	
288.05846860	
288.05844521	
288.05842183	
288.05839846	
288.05837510	
288.05835175	
288.05832841	
288.05830508	
288.05828176	
288.05825845	
288.05823514	
288.05821185	
288.05818856	
288.05816529	
288.05814202	
288.05811877	
288.05809552	
288.05807228	
288.05804905	
288.05802583	
288.05800262	
288.05797942	
288.05795623	
288.05793305	
288.05790987	
288.05788671	
288.05786355	
288.05784041	
288.05781727	
288.05779415	
288.05777103	
288.05774792	
288.05772482	
288.05770173	
288.05767865	
288.05765558	
288.05763252	
288.05760946	
288.05758642	
288.05756338	
288.05754036	
288.05751734	
288.05749434	
288.05747134	
288.05744835	
288.05742537	
288.05740240	
288.05737944	
288.05735649	
288.05733355	
288.05731061	
288.05728769	
288.05726477	
288.05724187	
288.05721897	
288.05719608	
288.05717320	
288.05715033	
288.05712747	
288.05710462	
288.05708178	
288.05705895	
288.05703613	
288.05701331	
288.05699051	
288.05696771	
288.05694492	
288.05692214	
288.05689938	
288.05687662	
288.05685387	
288.05683112	
288.05680839	
288.05678567	
288.05676295	
288.05674025	
288.05671755	
288.05669487	
288.05667219	
288.05664952	
288.05662686	
288.05660421	
288.05658157	
288.05655893	
288.05653631	
288.05651370	
288.05649109	
288.05646849	
288.05644591	
288.05642333	
288.05640076	
288.05637820	
288.05635565	
288.05633310	
288.05631057	
288.05628805	
288.05626553	
288.05624303	
288.05622053	
288.05619804	
288.05617556	
288.05615309	
288.05613063	
288.05610818	
288.05608573	
288.05606330	
288.05604087	
288.05601846	
288.05599605	
288.05597365	
288.05595126	
288.05592888	
288.05590651	
288.05588415	
288.05586179	
288.05583945	
288.05581711	
288.05579479	
288.05577247	
288.05575016	
288.05572786	
288.05570557	
288.05568329	
288.05566101	
288.05563875	
288.05561649	
288.05559425	
288.05557201	
288.05554978	
288.05552756	
288.05550535	
288.05548315	
288.05546095	
288.05543877	
288.05541659	
288.05539443	
288.05537227	
288.05535012	
288.05532798	
288.05530585	
288.05528373	
288.05526161	
288.05523951	
288.05521741	
288.05519533	
288.05517325	
288.05515118	
288.05512912	
288.05510707	
288.05508502	
288.05506299	
288.05504096	
288.05501895	
288.05499694	
288.05497494	
288.05495295	
288.05493097	
288.05490900	
288.05488703	
288.05486508	
288.05484313	
288.05482120	
288.05479927	
288.05477735	
288.05475544	
288.05473354	
288.05471164	
288.05468976	
288.05466788	
288.05464601	
288.05462416	
288.05460231	
288.05458047	
288.05455863	
288.05453681	
288.05451500	
288.05449319	
288.05447139	
288.05444960	
288.05442782	
288.05440605	
288.05438429	
288.05436254	
288.05434079	
288.05431905	
288.05429733	
288.05427561	
288.05425390	
288.05423220	
288.05421050	
288.05418882	
288.05416714	
288.05414548	
288.05412382	
288.05410217	
288.05408053	
288.05405890	
288.05403727	
288.05401566	
288.05399405	
288.05397245	
288.05395086	
288.05392928	
288.05390771	
288.05388615	
288.05386460	
288.05384305	
288.05382151	
288.05379998	
288.05377846	
288.05375695	
288.05373545	
288.05371396	
288.05369247	
288.05367099	
288.05364952	
288.05362806	
288.05360661	
288.05358517	
288.05356374	
288.05354231	
288.05352089	
288.05349949	
288.05347809	
288.05345669	
288.05343531	
288.05341394	
288.05339257	
288.05337122	
288.05334987	
288.05332853	
288.05330720	
288.05328587	
288.05326456	
288.05324325	
288.05322196	
288.05320067	
288.05317939	
288.05315811	
288.05313685	
288.05311560	
288.05309435	
288.05307311	
288.05305188	
288.05303066	
288.05300945	
288.05298825	
288.05296705	
288.05294586	
288.05292469	
288.05290352	
288.05288235	
288.05286120	
288.05284006	
288.05281892	
288.05279779	
288.05277667	
288.05275556	
288.05273446	
288.05271337	
288.05269228	
288.05267121	
288.05265014	
288.05262908	
288.05260803	
288.05258698	
288.05256595	
288.05254492	
288.05252390	
288.05250289	
288.05248189	
288.05246090	
288.05243992	
288.05241894	
288.05239797	
288.05237701	
288.05235606	
288.05233512	
288.05231419	
288.05229326	
288.05227234	
288.05225143	
288.05223053	
288.05220964	
288.05218876	
288.05216788	
288.05214701	
288.05212616	
288.05210530	
288.05208446	
288.05206363	
288.05204280	
288.05202199	
288.05200118	
288.05198038	
288.05195958	
288.05193880	
288.05191803	
288.05189726	
288.05187650	
288.05185575	
288.05183501	
288.05181427	
288.05179355	
288.05177283	
288.05175212	
288.05173142	
288.05171073	
288.05169004	
288.05166937	
288.05164870	
288.05162804	
288.05160739	
288.05158674	
288.05156611	
288.05154548	
288.05152487	
288.05150426	
288.05148365	
288.05146306	
288.05144248	
288.05142190	
288.05140133	
288.05138077	
288.05136022	
288.05133967	
288.05131914	
288.05129861	
288.05127809	
288.05125758	
288.05123708	
288.05121658	
288.05119609	
288.05117562	
288.05115515	
288.05113468	
288.05111423	
288.05109378	
288.05107335	
288.05105292	
288.05103250	
288.05101208	
288.05099168	
288.05097128	
288.05095089	
288.05093051	
288.05091014	
288.05088978	
288.05086942	
288.05084907	
288.05082873	
288.05080840	
288.05078808	
288.05076776	
288.05074746	
288.05072716	
288.05070687	
288.05068658	
288.05066631	
288.05064604	
288.05062578	
288.05060553	
288.05058529	
288.05056506	
288.05054483	
288.05052461	
288.05050440	
288.05048420	
288.05046401	
288.05044382	
288.05042364	
288.05040347	
288.05038331	
288.05036316	
288.05034301	
288.05032288	
288.05030275	
288.05028263	
288.05026251	
288.05024241	
288.05022231	
288.05020222	
288.05018214	
288.05016207	
288.05014200	
288.05012195	
288.05010190	
288.05008186	
288.05006183	
288.05004180	
288.05002178	
288.05000178	
288.04998177	
288.04996178	
288.04994180	
288.04992182	
288.04990185	
288.04988189	
288.04986194	
288.04984199	
288.04982206	
288.04980213	
288.04978221	
288.04976229	
288.04974239	
288.04972249	
288.04970260	
288.04968272	
288.04966285	
288.04964298	
288.04962313	
288.04960328	
288.04958344	
288.04956360	
288.04954378	
288.04952396	
288.04950415	
288.04948435	
288.04946456	
288.04944477	
288.04942499	
288.04940522	
288.04938546	
288.04936571	
288.04934596	
288.04932622	
288.04930649	
288.04928677	
288.04926705	
288.04924735	
288.04922765	
288.04920796	
288.04918827	
288.04916860	
288.04914893	
288.04912927	
288.04910962	
288.04908997	
288.04907034	
288.04905071	
288.04903109	
288.04901148	
288.04899187	
288.04897228	
288.04895269	
288.04893311	
288.04891353	
288.04889397	
288.04887441	
288.04885486	
288.04883532	
288.04881578	
288.04879626	
288.04877674	
288.04875723	
288.04873773	
288.04871823	
288.04869874	
288.04867926	
288.04865979	
288.04864033	
288.04862087	
288.04860142	
288.04858198	
288.04856255	
288.04854313	
288.04852371	
288.04850430	
288.04848490	
288.04846550	
288.04844612	
288.04842674	
288.04840737	
288.04838801	
288.04836865	
288.04834930	
288.04832996	
288.04831063	
288.04829131	
288.04827199	
288.04825268	
288.04823338	
288.04821409	
288.04819480	
288.04817552	
288.04815625	
288.04813699	
288.04811774	
288.04809849	
288.04807925	
288.04806002	
288.04804079	
288.04802158	
288.04800237	
288.04798317	
288.04796397	
288.04794479	
288.04792561	
288.04790644	
288.04788728	
288.04786812	
288.04784898	
288.04782984	
288.04781070	
288.04779158	
288.04777246	
288.04775335	
288.04773425	
288.04771516	
288.04769607	
288.04767699	
288.04765792	
288.04763886	
288.04761981	
288.04760076	
288.04758172	
288.04756268	
288.04754366	
288.04752464	
288.04750563	
288.04748663	
288.04746764	
288.04744865	
288.04742967	
288.04741070	
288.04739173	
288.04737278	
288.04735383	
288.04733489	
288.04731595	
288.04729702	
288.04727811	
288.04725919	
288.04724029	
288.04722140	
288.04720251	
288.04718363	
288.04716475	
288.04714589	
288.04712703	
288.04710818	
288.04708933	
288.04707050	
288.04705167	
288.04703285	
288.04701404	
288.04699523	
288.04697643	
288.04695764	
288.04693886	
288.04692008	
288.04690132	
288.04688255	
288.04686380	
288.04684506	
288.04682632	
288.04680759	
288.04678886	
288.04677015	
288.04675144	
288.04673274	
288.04671405	
288.04669536	
288.04667668	
288.04665801	
288.04663935	
288.04662069	
288.04660205	
288.04658340	
288.04656477	
288.04654615	
288.04652753	
288.04650892	
288.04649031	
288.04647172	
288.04645313	
288.04643455	
288.04641597	
288.04639741	
288.04637885	
288.04636030	
288.04634175	
288.04632321	
288.04630469	
288.04628616	
288.04626765	
288.04624914	
288.04623064	
288.04621215	
288.04619367	
288.04617519	
288.04615672	
288.04613826	
288.04611980	
288.04610135	
288.04608291	
288.04606448	
288.04604605	
288.04602763	
288.04600922	
288.04599082	
288.04597242	
288.04595403	
288.04593565	
288.04591728	
288.04589891	
288.04588055	
288.04586220	
288.04584385	
288.04582552	
288.04580719	
288.04578886	
288.04577055	
288.04575224	
288.04573394	
288.04571565	
288.04569736	
288.04567908	
288.04566081	
288.04564254	
288.04562429	
288.04560604	
288.04558780	
288.04556956	
288.04555133	
288.04553311	
288.04551490	
288.04549669	
288.04547849	
288.04546030	
288.04544212	
288.04542394	
288.04540577	
288.04538761	
288.04536945	
288.04535131	
288.04533317	
288.04531503	
288.04529691	
288.04527879	
288.04526068	
288.04524257	
288.04522448	
288.04520639	
288.04518830	
288.04517023	
288.04515216	
288.04513410	
288.04511605	
288.04509800	
288.04507996	
288.04506193	
288.04504390	
288.04502589	
288.04500787	
288.04498987	
288.04497188	
288.04495389	
288.04493591	
288.04491793	
288.04489996	
288.04488200	
288.04486405	
288.04484611	
288.04482817	
288.04481024	
288.04479231	
288.04477439	
288.04475649	
288.04473858	
288.04472069	
288.04470280	
288.04468492	
288.04466704	
288.04464918	
288.04463132	
288.04461346	
288.04459562	
288.04457778	
288.04455995	
288.04454213	
288.04452431	
288.04450650	
288.04448870	
288.04447090	
288.04445311	
288.04443533	
288.04441756	
288.04439979	
288.04438203	
288.04436428	
288.04434653	
288.04432879	
288.04431106	
288.04429334	
288.04427562	
288.04425791	
288.04424021	
288.04422251	
288.04420482	
288.04418714	
288.04416946	
288.04415180	
288.04413414	
288.04411648	
288.04409884	
288.04408120	
288.04406356	
288.04404594	
288.04402832	
288.04401071	
288.04399310	
288.04397551	
288.04395792	
288.04394033	
288.04392276	
288.04390519	
288.04388763	
288.04387007	
288.04385252	
288.04383498	
288.04381745	
288.04379992	
288.04378240	
288.04376489	
288.04374738	
288.04372988	
288.04371239	
288.04369491	
288.04367743	
288.04365996	
288.04364249	
288.04362504	
288.04360759	
288.04359014	
288.04357271	
288.04355528	
288.04353786	
288.04352044	
288.04350303	
288.04348563	
288.04346824	
288.04345085	
288.04343347	
288.04341610	
288.04339873	
288.04338137	
288.04336402	
288.04334667	
288.04332933	
288.04331200	
288.04329468	
288.04327736	
288.04326005	
288.04324274	
288.04322545	
288.04320816	
288.04319087	
288.04317360	
288.04315633	
288.04313907	
288.04312181	
288.04310456	
288.04308732	
288.04307008	
288.04305286	
288.04303564	
288.04301842	
288.04300121	
288.04298401	
288.04296682	
288.04294963	
288.04293245	
288.04291528	
288.04289811	
288.04288096	
288.04286380	
288.04284666	
288.04282952	
288.04281239	
288.04279526	
288.04277814	
288.04276103	
288.04274393	
288.04272683	
288.04270974	
288.04269266	
288.04267558	
288.04265851	
288.04264145	
288.04262439	
288.04260734	
288.04259030	
288.04257326	
288.04255623	
288.04253921	
288.04252219	
288.04250518	
288.04248818	
288.04247119	
288.04245420	
288.04243722	
288.04242024	
288.04240327	
288.04238631	
288.04236936	
288.04235241	
288.04233547	
288.04231853	
288.04230161	
288.04228469	
288.04226777	
288.04225087	
288.04223396	
288.04221707	
288.04220018	
288.04218330	
288.04216643	
288.04214956	
288.04213270	
288.04211585	
288.04209901	
288.04208217	
288.04206533	
288.04204851	
288.04203169	
288.04201487	
288.04199807	
288.04198127	
288.04196448	
288.04194769	
288.04193091	
288.04191414	
288.04189737	
288.04188061	
288.04186386	
288.04184712	
288.04183038	
288.04181365	
288.04179692	
288.04178020	
288.04176349	
288.04174678	
288.04173009	
288.04171339	
288.04169671	
288.04168003	
288.04166336	
288.04164669	
288.04163003	
288.04161338	
288.04159674	
288.04158010	
288.04156347	
288.04154684	
288.04153022	
288.04151361	
288.04149700	
288.04148041	
288.04146381	
288.04144723	
288.04143065	
288.04141408	
288.04139751	
288.04138095	
288.04136440	
288.04134785	
288.04133131	
288.04131478	
288.04129826	
288.04128174	
288.04126522	
288.04124872	
288.04123222	
