288.00012486	
288.00012481	
288.00012476	
288.00012471	
288.00012466	
288.00012461	
288.00012456	
288.00012451	
288.00012446	
288.00012441	
288.00012436	
288.00012431	
288.00012426	
288.00012421	
288.00012416	
288.00012411	
288.00012406	
288.00012401	
288.00012396	
288.00012391	
288.00012386	
288.00012381	
288.00012376	
288.00012371	
288.00012366	
288.00012361	
288.00012356	
288.00012351	
288.00012346	
288.00012342	
288.00012337	
288.00012332	
288.00012327	
288.00012322	
288.00012317	
288.00012312	
288.00012307	
288.00012302	
288.00012297	
288.00012292	
288.00012287	
288.00012282	
288.00012277	
288.00012273	
288.00012268	
288.00012263	
288.00012258	
288.00012253	
288.00012248	
288.00012243	
288.00012238	
288.00012233	
288.00012228	
288.00012224	
288.00012219	
288.00012214	
288.00012209	
288.00012204	
288.00012199	
288.00012194	
288.00012189	
288.00012185	
288.00012180	
288.00012175	
288.00012170	
288.00012165	
288.00012160	
288.00012155	
288.00012150	
288.00012146	
288.00012141	
288.00012136	
288.00012131	
288.00012126	
288.00012121	
288.00012116	
288.00012112	
288.00012107	
288.00012102	
288.00012097	
288.00012092	
288.00012087	
288.00012083	
288.00012078	
288.00012073	
288.00012068	
288.00012063	
288.00012058	
288.00012054	
288.00012049	
288.00012044	
288.00012039	
288.00012034	
288.00012030	
288.00012025	
288.00012020	
288.00012015	
288.00012010	
288.00012005	
288.00012001	
288.00011996	
288.00011991	
288.00011986	
288.00011981	
288.00011977	
288.00011972	
288.00011967	
288.00011962	
288.00011958	
288.00011953	
288.00011948	
288.00011943	
288.00011938	
288.00011934	
288.00011929	
288.00011924	
288.00011919	
288.00011915	
288.00011910	
288.00011905	
288.00011900	
288.00011896	
288.00011891	
288.00011886	
288.00011881	
288.00011876	
288.00011872	
288.00011867	
288.00011862	
288.00011858	
288.00011853	
288.00011848	
288.00011843	
288.00011839	
288.00011834	
288.00011829	
288.00011824	
288.00011820	
288.00011815	
288.00011810	
288.00011805	
288.00011801	
288.00011796	
288.00011791	
288.00011787	
288.00011782	
288.00011777	
288.00011772	
288.00011768	
288.00011763	
288.00011758	
288.00011754	
288.00011749	
288.00011744	
288.00011739	
288.00011735	
288.00011730	
288.00011725	
288.00011721	
288.00011716	
288.00011711	
288.00011707	
288.00011702	
288.00011697	
288.00011693	
288.00011688	
288.00011683	
288.00011679	
288.00011674	
288.00011669	
288.00011665	
288.00011660	
288.00011655	
288.00011651	
288.00011646	
288.00011641	
288.00011637	
288.00011632	
288.00011627	
288.00011623	
288.00011618	
288.00011613	
288.00011609	
288.00011604	
288.00011599	
288.00011595	
288.00011590	
288.00011586	
288.00011581	
288.00011576	
288.00011572	
288.00011567	
288.00011562	
288.00011558	
288.00011553	
288.00011548	
288.00011544	
288.00011539	
288.00011535	
288.00011530	
288.00011525	
288.00011521	
288.00011516	
288.00011512	
288.00011507	
288.00011502	
288.00011498	
288.00011493	
288.00011489	
288.00011484	
288.00011479	
288.00011475	
288.00011470	
288.00011466	
288.00011461	
288.00011456	
288.00011452	
288.00011447	
288.00011443	
288.00011438	
288.00011434	
288.00011429	
288.00011424	
288.00011420	
288.00011415	
288.00011411	
288.00011406	
288.00011402	
288.00011397	
288.00011392	
288.00011388	
288.00011383	
288.00011379	
288.00011374	
288.00011370	
288.00011365	
288.00011361	
288.00011356	
288.00011352	
288.00011347	
288.00011342	
288.00011338	
288.00011333	
288.00011329	
288.00011324	
288.00011320	
288.00011315	
288.00011311	
288.00011306	
288.00011302	
288.00011297	
288.00011293	
288.00011288	
288.00011284	
288.00011279	
288.00011275	
288.00011270	
288.00011266	
288.00011261	
288.00011257	
288.00011252	
288.00011248	
288.00011243	
288.00011239	
288.00011234	
288.00011230	
288.00011225	
288.00011221	
288.00011216	
288.00011212	
288.00011207	
288.00011203	
288.00011198	
288.00011194	
288.00011189	
288.00011185	
288.00011180	
288.00011176	
288.00011171	
288.00011167	
288.00011162	
288.00011158	
288.00011153	
288.00011149	
288.00011145	
288.00011140	
288.00011136	
288.00011131	
288.00011127	
288.00011122	
288.00011118	
288.00011113	
288.00011109	
288.00011104	
288.00011100	
288.00011096	
288.00011091	
288.00011087	
288.00011082	
288.00011078	
288.00011073	
288.00011069	
288.00011065	
288.00011060	
288.00011056	
288.00011051	
288.00011047	
288.00011042	
288.00011038	
288.00011034	
288.00011029	
288.00011025	
288.00011020	
288.00011016	
288.00011012	
288.00011007	
288.00011003	
288.00010998	
288.00010994	
288.00010990	
288.00010985	
288.00010981	
288.00010976	
288.00010972	
288.00010968	
288.00010963	
288.00010959	
288.00010954	
288.00010950	
288.00010946	
288.00010941	
288.00010937	
288.00010933	
288.00010928	
288.00010924	
288.00010919	
288.00010915	
288.00010911	
288.00010906	
288.00010902	
288.00010898	
288.00010893	
288.00010889	
288.00010885	
288.00010880	
288.00010876	
288.00010871	
288.00010867	
288.00010863	
288.00010858	
288.00010854	
288.00010850	
288.00010845	
288.00010841	
288.00010837	
288.00010832	
288.00010828	
288.00010824	
288.00010819	
288.00010815	
288.00010811	
288.00010806	
288.00010802	
288.00010798	
288.00010793	
288.00010789	
288.00010785	
288.00010781	
288.00010776	
288.00010772	
288.00010768	
288.00010763	
288.00010759	
288.00010755	
288.00010750	
288.00010746	
288.00010742	
288.00010737	
288.00010733	
288.00010729	
288.00010725	
288.00010720	
288.00010716	
288.00010712	
288.00010707	
288.00010703	
288.00010699	
288.00010695	
288.00010690	
288.00010686	
288.00010682	
288.00010678	
288.00010673	
288.00010669	
288.00010665	
288.00010660	
288.00010656	
288.00010652	
288.00010648	
288.00010643	
288.00010639	
288.00010635	
288.00010631	
288.00010626	
288.00010622	
288.00010618	
288.00010614	
288.00010609	
288.00010605	
288.00010601	
288.00010597	
288.00010592	
288.00010588	
288.00010584	
288.00010580	
288.00010575	
288.00010571	
288.00010567	
288.00010563	
288.00010559	
288.00010554	
288.00010550	
288.00010546	
288.00010542	
288.00010537	
288.00010533	
288.00010529	
288.00010525	
288.00010521	
288.00010516	
288.00010512	
288.00010508	
288.00010504	
288.00010500	
288.00010495	
288.00010491	
288.00010487	
288.00010483	
288.00010479	
288.00010474	
288.00010470	
288.00010466	
288.00010462	
288.00010458	
288.00010453	
288.00010449	
288.00010445	
288.00010441	
288.00010437	
288.00010433	
288.00010428	
288.00010424	
288.00010420	
288.00010416	
288.00010412	
288.00010408	
288.00010403	
288.00010399	
288.00010395	
288.00010391	
288.00010387	
288.00010383	
288.00010378	
288.00010374	
288.00010370	
288.00010366	
288.00010362	
288.00010358	
288.00010354	
288.00010349	
288.00010345	
288.00010341	
288.00010337	
288.00010333	
288.00010329	
288.00010325	
288.00010321	
288.00010316	
288.00010312	
288.00010308	
288.00010304	
288.00010300	
288.00010296	
288.00010292	
288.00010288	
288.00010283	
288.00010279	
288.00010275	
288.00010271	
288.00010267	
288.00010263	
288.00010259	
288.00010255	
288.00010251	
288.00010246	
288.00010242	
288.00010238	
288.00010234	
288.00010230	
288.00010226	
288.00010222	
288.00010218	
288.00010214	
288.00010210	
288.00010206	
288.00010201	
288.00010197	
288.00010193	
288.00010189	
288.00010185	
288.00010181	
288.00010177	
288.00010173	
288.00010169	
288.00010165	
288.00010161	
288.00010157	
288.00010153	
288.00010149	
288.00010144	
288.00010140	
288.00010136	
288.00010132	
288.00010128	
288.00010124	
288.00010120	
288.00010116	
288.00010112	
288.00010108	
288.00010104	
288.00010100	
288.00010096	
288.00010092	
288.00010088	
288.00010084	
288.00010080	
288.00010076	
288.00010072	
288.00010068	
288.00010064	
288.00010060	
288.00010056	
288.00010052	
288.00010048	
288.00010044	
288.00010039	
288.00010035	
288.00010031	
288.00010027	
288.00010023	
288.00010019	
288.00010015	
288.00010011	
288.00010007	
288.00010003	
288.00009999	
288.00009995	
288.00009991	
288.00009987	
288.00009983	
288.00009979	
288.00009975	
288.00009971	
288.00009967	
288.00009963	
288.00009959	
288.00009956	
288.00009952	
288.00009948	
288.00009944	
288.00009940	
288.00009936	
288.00009932	
288.00009928	
288.00009924	
288.00009920	
288.00009916	
288.00009912	
288.00009908	
288.00009904	
288.00009900	
288.00009896	
288.00009892	
288.00009888	
288.00009884	
288.00009880	
288.00009876	
288.00009872	
288.00009868	
288.00009864	
288.00009860	
288.00009856	
288.00009852	
288.00009849	
288.00009845	
288.00009841	
288.00009837	
288.00009833	
288.00009829	
288.00009825	
288.00009821	
288.00009817	
288.00009813	
288.00009809	
288.00009805	
288.00009801	
288.00009797	
288.00009794	
288.00009790	
288.00009786	
288.00009782	
288.00009778	
288.00009774	
288.00009770	
288.00009766	
288.00009762	
288.00009758	
288.00009754	
288.00009751	
288.00009747	
288.00009743	
288.00009739	
288.00009735	
288.00009731	
288.00009727	
288.00009723	
288.00009719	
288.00009715	
288.00009712	
288.00009708	
288.00009704	
288.00009700	
288.00009696	
288.00009692	
288.00009688	
288.00009684	
288.00009681	
288.00009677	
288.00009673	
288.00009669	
288.00009665	
288.00009661	
288.00009657	
288.00009653	
288.00009650	
288.00009646	
288.00009642	
288.00009638	
288.00009634	
288.00009630	
288.00009626	
288.00009623	
288.00009619	
288.00009615	
288.00009611	
288.00009607	
288.00009603	
288.00009600	
288.00009596	
288.00009592	
288.00009588	
288.00009584	
288.00009580	
288.00009577	
288.00009573	
288.00009569	
288.00009565	
288.00009561	
288.00009557	
288.00009554	
288.00009550	
288.00009546	
288.00009542	
288.00009538	
288.00009535	
288.00009531	
288.00009527	
288.00009523	
288.00009519	
288.00009515	
288.00009512	
288.00009508	
288.00009504	
288.00009500	
288.00009496	
288.00009493	
288.00009489	
288.00009485	
288.00009481	
288.00009477	
288.00009474	
288.00009470	
288.00009466	
288.00009462	
288.00009459	
288.00009455	
288.00009451	
288.00009447	
288.00009443	
288.00009440	
288.00009436	
288.00009432	
288.00009428	
288.00009425	
288.00009421	
288.00009417	
288.00009413	
288.00009409	
288.00009406	
288.00009402	
288.00009398	
288.00009394	
288.00009391	
288.00009387	
288.00009383	
288.00009379	
288.00009376	
288.00009372	
288.00009368	
288.00009364	
288.00009361	
288.00009357	
288.00009353	
288.00009349	
288.00009346	
288.00009342	
288.00009338	
288.00009334	
288.00009331	
288.00009327	
288.00009323	
288.00009320	
288.00009316	
288.00009312	
288.00009308	
288.00009305	
288.00009301	
288.00009297	
288.00009293	
288.00009290	
288.00009286	
288.00009282	
288.00009279	
288.00009275	
288.00009271	
288.00009267	
288.00009264	
288.00009260	
288.00009256	
288.00009253	
288.00009249	
288.00009245	
288.00009242	
288.00009238	
288.00009234	
288.00009230	
288.00009227	
288.00009223	
288.00009219	
288.00009216	
288.00009212	
288.00009208	
288.00009205	
288.00009201	
288.00009197	
288.00009194	
288.00009190	
288.00009186	
288.00009183	
288.00009179	
288.00009175	
288.00009172	
288.00009168	
288.00009164	
288.00009161	
288.00009157	
288.00009153	
288.00009150	
288.00009146	
288.00009142	
288.00009139	
288.00009135	
288.00009131	
288.00009128	
288.00009124	
288.00009120	
288.00009117	
288.00009113	
288.00009109	
288.00009106	
288.00009102	
288.00009098	
288.00009095	
288.00009091	
288.00009088	
288.00009084	
288.00009080	
288.00009077	
288.00009073	
288.00009069	
288.00009066	
288.00009062	
288.00009059	
288.00009055	
288.00009051	
288.00009048	
288.00009044	
288.00009040	
288.00009037	
288.00009033	
288.00009030	
288.00009026	
288.00009022	
288.00009019	
288.00009015	
288.00009012	
288.00009008	
288.00009004	
288.00009001	
288.00008997	
288.00008994	
288.00008990	
288.00008986	
288.00008983	
288.00008979	
288.00008976	
288.00008972	
288.00008968	
288.00008965	
288.00008961	
288.00008958	
288.00008954	
288.00008950	
288.00008947	
288.00008943	
288.00008940	
288.00008936	
288.00008933	
288.00008929	
288.00008925	
288.00008922	
288.00008918	
288.00008915	
288.00008911	
288.00008908	
288.00008904	
288.00008900	
288.00008897	
288.00008893	
288.00008890	
288.00008886	
288.00008883	
288.00008879	
288.00008876	
288.00008872	
288.00008868	
288.00008865	
288.00008861	
288.00008858	
288.00008854	
288.00008851	
288.00008847	
288.00008844	
288.00008840	
288.00008837	
288.00008833	
288.00008830	
288.00008826	
288.00008822	
288.00008819	
288.00008815	
288.00008812	
288.00008808	
288.00008805	
288.00008801	
288.00008798	
288.00008794	
288.00008791	
288.00008787	
288.00008784	
288.00008780	
288.00008777	
288.00008773	
288.00008770	
288.00008766	
288.00008763	
288.00008759	
288.00008756	
288.00008752	
288.00008749	
288.00008745	
288.00008742	
288.00008738	
288.00008735	
288.00008731	
288.00008728	
288.00008724	
288.00008721	
288.00008717	
288.00008714	
288.00008710	
288.00008707	
288.00008703	
288.00008700	
288.00008696	
288.00008693	
288.00008689	
288.00008686	
288.00008682	
288.00008679	
288.00008675	
288.00008672	
288.00008669	
288.00008665	
288.00008662	
288.00008658	
288.00008655	
288.00008651	
288.00008648	
288.00008644	
288.00008641	
288.00008637	
288.00008634	
288.00008630	
288.00008627	
288.00008624	
288.00008620	
288.00008617	
288.00008613	
288.00008610	
288.00008606	
288.00008603	
288.00008599	
288.00008596	
288.00008593	
288.00008589	
288.00008586	
288.00008582	
288.00008579	
288.00008575	
288.00008572	
288.00008569	
288.00008565	
288.00008562	
288.00008558	
288.00008555	
288.00008551	
288.00008548	
288.00008545	
288.00008541	
288.00008538	
288.00008534	
288.00008531	
288.00008527	
288.00008524	
288.00008521	
288.00008517	
288.00008514	
288.00008510	
288.00008507	
288.00008504	
288.00008500	
288.00008497	
288.00008493	
288.00008490	
288.00008487	
288.00008483	
288.00008480	
288.00008476	
288.00008473	
288.00008470	
288.00008466	
288.00008463	
288.00008460	
288.00008456	
288.00008453	
288.00008449	
288.00008446	
288.00008443	
288.00008439	
288.00008436	
288.00008432	
288.00008429	
288.00008426	
288.00008422	
288.00008419	
288.00008416	
288.00008412	
288.00008409	
288.00008406	
288.00008402	
288.00008399	
288.00008395	
288.00008392	
288.00008389	
288.00008385	
288.00008382	
288.00008379	
288.00008375	
288.00008372	
288.00008369	
288.00008365	
288.00008362	
288.00008359	
288.00008355	
288.00008352	
288.00008349	
288.00008345	
288.00008342	
288.00008339	
288.00008335	
288.00008332	
288.00008329	
288.00008325	
288.00008322	
288.00008319	
288.00008315	
288.00008312	
288.00008309	
288.00008305	
288.00008302	
288.00008299	
288.00008295	
288.00008292	
288.00008289	
288.00008285	
288.00008282	
288.00008279	
288.00008275	
288.00008272	
288.00008269	
288.00008265	
288.00008262	
288.00008259	
288.00008256	
288.00008252	
288.00008249	
288.00008246	
288.00008242	
288.00008239	
288.00008236	
288.00008232	
288.00008229	
288.00008226	
288.00008223	
288.00008219	
288.00008216	
288.00008213	
288.00008209	
288.00008206	
288.00008203	
288.00008200	
288.00008196	
288.00008193	
288.00008190	
288.00008187	
288.00008183	
288.00008180	
288.00008177	
288.00008173	
288.00008170	
288.00008167	
288.00008164	
288.00008160	
288.00008157	
288.00008154	
288.00008151	
288.00008147	
288.00008144	
288.00008141	
288.00008138	
288.00008134	
288.00008131	
288.00008128	
288.00008125	
288.00008121	
288.00008118	
288.00008115	
288.00008112	
288.00008108	
288.00008105	
288.00008102	
288.00008099	
288.00008095	
288.00008092	
288.00008089	
288.00008086	
288.00008082	
288.00008079	
288.00008076	
288.00008073	
288.00008069	
288.00008066	
288.00008063	
288.00008060	
288.00008057	
288.00008053	
288.00008050	
288.00008047	
288.00008044	
288.00008040	
288.00008037	
288.00008034	
288.00008031	
288.00008028	
288.00008024	
288.00008021	
288.00008018	
288.00008015	
288.00008012	
288.00008008	
288.00008005	
288.00008002	
288.00007999	
288.00007996	
288.00007992	
288.00007989	
288.00007986	
288.00007983	
288.00007980	
288.00007976	
288.00007973	
288.00007970	
288.00007967	
288.00007964	
288.00007960	
288.00007957	
288.00007954	
288.00007951	
288.00007948	
288.00007945	
288.00007941	
288.00007938	
288.00007935	
288.00007932	
288.00007929	
288.00007925	
288.00007922	
288.00007919	
288.00007916	
288.00007913	
288.00007910	
288.00007906	
288.00007903	
288.00007900	
288.00007897	
288.00007894	
288.00007891	
288.00007887	
288.00007884	
288.00007881	
288.00007878	
288.00007875	
288.00007872	
288.00007869	
288.00007865	
288.00007862	
288.00007859	
288.00007856	
288.00007853	
288.00007850	
288.00007847	
288.00007843	
288.00007840	
288.00007837	
288.00007834	
288.00007831	
288.00007828	
288.00007825	
288.00007822	
288.00007818	
288.00007815	
288.00007812	
288.00007809	
288.00007806	
288.00007803	
288.00007800	
288.00007797	
288.00007793	
288.00007790	
288.00007787	
288.00007784	
288.00007781	
288.00007778	
288.00007775	
288.00007772	
288.00007768	
288.00007765	
288.00007762	
288.00007759	
288.00007756	
288.00007753	
288.00007750	
288.00007747	
288.00007744	
288.00007741	
288.00007737	
288.00007734	
288.00007731	
288.00007728	
288.00007725	
288.00007722	
288.00007719	
288.00007716	
288.00007713	
288.00007710	
288.00007707	
288.00007703	
288.00007700	
288.00007697	
288.00007694	
288.00007691	
288.00007688	
288.00007685	
288.00007682	
288.00007679	
288.00007676	
288.00007673	
288.00007670	
288.00007667	
288.00007664	
288.00007660	
288.00007657	
288.00007654	
288.00007651	
288.00007648	
288.00007645	
288.00007642	
288.00007639	
288.00007636	
288.00007633	
288.00007630	
288.00007627	
288.00007624	
288.00007621	
288.00007618	
288.00007615	
288.00007612	
288.00007609	
288.00007606	
288.00007602	
288.00007599	
288.00007596	
288.00007593	
288.00007590	
288.00007587	
288.00007584	
288.00007581	
288.00007578	
288.00007575	
288.00007572	
288.00007569	
288.00007566	
288.00007563	
288.00007560	
288.00007557	
288.00007554	
288.00007551	
288.00007548	
288.00007545	
288.00007542	
288.00007539	
288.00007536	
288.00007533	
288.00007530	
288.00007527	
288.00007524	
288.00007521	
288.00007518	
288.00007515	
288.00007512	
288.00007509	
288.00007506	
288.00007503	
288.00007500	
288.00007497	
288.00007494	
288.00007491	
288.00007488	
288.00007485	
288.00007482	
288.00007479	
288.00007476	
288.00007473	
288.00007470	
288.00007467	
288.00007464	
288.00007461	
288.00007458	
288.00007455	
288.00007452	
288.00007449	
288.00007446	
288.00007443	
288.00007440	
288.00007437	
288.00007434	
288.00007431	
288.00007428	
288.00007425	
288.00007422	
288.00007419	
288.00007416	
288.00007413	
288.00007410	
288.00007407	
288.00007404	
288.00007401	
288.00007398	
288.00007395	
288.00007393	
288.00007390	
288.00007387	
288.00007384	
288.00007381	
288.00007378	
288.00007375	
288.00007372	
288.00007369	
288.00007366	
288.00007363	
288.00007360	
288.00007357	
288.00007354	
288.00007351	
288.00007348	
288.00007345	
288.00007342	
288.00007339	
288.00007337	
288.00007334	
288.00007331	
288.00007328	
288.00007325	
288.00007322	
288.00007319	
288.00007316	
288.00007313	
288.00007310	
288.00007307	
288.00007304	
288.00007301	
288.00007298	
288.00007296	
288.00007293	
288.00007290	
288.00007287	
288.00007284	
288.00007281	
288.00007278	
288.00007275	
288.00007272	
288.00007269	
288.00007266	
288.00007264	
288.00007261	
288.00007258	
288.00007255	
288.00007252	
288.00007249	
288.00007246	
288.00007243	
288.00007240	
288.00007237	
288.00007235	
288.00007232	
288.00007229	
288.00007226	
288.00007223	
288.00007220	
288.00007217	
288.00007214	
288.00007211	
288.00007209	
288.00007206	
288.00007203	
288.00007200	
288.00007197	
288.00007194	
288.00007191	
288.00007188	
288.00007185	
288.00007183	
288.00007180	
288.00007177	
288.00007174	
288.00007171	
288.00007168	
288.00007165	
288.00007163	
288.00007160	
288.00007157	
288.00007154	
288.00007151	
288.00007148	
288.00007145	
288.00007142	
288.00007140	
288.00007137	
288.00007134	
288.00007131	
288.00007128	
288.00007125	
288.00007122	
288.00007120	
288.00007117	
288.00007114	
288.00007111	
288.00007108	
288.00007105	
288.00007103	
288.00007100	
288.00007097	
288.00007094	
288.00007091	
288.00007088	
288.00007086	
288.00007083	
288.00007080	
288.00007077	
288.00007074	
288.00007071	
288.00007069	
288.00007066	
288.00007063	
288.00007060	
288.00007057	
288.00007054	
288.00007052	
288.00007049	
288.00007046	
288.00007043	
288.00007040	
288.00007038	
288.00007035	
288.00007032	
288.00007029	
288.00007026	
288.00007023	
288.00007021	
288.00007018	
288.00007015	
288.00007012	
288.00007009	
288.00007007	
288.00007004	
288.00007001	
288.00006998	
288.00006995	
288.00006993	
288.00006990	
288.00006987	
288.00006984	
288.00006981	
288.00006979	
288.00006976	
288.00006973	
288.00006970	
288.00006967	
288.00006965	
288.00006962	
288.00006959	
288.00006956	
288.00006954	
288.00006951	
288.00006948	
288.00006945	
288.00006942	
288.00006940	
288.00006937	
288.00006934	
288.00006931	
288.00006929	
288.00006926	
288.00006923	
288.00006920	
288.00006917	
288.00006915	
288.00006912	
288.00006909	
288.00006906	
288.00006904	
288.00006901	
288.00006898	
288.00006895	
288.00006893	
288.00006890	
288.00006887	
288.00006884	
288.00006882	
288.00006879	
288.00006876	
288.00006873	
288.00006871	
288.00006868	
288.00006865	
288.00006862	
288.00006860	
288.00006857	
288.00006854	
288.00006851	
288.00006849	
288.00006846	
288.00006843	
288.00006840	
288.00006838	
288.00006835	
288.00006832	
288.00006829	
288.00006827	
288.00006824	
288.00006821	
288.00006819	
288.00006816	
288.00006813	
288.00006810	
288.00006808	
288.00006805	
288.00006802	
288.00006800	
288.00006797	
288.00006794	
288.00006791	
288.00006789	
288.00006786	
288.00006783	
288.00006780	
288.00006778	
288.00006775	
288.00006772	
288.00006770	
288.00006767	
288.00006764	
288.00006762	
288.00006759	
288.00006756	
288.00006753	
288.00006751	
288.00006748	
288.00006745	
288.00006743	
288.00006740	
288.00006737	
288.00006735	
288.00006732	
288.00006729	
288.00006726	
288.00006724	
288.00006721	
288.00006718	
288.00006716	
288.00006713	
288.00006710	
288.00006708	
288.00006705	
288.00006702	
288.00006700	
288.00006697	
288.00006694	
288.00006692	
288.00006689	
288.00006686	
288.00006684	
288.00006681	
288.00006678	
288.00006676	
288.00006673	
288.00006670	
288.00006668	
288.00006665	
288.00006662	
288.00006660	
288.00006657	
288.00006654	
288.00006652	
288.00006649	
288.00006646	
288.00006644	
288.00006641	
288.00006638	
288.00006636	
288.00006633	
288.00006630	
288.00006628	
288.00006625	
288.00006622	
288.00006620	
288.00006617	
288.00006614	
288.00006612	
288.00006609	
288.00006606	
288.00006604	
288.00006601	
288.00006599	
288.00006596	
288.00006593	
288.00006591	
288.00006588	
288.00006585	
288.00006583	
288.00006580	
288.00006577	
288.00006575	
288.00006572	
288.00006570	
288.00006567	
288.00006564	
288.00006562	
288.00006559	
288.00006556	
288.00006554	
288.00006551	
288.00006549	
288.00006546	
288.00006543	
288.00006541	
288.00006538	
288.00006535	
288.00006533	
288.00006530	
288.00006528	
288.00006525	
288.00006522	
288.00006520	
288.00006517	
288.00006515	
288.00006512	
288.00006509	
288.00006507	
288.00006504	
288.00006502	
288.00006499	
288.00006496	
288.00006494	
288.00006491	
288.00006489	
288.00006486	
288.00006483	
288.00006481	
288.00006478	
288.00006476	
288.00006473	
288.00006470	
288.00006468	
288.00006465	
288.00006463	
288.00006460	
288.00006457	
288.00006455	
288.00006452	
288.00006450	
288.00006447	
288.00006445	
288.00006442	
288.00006439	
288.00006437	
288.00006434	
288.00006432	
288.00006429	
288.00006427	
288.00006424	
288.00006421	
288.00006419	
288.00006416	
288.00006414	
288.00006411	
288.00006409	
288.00006406	
288.00006403	
288.00006401	
288.00006398	
288.00006396	
288.00006393	
288.00006391	
288.00006388	
288.00006386	
288.00006383	
288.00006380	
288.00006378	
288.00006375	
288.00006373	
288.00006370	
288.00006368	
288.00006365	
288.00006363	
288.00006360	
288.00006358	
288.00006355	
288.00006352	
288.00006350	
288.00006347	
288.00006345	
288.00006342	
288.00006340	
288.00006337	
288.00006335	
288.00006332	
288.00006330	
288.00006327	
288.00006325	
288.00006322	
288.00006319	
288.00006317	
288.00006314	
288.00006312	
288.00006309	
288.00006307	
288.00006304	
288.00006302	
288.00006299	
288.00006297	
288.00006294	
288.00006292	
288.00006289	
288.00006287	
288.00006284	
288.00006282	
288.00006279	
288.00006277	
288.00006274	
288.00006272	
288.00006269	
288.00006267	
288.00006264	
288.00006262	
288.00006259	
288.00006257	
288.00006254	
288.00006252	
288.00006249	
288.00006247	
288.00006244	
288.00006242	
288.00006239	
288.00006237	
288.00006234	
288.00006232	
288.00006229	
288.00006227	
288.00006224	
288.00006222	
288.00006219	
288.00006217	
288.00006214	
288.00006212	
288.00006209	
288.00006207	
288.00006204	
288.00006202	
288.00006199	
288.00006197	
288.00006194	
288.00006192	
288.00006189	
288.00006187	
288.00006184	
288.00006182	
288.00006179	
288.00006177	
288.00006175	
288.00006172	
288.00006170	
288.00006167	
288.00006165	
288.00006162	
288.00006160	
288.00006157	
288.00006155	
288.00006152	
288.00006150	
288.00006147	
288.00006145	
288.00006142	
288.00006140	
288.00006138	
288.00006135	
288.00006133	
288.00006130	
288.00006128	
288.00006125	
288.00006123	
288.00006120	
288.00006118	
288.00006116	
288.00006113	
288.00006111	
288.00006108	
288.00006106	
288.00006103	
288.00006101	
288.00006098	
288.00006096	
288.00006094	
288.00006091	
288.00006089	
288.00006086	
288.00006084	
288.00006081	
288.00006079	
288.00006076	
288.00006074	
288.00006072	
288.00006069	
288.00006067	
288.00006064	
288.00006062	
288.00006059	
288.00006057	
288.00006055	
288.00006052	
288.00006050	
288.00006047	
288.00006045	
288.00006043	
288.00006040	
288.00006038	
288.00006035	
288.00006033	
288.00006030	
288.00006028	
288.00006026	
288.00006023	
288.00006021	
288.00006018	
288.00006016	
288.00006014	
288.00006011	
288.00006009	
288.00006006	
288.00006004	
288.00006002	
288.00005999	
288.00005997	
288.00005994	
288.00005992	
288.00005990	
288.00005987	
288.00005985	
288.00005982	
288.00005980	
288.00005978	
288.00005975	
288.00005973	
288.00005970	
288.00005968	
288.00005966	
288.00005963	
288.00005961	
288.00005959	
288.00005956	
288.00005954	
288.00005951	
288.00005949	
288.00005947	
288.00005944	
288.00005942	
288.00005939	
288.00005937	
288.00005935	
288.00005932	
288.00005930	
288.00005928	
288.00005925	
288.00005923	
288.00005921	
288.00005918	
288.00005916	
288.00005913	
288.00005911	
288.00005909	
288.00005906	
288.00005904	
288.00005902	
288.00005899	
288.00005897	
288.00005895	
288.00005892	
288.00005890	
288.00005887	
288.00005885	
288.00005883	
288.00005880	
288.00005878	
288.00005876	
288.00005873	
288.00005871	
288.00005869	
288.00005866	
288.00005864	
288.00005862	
288.00005859	
288.00005857	
288.00005855	
288.00005852	
288.00005850	
288.00005848	
288.00005845	
288.00005843	
288.00005841	
288.00005838	
288.00005836	
288.00005834	
288.00005831	
288.00005829	
288.00005827	
288.00005824	
288.00005822	
288.00005820	
288.00005817	
288.00005815	
288.00005813	
288.00005810	
288.00005808	
288.00005806	
288.00005803	
288.00005801	
288.00005799	
288.00005796	
288.00005794	
288.00005792	
288.00005789	
288.00005787	
288.00005785	
288.00005782	
288.00005780	
288.00005778	
288.00005775	
288.00005773	
288.00005771	
288.00005769	
288.00005766	
288.00005764	
288.00005762	
288.00005759	
288.00005757	
288.00005755	
288.00005752	
288.00005750	
288.00005748	
288.00005745	
288.00005743	
288.00005741	
288.00005739	
288.00005736	
288.00005734	
288.00005732	
288.00005729	
288.00005727	
288.00005725	
288.00005723	
288.00005720	
288.00005718	
288.00005716	
288.00005713	
288.00005711	
288.00005709	
288.00005707	
288.00005704	
288.00005702	
288.00005700	
288.00005697	
288.00005695	
288.00005693	
288.00005691	
288.00005688	
288.00005686	
288.00005684	
288.00005681	
288.00005679	
288.00005677	
288.00005675	
288.00005672	
288.00005670	
288.00005668	
288.00005666	
288.00005663	
288.00005661	
288.00005659	
288.00005657	
288.00005654	
288.00005652	
288.00005650	
288.00005647	
288.00005645	
288.00005643	
288.00005641	
288.00005638	
288.00005636	
288.00005634	
288.00005632	
288.00005629	
288.00005627	
288.00005625	
288.00005623	
288.00005620	
288.00005618	
288.00005616	
288.00005614	
288.00005611	
288.00005609	
288.00005607	
288.00005605	
288.00005602	
288.00005600	
288.00005598	
288.00005596	
288.00005594	
288.00005591	
288.00005589	
288.00005587	
288.00005585	
288.00005582	
288.00005580	
288.00005578	
288.00005576	
288.00005573	
288.00005571	
288.00005569	
288.00005567	
288.00005565	
288.00005562	
288.00005560	
288.00005558	
288.00005556	
288.00005553	
288.00005551	
288.00005549	
288.00005547	
288.00005545	
288.00005542	
288.00005540	
288.00005538	
288.00005536	
288.00005533	
288.00005531	
288.00005529	
288.00005527	
288.00005525	
288.00005522	
288.00005520	
288.00005518	
288.00005516	
288.00005514	
288.00005511	
288.00005509	
288.00005507	
288.00005505	
288.00005503	
288.00005500	
288.00005498	
288.00005496	
288.00005494	
288.00005492	
288.00005489	
288.00005487	
288.00005485	
288.00005483	
288.00005481	
288.00005478	
288.00005476	
288.00005474	
288.00005472	
288.00005470	
288.00005467	
288.00005465	
288.00005463	
288.00005461	
288.00005459	
288.00005456	
288.00005454	
288.00005452	
288.00005450	
288.00005448	
288.00005446	
288.00005443	
288.00005441	
288.00005439	
288.00005437	
288.00005435	
288.00005433	
288.00005430	
288.00005428	
288.00005426	
288.00005424	
288.00005422	
288.00005420	
288.00005417	
288.00005415	
288.00005413	
288.00005411	
288.00005409	
288.00005407	
288.00005404	
288.00005402	
288.00005400	
288.00005398	
288.00005396	
288.00005394	
288.00005391	
288.00005389	
288.00005387	
288.00005385	
288.00005383	
288.00005381	
288.00005378	
288.00005376	
288.00005374	
288.00005372	
288.00005370	
288.00005368	
288.00005366	
288.00005363	
288.00005361	
288.00005359	
288.00005357	
288.00005355	
288.00005353	
288.00005351	
288.00005348	
288.00005346	
288.00005344	
288.00005342	
288.00005340	
288.00005338	
288.00005336	
288.00005333	
288.00005331	
288.00005329	
288.00005327	
288.00005325	
288.00005323	
288.00005321	
288.00005319	
288.00005316	
288.00005314	
288.00005312	
288.00005310	
288.00005308	
288.00005306	
288.00005304	
288.00005302	
288.00005299	
288.00005297	
288.00005295	
288.00005293	
288.00005291	
288.00005289	
288.00005287	
288.00005285	
288.00005282	
288.00005280	
288.00005278	
288.00005276	
288.00005274	
288.00005272	
288.00005270	
288.00005268	
288.00005266	
288.00005264	
288.00005261	
288.00005259	
288.00005257	
288.00005255	
288.00005253	
288.00005251	
288.00005249	
288.00005247	
288.00005245	
288.00005242	
288.00005240	
288.00005238	
288.00005236	
288.00005234	
288.00005232	
288.00005230	
288.00005228	
288.00005226	
288.00005224	
288.00005222	
288.00005219	
288.00005217	
288.00005215	
288.00005213	
288.00005211	
288.00005209	
288.00005207	
288.00005205	
288.00005203	
288.00005201	
288.00005199	
288.00005197	
288.00005194	
288.00005192	
288.00005190	
288.00005188	
288.00005186	
288.00005184	
288.00005182	
288.00005180	
288.00005178	
288.00005176	
288.00005174	
288.00005172	
288.00005170	
288.00005168	
288.00005165	
288.00005163	
288.00005161	
288.00005159	
288.00005157	
288.00005155	
288.00005153	
288.00005151	
288.00005149	
288.00005147	
288.00005145	
288.00005143	
288.00005141	
288.00005139	
288.00005137	
288.00005135	
288.00005133	
288.00005130	
288.00005128	
288.00005126	
288.00005124	
288.00005122	
288.00005120	
288.00005118	
288.00005116	
288.00005114	
288.00005112	
288.00005110	
288.00005108	
288.00005106	
288.00005104	
288.00005102	
288.00005100	
288.00005098	
288.00005096	
288.00005094	
288.00005092	
288.00005090	
288.00005088	
288.00005085	
288.00005083	
288.00005081	
288.00005079	
288.00005077	
288.00005075	
288.00005073	
288.00005071	
288.00005069	
288.00005067	
288.00005065	
288.00005063	
288.00005061	
288.00005059	
288.00005057	
288.00005055	
288.00005053	
288.00005051	
288.00005049	
288.00005047	
288.00005045	
288.00005043	
288.00005041	
288.00005039	
288.00005037	
288.00005035	
288.00005033	
288.00005031	
288.00005029	
288.00005027	
288.00005025	
288.00005023	
288.00005021	
288.00005019	
288.00005017	
288.00005015	
288.00005013	
288.00005011	
288.00005009	
288.00005007	
288.00005005	
288.00005003	
288.00005001	
288.00004999	
288.00004997	
288.00004995	
288.00004993	
288.00004991	
288.00004989	
288.00004987	
288.00004985	
288.00004983	
288.00004981	
288.00004979	
288.00004977	
288.00004975	
288.00004973	
288.00004971	
288.00004969	
288.00004967	
288.00004965	
288.00004963	
288.00004961	
288.00004959	
288.00004957	
288.00004955	
288.00004953	
288.00004951	
288.00004949	
288.00004947	
288.00004945	
288.00004943	
288.00004941	
288.00004939	
288.00004937	
288.00004935	
288.00004933	
288.00004931	
288.00004929	
288.00004927	
288.00004925	
288.00004923	
288.00004921	
288.00004919	
288.00004917	
288.00004915	
288.00004913	
288.00004912	
288.00004910	
288.00004908	
288.00004906	
288.00004904	
288.00004902	
288.00004900	
288.00004898	
288.00004896	
288.00004894	
288.00004892	
288.00004890	
288.00004888	
288.00004886	
288.00004884	
288.00004882	
288.00004880	
288.00004878	
288.00004876	
288.00004874	
288.00004872	
288.00004870	
288.00004868	
288.00004867	
288.00004865	
288.00004863	
288.00004861	
288.00004859	
288.00004857	
288.00004855	
288.00004853	
288.00004851	
288.00004849	
288.00004847	
288.00004845	
288.00004843	
288.00004841	
288.00004839	
288.00004837	
288.00004835	
288.00004834	
288.00004832	
288.00004830	
288.00004828	
288.00004826	
288.00004824	
288.00004822	
288.00004820	
288.00004818	
288.00004816	
288.00004814	
288.00004812	
288.00004810	
288.00004808	
288.00004807	
288.00004805	
288.00004803	
288.00004801	
288.00004799	
288.00004797	
288.00004795	
288.00004793	
288.00004791	
288.00004789	
288.00004787	
288.00004785	
288.00004784	
288.00004782	
288.00004780	
288.00004778	
288.00004776	
288.00004774	
288.00004772	
288.00004770	
288.00004768	
288.00004766	
288.00004764	
288.00004763	
288.00004761	
288.00004759	
288.00004757	
288.00004755	
288.00004753	
288.00004751	
288.00004749	
288.00004747	
288.00004745	
288.00004744	
288.00004742	
288.00004740	
288.00004738	
288.00004736	
288.00004734	
288.00004732	
288.00004730	
288.00004728	
288.00004726	
288.00004725	
288.00004723	
288.00004721	
288.00004719	
288.00004717	
288.00004715	
288.00004713	
288.00004711	
288.00004709	
288.00004708	
288.00004706	
288.00004704	
288.00004702	
288.00004700	
288.00004698	
288.00004696	
288.00004694	
288.00004693	
288.00004691	
288.00004689	
288.00004687	
288.00004685	
288.00004683	
288.00004681	
288.00004679	
288.00004678	
288.00004676	
288.00004674	
288.00004672	
288.00004670	
288.00004668	
288.00004666	
288.00004664	
288.00004663	
288.00004661	
288.00004659	
288.00004657	
288.00004655	
288.00004653	
288.00004651	
288.00004650	
288.00004648	
288.00004646	
288.00004644	
288.00004642	
288.00004640	
288.00004638	
288.00004637	
288.00004635	
288.00004633	
288.00004631	
288.00004629	
288.00004627	
288.00004625	
288.00004624	
288.00004622	
288.00004620	
288.00004618	
288.00004616	
288.00004614	
288.00004613	
288.00004611	
288.00004609	
288.00004607	
288.00004605	
288.00004603	
288.00004601	
288.00004600	
288.00004598	
288.00004596	
288.00004594	
288.00004592	
288.00004590	
288.00004589	
288.00004587	
288.00004585	
288.00004583	
288.00004581	
288.00004579	
288.00004578	
288.00004576	
288.00004574	
288.00004572	
288.00004570	
288.00004568	
288.00004567	
288.00004565	
288.00004563	
288.00004561	
288.00004559	
288.00004557	
288.00004556	
288.00004554	
288.00004552	
288.00004550	
288.00004548	
288.00004547	
288.00004545	
288.00004543	
288.00004541	
288.00004539	
288.00004537	
288.00004536	
288.00004534	
288.00004532	
288.00004530	
288.00004528	
288.00004527	
288.00004525	
288.00004523	
288.00004521	
288.00004519	
288.00004518	
288.00004516	
288.00004514	
288.00004512	
288.00004510	
288.00004509	
288.00004507	
288.00004505	
288.00004503	
288.00004501	
288.00004500	
288.00004498	
288.00004496	
288.00004494	
288.00004492	
288.00004491	
288.00004489	
288.00004487	
288.00004485	
288.00004483	
288.00004482	
288.00004480	
288.00004478	
288.00004476	
288.00004474	
288.00004473	
288.00004471	
288.00004469	
288.00004467	
288.00004465	
288.00004464	
288.00004462	
288.00004460	
288.00004458	
288.00004457	
288.00004455	
288.00004453	
288.00004451	
288.00004449	
288.00004448	
288.00004446	
288.00004444	
288.00004442	
288.00004440	
288.00004439	
288.00004437	
288.00004435	
288.00004433	
288.00004432	
288.00004430	
288.00004428	
288.00004426	
288.00004425	
288.00004423	
288.00004421	
288.00004419	
288.00004417	
288.00004416	
288.00004414	
288.00004412	
288.00004410	
288.00004409	
288.00004407	
288.00004405	
288.00004403	
288.00004402	
288.00004400	
288.00004398	
288.00004396	
288.00004395	
288.00004393	
288.00004391	
288.00004389	
288.00004388	
288.00004386	
288.00004384	
288.00004382	
288.00004380	
288.00004379	
288.00004377	
288.00004375	
288.00004373	
288.00004372	
288.00004370	
288.00004368	
288.00004366	
288.00004365	
288.00004363	
288.00004361	
288.00004360	
288.00004358	
288.00004356	
288.00004354	
288.00004353	
288.00004351	
288.00004349	
288.00004347	
288.00004346	
288.00004344	
288.00004342	
288.00004340	
288.00004339	
288.00004337	
288.00004335	
288.00004333	
288.00004332	
288.00004330	
288.00004328	
288.00004327	
288.00004325	
288.00004323	
288.00004321	
288.00004320	
288.00004318	
288.00004316	
288.00004314	
288.00004313	
288.00004311	
288.00004309	
288.00004308	
288.00004306	
288.00004304	
288.00004302	
288.00004301	
288.00004299	
288.00004297	
288.00004295	
288.00004294	
288.00004292	
288.00004290	
288.00004289	
288.00004287	
288.00004285	
288.00004283	
288.00004282	
288.00004280	
288.00004278	
288.00004277	
288.00004275	
288.00004273	
288.00004271	
288.00004270	
288.00004268	
288.00004266	
288.00004265	
288.00004263	
288.00004261	
288.00004260	
288.00004258	
288.00004256	
288.00004254	
288.00004253	
288.00004251	
288.00004249	
288.00004248	
288.00004246	
288.00004244	
288.00004243	
288.00004241	
288.00004239	
288.00004237	
288.00004236	
288.00004234	
288.00004232	
288.00004231	
288.00004229	
288.00004227	
288.00004226	
288.00004224	
288.00004222	
288.00004221	
288.00004219	
288.00004217	
288.00004215	
288.00004214	
288.00004212	
288.00004210	
288.00004209	
288.00004207	
288.00004205	
288.00004204	
288.00004202	
288.00004200	
288.00004199	
288.00004197	
288.00004195	
288.00004194	
288.00004192	
288.00004190	
288.00004189	
288.00004187	
288.00004185	
288.00004184	
288.00004182	
288.00004180	
288.00004178	
288.00004177	
288.00004175	
288.00004173	
288.00004172	
288.00004170	
288.00004168	
288.00004167	
288.00004165	
288.00004163	
288.00004162	
288.00004160	
288.00004158	
288.00004157	
288.00004155	
288.00004153	
288.00004152	
288.00004150	
288.00004149	
288.00004147	
288.00004145	
288.00004144	
288.00004142	
288.00004140	
288.00004139	
288.00004137	
288.00004135	
288.00004134	
288.00004132	
288.00004130	
288.00004129	
288.00004127	
288.00004125	
288.00004124	
288.00004122	
288.00004120	
288.00004119	
288.00004117	
288.00004115	
288.00004114	
288.00004112	
288.00004111	
288.00004109	
288.00004107	
288.00004106	
288.00004104	
288.00004102	
288.00004101	
288.00004099	
288.00004097	
288.00004096	
288.00004094	
288.00004092	
288.00004091	
288.00004089	
288.00004088	
288.00004086	
288.00004084	
288.00004083	
288.00004081	
288.00004079	
288.00004078	
288.00004076	
288.00004074	
288.00004073	
288.00004071	
288.00004070	
288.00004068	
288.00004066	
288.00004065	
288.00004063	
288.00004061	
288.00004060	
288.00004058	
288.00004057	
288.00004055	
288.00004053	
288.00004052	
288.00004050	
288.00004048	
288.00004047	
288.00004045	
288.00004044	
288.00004042	
288.00004040	
288.00004039	
288.00004037	
288.00004036	
288.00004034	
288.00004032	
288.00004031	
288.00004029	
288.00004027	
288.00004026	
288.00004024	
288.00004023	
288.00004021	
288.00004019	
288.00004018	
288.00004016	
288.00004015	
288.00004013	
288.00004011	
288.00004010	
288.00004008	
288.00004007	
288.00004005	
288.00004003	
288.00004002	
288.00004000	
288.00003999	
288.00003997	
288.00003995	
288.00003994	
288.00003992	
288.00003991	
288.00003989	
288.00003987	
288.00003986	
288.00003984	
288.00003983	
288.00003981	
288.00003979	
288.00003978	
288.00003976	
288.00003975	
288.00003973	
288.00003971	
288.00003970	
288.00003968	
288.00003967	
288.00003965	
288.00003964	
288.00003962	
288.00003960	
288.00003959	
288.00003957	
288.00003956	
288.00003954	
288.00003952	
288.00003951	
288.00003949	
288.00003948	
288.00003946	
288.00003945	
288.00003943	
288.00003941	
288.00003940	
288.00003938	
288.00003937	
288.00003935	
288.00003934	
288.00003932	
288.00003930	
288.00003929	
288.00003927	
288.00003926	
288.00003924	
288.00003923	
288.00003921	
288.00003919	
288.00003918	
288.00003916	
288.00003915	
288.00003913	
288.00003912	
288.00003910	
288.00003908	
288.00003907	
288.00003905	
288.00003904	
288.00003902	
288.00003901	
288.00003899	
288.00003898	
288.00003896	
288.00003894	
288.00003893	
288.00003891	
288.00003890	
288.00003888	
288.00003887	
288.00003885	
288.00003884	
288.00003882	
288.00003880	
288.00003879	
288.00003877	
288.00003876	
288.00003874	
288.00003873	
288.00003871	
288.00003870	
288.00003868	
288.00003866	
288.00003865	
288.00003863	
288.00003862	
288.00003860	
288.00003859	
288.00003857	
288.00003856	
288.00003854	
288.00003853	
288.00003851	
288.00003849	
288.00003848	
288.00003846	
288.00003845	
288.00003843	
288.00003842	
288.00003840	
288.00003839	
288.00003837	
288.00003836	
288.00003834	
288.00003833	
288.00003831	
288.00003830	
288.00003828	
288.00003826	
288.00003825	
288.00003823	
288.00003822	
288.00003820	
288.00003819	
288.00003817	
288.00003816	
288.00003814	
288.00003813	
288.00003811	
288.00003810	
288.00003808	
288.00003807	
288.00003805	
288.00003804	
288.00003802	
288.00003801	
288.00003799	
288.00003797	
288.00003796	
288.00003794	
288.00003793	
288.00003791	
288.00003790	
288.00003788	
288.00003787	
288.00003785	
288.00003784	
288.00003782	
288.00003781	
288.00003779	
288.00003778	
288.00003776	
288.00003775	
288.00003773	
288.00003772	
288.00003770	
288.00003769	
288.00003767	
288.00003766	
288.00003764	
288.00003763	
288.00003761	
288.00003760	
288.00003758	
288.00003757	
288.00003755	
288.00003754	
288.00003752	
288.00003751	
288.00003749	
288.00003748	
288.00003746	
288.00003745	
288.00003743	
288.00003742	
288.00003740	
288.00003739	
288.00003737	
288.00003736	
288.00003734	
288.00003733	
288.00003731	
288.00003730	
288.00003728	
288.00003727	
288.00003725	
288.00003724	
288.00003722	
288.00003721	
288.00003719	
288.00003718	
288.00003716	
288.00003715	
288.00003713	
288.00003712	
288.00003710	
288.00003709	
288.00003707	
288.00003706	
288.00003704	
288.00003703	
288.00003701	
288.00003700	
288.00003699	
288.00003697	
288.00003696	
288.00003694	
288.00003693	
288.00003691	
288.00003690	
288.00003688	
288.00003687	
288.00003685	
288.00003684	
288.00003682	
288.00003681	
288.00003679	
288.00003678	
288.00003676	
288.00003675	
288.00003673	
288.00003672	
288.00003670	
288.00003669	
288.00003668	
288.00003666	
288.00003665	
288.00003663	
288.00003662	
288.00003660	
288.00003659	
288.00003657	
288.00003656	
288.00003654	
288.00003653	
288.00003651	
288.00003650	
288.00003649	
288.00003647	
288.00003646	
288.00003644	
288.00003643	
288.00003641	
288.00003640	
288.00003638	
288.00003637	
288.00003635	
288.00003634	
288.00003633	
288.00003631	
288.00003630	
288.00003628	
288.00003627	
288.00003625	
288.00003624	
288.00003622	
288.00003621	
288.00003619	
288.00003618	
288.00003617	
288.00003615	
288.00003614	
288.00003612	
288.00003611	
288.00003609	
288.00003608	
288.00003606	
288.00003605	
288.00003604	
288.00003602	
288.00003601	
288.00003599	
288.00003598	
288.00003596	
288.00003595	
288.00003593	
288.00003592	
288.00003591	
288.00003589	
288.00003588	
288.00003586	
288.00003585	
288.00003583	
288.00003582	
288.00003581	
288.00003579	
288.00003578	
288.00003576	
288.00003575	
288.00003573	
288.00003572	
288.00003571	
288.00003569	
288.00003568	
288.00003566	
288.00003565	
288.00003563	
288.00003562	
288.00003561	
288.00003559	
288.00003558	
288.00003556	
288.00003555	
288.00003553	
288.00003552	
288.00003551	
288.00003549	
288.00003548	
288.00003546	
288.00003545	
288.00003544	
288.00003542	
288.00003541	
288.00003539	
288.00003538	
288.00003536	
288.00003535	
288.00003534	
288.00003532	
288.00003531	
288.00003529	
288.00003528	
288.00003527	
288.00003525	
288.00003524	
288.00003522	
288.00003521	
288.00003519	
288.00003518	
288.00003517	
288.00003515	
288.00003514	
288.00003512	
288.00003511	
288.00003510	
288.00003508	
288.00003507	
288.00003505	
288.00003504	
288.00003503	
288.00003501	
288.00003500	
288.00003498	
288.00003497	
288.00003496	
288.00003494	
288.00003493	
288.00003491	
288.00003490	
288.00003489	
288.00003487	
288.00003486	
288.00003484	
288.00003483	
288.00003482	
288.00003480	
288.00003479	
288.00003478	
288.00003476	
288.00003475	
288.00003473	
288.00003472	
288.00003471	
288.00003469	
288.00003468	
288.00003466	
288.00003465	
288.00003464	
288.00003462	
288.00003461	
288.00003459	
288.00003458	
288.00003457	
288.00003455	
288.00003454	
288.00003453	
288.00003451	
288.00003450	
288.00003448	
288.00003447	
288.00003446	
288.00003444	
288.00003443	
288.00003442	
288.00003440	
288.00003439	
288.00003437	
288.00003436	
288.00003435	
288.00003433	
288.00003432	
288.00003431	
288.00003429	
288.00003428	
288.00003426	
288.00003425	
288.00003424	
288.00003422	
288.00003421	
288.00003420	
288.00003418	
288.00003417	
288.00003415	
288.00003414	
288.00003413	
288.00003411	
288.00003410	
288.00003409	
288.00003407	
288.00003406	
288.00003405	
288.00003403	
288.00003402	
288.00003400	
288.00003399	
288.00003398	
288.00003396	
288.00003395	
288.00003394	
288.00003392	
288.00003391	
288.00003390	
288.00003388	
288.00003387	
288.00003386	
288.00003384	
288.00003383	
288.00003381	
288.00003380	
288.00003379	
288.00003377	
288.00003376	
288.00003375	
288.00003373	
288.00003372	
288.00003371	
288.00003369	
288.00003368	
288.00003367	
288.00003365	
288.00003364	
288.00003363	
288.00003361	
288.00003360	
288.00003359	
288.00003357	
288.00003356	
288.00003355	
288.00003353	
288.00003352	
288.00003350	
288.00003349	
288.00003348	
288.00003346	
288.00003345	
288.00003344	
288.00003342	
288.00003341	
288.00003340	
288.00003338	
288.00003337	
288.00003336	
288.00003334	
288.00003333	
288.00003332	
288.00003330	
288.00003329	
288.00003328	
288.00003326	
288.00003325	
288.00003324	
288.00003322	
288.00003321	
288.00003320	
288.00003318	
288.00003317	
288.00003316	
288.00003314	
288.00003313	
288.00003312	
288.00003311	
288.00003309	
288.00003308	
288.00003307	
288.00003305	
288.00003304	
288.00003303	
288.00003301	
288.00003300	
288.00003299	
288.00003297	
288.00003296	
288.00003295	
288.00003293	
288.00003292	
288.00003291	
288.00003289	
288.00003288	
288.00003287	
288.00003285	
288.00003284	
288.00003283	
288.00003282	
288.00003280	
288.00003279	
288.00003278	
288.00003276	
288.00003275	
288.00003274	
288.00003272	
288.00003271	
288.00003270	
288.00003268	
288.00003267	
288.00003266	
288.00003264	
288.00003263	
288.00003262	
288.00003261	
288.00003259	
288.00003258	
288.00003257	
288.00003255	
288.00003254	
288.00003253	
288.00003251	
288.00003250	
288.00003249	
288.00003248	
288.00003246	
288.00003245	
288.00003244	
288.00003242	
288.00003241	
288.00003240	
288.00003238	
288.00003237	
288.00003236	
288.00003235	
288.00003233	
288.00003232	
288.00003231	
288.00003229	
288.00003228	
288.00003227	
288.00003226	
288.00003224	
288.00003223	
288.00003222	
288.00003220	
288.00003219	
288.00003218	
288.00003217	
288.00003215	
288.00003214	
288.00003213	
288.00003211	
288.00003210	
288.00003209	
288.00003208	
288.00003206	
288.00003205	
288.00003204	
288.00003202	
288.00003201	
288.00003200	
288.00003199	
288.00003197	
288.00003196	
288.00003195	
288.00003193	
288.00003192	
288.00003191	
288.00003190	
288.00003188	
288.00003187	
288.00003186	
288.00003185	
288.00003183	
288.00003182	
288.00003181	
288.00003179	
288.00003178	
288.00003177	
288.00003176	
288.00003174	
288.00003173	
288.00003172	
288.00003171	
288.00003169	
288.00003168	
288.00003167	
288.00003165	
288.00003164	
288.00003163	
288.00003162	
288.00003160	
288.00003159	
288.00003158	
288.00003157	
288.00003155	
288.00003154	
288.00003153	
288.00003152	
288.00003150	
288.00003149	
288.00003148	
288.00003147	
288.00003145	
288.00003144	
288.00003143	
288.00003141	
288.00003140	
288.00003139	
288.00003138	
288.00003136	
288.00003135	
288.00003134	
288.00003133	
288.00003131	
288.00003130	
288.00003129	
288.00003128	
288.00003126	
288.00003125	
288.00003124	
288.00003123	
288.00003121	
288.00003120	
288.00003119	
288.00003118	
288.00003116	
288.00003115	
288.00003114	
288.00003113	
288.00003111	
288.00003110	
288.00003109	
288.00003108	
288.00003106	
288.00003105	
288.00003104	
288.00003103	
288.00003102	
288.00003100	
288.00003099	
288.00003098	
288.00003097	
288.00003095	
288.00003094	
288.00003093	
288.00003092	
288.00003090	
288.00003089	
288.00003088	
288.00003087	
288.00003085	
288.00003084	
288.00003083	
288.00003082	
288.00003080	
288.00003079	
288.00003078	
288.00003077	
288.00003076	
288.00003074	
288.00003073	
288.00003072	
288.00003071	
288.00003069	
288.00003068	
288.00003067	
288.00003066	
288.00003065	
288.00003063	
288.00003062	
288.00003061	
288.00003060	
288.00003058	
288.00003057	
288.00003056	
288.00003055	
288.00003054	
288.00003052	
288.00003051	
288.00003050	
288.00003049	
288.00003047	
288.00003046	
288.00003045	
288.00003044	
288.00003043	
288.00003041	
288.00003040	
288.00003039	
288.00003038	
288.00003036	
288.00003035	
288.00003034	
288.00003033	
288.00003032	
288.00003030	
288.00003029	
288.00003028	
288.00003027	
288.00003026	
288.00003024	
288.00003023	
288.00003022	
288.00003021	
288.00003019	
288.00003018	
288.00003017	
288.00003016	
288.00003015	
288.00003013	
288.00003012	
288.00003011	
288.00003010	
288.00003009	
288.00003007	
288.00003006	
288.00003005	
288.00003004	
288.00003003	
288.00003001	
288.00003000	
288.00002999	
288.00002998	
288.00002997	
288.00002995	
288.00002994	
288.00002993	
288.00002992	
288.00002991	
288.00002989	
288.00002988	
288.00002987	
288.00002986	
288.00002985	
288.00002983	
288.00002982	
288.00002981	
288.00002980	
288.00002979	
288.00002978	
288.00002976	
288.00002975	
288.00002974	
288.00002973	
288.00002972	
288.00002970	
288.00002969	
288.00002968	
288.00002967	
288.00002966	
288.00002964	
288.00002963	
288.00002962	
288.00002961	
288.00002960	
288.00002959	
