296.02289912	
296.02368417	
296.02446891	
296.02525333	
296.02603743	
296.02682122	
296.02760470	
296.02838786	
296.02917070	
296.02995323	
296.03073545	
296.03151735	
296.03229894	
296.03308021	
296.03386117	
296.03464182	
296.03542215	
296.03620217	
296.03698187	
296.03776126	
296.03854034	
296.03931910	
296.04009756	
296.04087570	
296.04165352	
296.04243104	
296.04320824	
296.04398513	
296.04476170	
296.04553797	
296.04631392	
296.04708956	
296.04786489	
296.04863991	
296.04941461	
296.05018901	
296.05096309	
296.05173686	
296.05251032	
296.05328347	
296.05405631	
296.05482884	
296.05560106	
296.05637297	
296.05714456	
296.05791585	
296.05868683	
296.05945750	
296.06022786	
296.06099790	
296.06176764	
296.06253707	
296.06330619	
296.06407500	
296.06484351	
296.06561170	
296.06637958	
296.06714716	
296.06791443	
296.06868139	
296.06944804	
296.07021438	
296.07098041	
296.07174614	
296.07251156	
296.07327667	
296.07404147	
296.07480597	
296.07557016	
296.07633404	
296.07709762	
296.07786089	
296.07862385	
296.07938650	
296.08014885	
296.08091089	
296.08167263	
296.08243406	
296.08319518	
296.08395600	
296.08471651	
296.08547671	
296.08623662	
296.08699621	
296.08775550	
296.08851448	
296.08927316	
296.09003154	
296.09078961	
296.09154737	
296.09230483	
296.09306199	
296.09381884	
296.09457539	
296.09533163	
296.09608757	
296.09684321	
296.09759854	
296.09835357	
296.09910829	
296.09986272	
296.10061683	
296.10137065	
296.10212416	
296.10287737	
296.10363028	
296.10438288	
296.10513519	
296.10588718	
296.10663888	
296.10739028	
296.10814137	
296.10889216	
296.10964265	
296.11039284	
296.11114272	
296.11189231	
296.11264159	
296.11339058	
296.11413926	
296.11488764	
296.11563572	
296.11638350	
296.11713098	
296.11787815	
296.11862503	
296.11937161	
296.12011789	
296.12086386	
296.12160954	
296.12235492	
296.12310000	
296.12384478	
296.12458926	
296.12533344	
296.12607732	
296.12682090	
296.12756419	
296.12830717	
296.12904986	
296.12979224	
296.13053433	
296.13127613	
296.13201762	
296.13275881	
296.13349971	
296.13424031	
296.13498061	
296.13572062	
296.13646032	
296.13719973	
296.13793884	
296.13867766	
296.13941618	
296.14015440	
296.14089232	
296.14162995	
296.14236728	
296.14310432	
296.14384106	
296.14457750	
296.14531365	
296.14604950	
296.14678505	
296.14752031	
296.14825528	
296.14898995	
296.14972432	
296.15045840	
296.15119218	
296.15192567	
296.15265886	
296.15339176	
296.15412437	
296.15485668	
296.15558869	
296.15632041	
296.15705184	
296.15778297	
296.15851381	
296.15924436	
296.15997461	
296.16070457	
296.16143424	
296.16216361	
296.16289269	
296.16362147	
296.16434997	
296.16507817	
296.16580607	
296.16653369	
296.16726101	
296.16798804	
296.16871478	
296.16944122	
296.17016738	
296.17089324	
296.17161881	
296.17234409	
296.17306908	
296.17379377	
296.17451818	
296.17524229	
296.17596611	
296.17668964	
296.17741288	
296.17813583	
296.17885849	
296.17958086	
296.18030294	
296.18102473	
296.18174623	
296.18246744	
296.18318835	
296.18390898	
296.18462932	
296.18534937	
296.18606913	
296.18678860	
296.18750778	
296.18822668	
296.18894528	
296.18966360	
296.19038162	
296.19109936	
296.19181681	
296.19253397	
296.19325084	
296.19396743	
296.19468372	
296.19539973	
296.19611545	
296.19683088	
296.19754603	
296.19826089	
296.19897546	
296.19968974	
296.20040374	
296.20111745	
296.20183087	
296.20254401	
296.20325686	
296.20396942	
296.20468170	
296.20539369	
296.20610539	
296.20681681	
296.20752794	
296.20823879	
296.20894935	
296.20965962	
296.21036961	
296.21107932	
296.21178873	
296.21249787	
296.21320672	
296.21391528	
296.21462356	
296.21533155	
296.21603926	
296.21674669	
296.21745383	
296.21816069	
296.21886726	
296.21957355	
296.22027955	
296.22098528	
296.22169071	
296.22239587	
296.22310074	
296.22380532	
296.22450963	
296.22521365	
296.22591739	
296.22662084	
296.22732402	
296.22802691	
296.22872951	
296.22943184	
296.23013388	
296.23083564	
296.23153712	
296.23223832	
296.23293923	
296.23363986	
296.23434022	
296.23504029	
296.23574007	
296.23643958	
296.23713881	
296.23783775	
296.23853642	
296.23923480	
296.23993290	
296.24063073	
296.24132827	
296.24202553	
296.24272251	
296.24341921	
296.24411563	
296.24481177	
296.24550763	
296.24620322	
296.24689852	
296.24759354	
296.24828828	
296.24898275	
296.24967693	
296.25037084	
296.25106447	
296.25175781	
296.25245088	
296.25314367	
296.25383619	
296.25452842	
296.25522038	
296.25591206	
296.25660346	
296.25729458	
296.25798542	
296.25867599	
296.25936628	
296.26005629	
296.26074602	
296.26143548	
296.26212466	
296.26281356	
296.26350219	
296.26419054	
296.26487861	
296.26556641	
296.26625393	
296.26694117	
296.26762814	
296.26831483	
296.26900124	
296.26968738	
296.27037325	
296.27105883	
296.27174415	
296.27242918	
296.27311395	
296.27379843	
296.27448264	
296.27516658	
296.27585024	
296.27653363	
296.27721674	
296.27789958	
296.27858214	
296.27926443	
296.27994644	
296.28062818	
296.28130965	
296.28199084	
296.28267176	
296.28335240	
296.28403277	
296.28471287	
296.28539270	
296.28607225	
296.28675153	
296.28743053	
296.28810926	
296.28878772	
296.28946591	
296.29014382	
296.29082146	
296.29149883	
296.29217593	
296.29285276	
296.29352931	
296.29420559	
296.29488160	
296.29555734	
296.29623280	
296.29690800	
296.29758292	
296.29825757	
296.29893195	
296.29960606	
296.30027990	
296.30095347	
296.30162677	
296.30229979	
296.30297255	
296.30364503	
296.30431725	
296.30498919	
296.30566087	
296.30633227	
296.30700341	
296.30767428	
296.30834487	
296.30901520	
296.30968525	
296.31035504	
296.31102456	
296.31169381	
296.31236279	
296.31303150	
296.31369994	
296.31436812	
296.31503602	
296.31570366	
296.31637103	
296.31703813	
296.31770496	
296.31837153	
296.31903782	
296.31970385	
296.32036961	
296.32103511	
296.32170033	
296.32236529	
296.32302998	
296.32369441	
296.32435857	
296.32502246	
296.32568608	
296.32634944	
296.32701253	
296.32767535	
296.32833791	
296.32900020	
296.32966222	
296.33032398	
296.33098547	
296.33164670	
296.33230766	
296.33296836	
296.33362879	
296.33428895	
296.33494885	
296.33560848	
296.33626785	
296.33692696	
296.33758579	
296.33824437	
296.33890268	
296.33956072	
296.34021850	
296.34087602	
296.34153327	
296.34219026	
296.34284698	
296.34350344	
296.34415964	
296.34481557	
296.34547124	
296.34612664	
296.34678178	
296.34743666	
296.34809128	
296.34874563	
296.34939972	
296.35005354	
296.35070711	
296.35136041	
296.35201344	
296.35266622	
296.35331873	
296.35397098	
296.35462297	
296.35527470	
296.35592616	
296.35657736	
296.35722831	
296.35787899	
296.35852940	
296.35917956	
296.35982945	
296.36047909	
296.36112846	
296.36177757	
296.36242642	
296.36307501	
296.36372334	
296.36437141	
296.36501922	
296.36566677	
296.36631406	
296.36696109	
296.36760785	
296.36825436	
296.36890061	
296.36954660	
296.37019233	
296.37083779	
296.37148300	
296.37212795	
296.37277265	
296.37341708	
296.37406125	
296.37470516	
296.37534882	
296.37599222	
296.37663535	
296.37727823	
296.37792085	
296.37856322	
296.37920532	
296.37984717	
296.38048876	
296.38113009	
296.38177116	
296.38241198	
296.38305253	
296.38369283	
296.38433288	
296.38497266	
296.38561219	
296.38625146	
296.38689048	
296.38752923	
296.38816774	
296.38880598	
296.38944397	
296.39008170	
296.39071917	
296.39135639	
296.39199336	
296.39263006	
296.39326651	
296.39390271	
296.39453865	
296.39517433	
296.39580976	
296.39644493	
296.39707985	
296.39771451	
296.39834892	
296.39898307	
296.39961697	
296.40025061	
296.40088400	
296.40151713	
296.40215001	
296.40278264	
296.40341501	
296.40404713	
296.40467899	
296.40531060	
296.40594195	
296.40657305	
296.40720390	
296.40783449	
296.40846483	
296.40909492	
296.40972475	
296.41035433	
296.41098366	
296.41161273	
296.41224155	
296.41287012	
296.41349844	
296.41412650	
296.41475431	
296.41538187	
296.41600918	
296.41663623	
296.41726304	
296.41788959	
296.41851589	
296.41914193	
296.41976773	
296.42039327	
296.42101856	
296.42164361	
296.42226840	
296.42289293	
296.42351722	
296.42414126	
296.42476505	
296.42538858	
296.42601187	
296.42663490	
296.42725768	
296.42788022	
296.42850250	
296.42912453	
296.42974632	
296.43036785	
296.43098913	
296.43161017	
296.43223095	
296.43285149	
296.43347177	
296.43409181	
296.43471159	
296.43533113	
296.43595042	
296.43656946	
296.43718825	
296.43780679	
296.43842509	
296.43904313	
296.43966093	
296.44027848	
296.44089578	
296.44151283	
296.44212964	
296.44274619	
296.44336250	
296.44397856	
296.44459437	
296.44520994	
296.44582526	
296.44644033	
296.44705515	
296.44766973	
296.44828406	
296.44889814	
296.44951198	
296.45012557	
296.45073891	
296.45135201	
296.45196486	
296.45257746	
296.45318982	
296.45380193	
296.45441379	
296.45502541	
296.45563678	
296.45624791	
296.45685879	
296.45746943	
296.45807982	
296.45868997	
296.45929987	
296.45990952	
296.46051893	
296.46112810	
296.46173702	
296.46234569	
296.46295413	
296.46356231	
296.46417025	
296.46477795	
296.46538541	
296.46599262	
296.46659958	
296.46720630	
296.46781278	
296.46841901	
296.46902500	
296.46963075	
296.47023625	
296.47084151	
296.47144653	
296.47205130	
296.47265583	
296.47326012	
296.47386417	
296.47446797	
296.47507153	
296.47567484	
296.47627792	
296.47688075	
296.47748334	
296.47808568	
296.47868779	
296.47928965	
296.47989127	
296.48049265	
296.48109379	
296.48169469	
296.48229534	
296.48289575	
296.48349593	
296.48409586	
296.48469555	
296.48529499	
296.48589420	
296.48649317	
296.48709189	
296.48769038	
296.48828862	
296.48888663	
296.48948439	
296.49008192	
296.49067920	
296.49127624	
296.49187305	
296.49246961	
296.49306593	
296.49366202	
296.49425786	
296.49485347	
296.49544883	
296.49604396	
296.49663885	
296.49723350	
296.49782791	
296.49842208	
296.49901601	
296.49960970	
296.50020315	
296.50079637	
296.50138935	
296.50198209	
296.50257459	
296.50316685	
296.50375887	
296.50435066	
296.50494221	
296.50553352	
296.50612459	
296.50671543	
296.50730603	
296.50789639	
296.50848651	
296.50907640	
296.50966605	
296.51025546	
296.51084464	
296.51143357	
296.51202228	
296.51261074	
296.51319897	
296.51378696	
296.51437472	
296.51496224	
296.51554952	
296.51613657	
296.51672338	
296.51730996	
296.51789630	
296.51848240	
296.51906827	
296.51965391	
296.52023930	
296.52082447	
296.52140939	
296.52199409	
296.52257854	
296.52316277	
296.52374675	
296.52433051	
296.52491403	
296.52549731	
296.52608036	
296.52666317	
296.52724576	
296.52782810	
296.52841022	
296.52899209	
296.52957374	
296.53015515	
296.53073633	
296.53131727	
296.53189798	
296.53247846	
296.53305870	
296.53363871	
296.53421849	
296.53479804	
296.53537735	
296.53595643	
296.53653527	
296.53711388	
296.53769227	
296.53827041	
296.53884833	
296.53942601	
296.54000346	
296.54058068	
296.54115767	
296.54173443	
296.54231095	
296.54288724	
296.54346330	
296.54403913	
296.54461473	
296.54519009	
296.54576523	
296.54634013	
296.54691481	
296.54748925	
296.54806346	
296.54863744	
296.54921119	
296.54978471	
296.55035799	
296.55093105	
296.55150388	
296.55207648	
296.55264884	
296.55322098	
296.55379289	
296.55436456	
296.55493601	
296.55550723	
296.55607822	
296.55664898	
296.55721950	
296.55778980	
296.55835988	
296.55892972	
296.55949933	
296.56006871	
296.56063787	
296.56120679	
296.56177549	
296.56234396	
296.56291220	
296.56348021	
296.56404800	
296.56461555	
296.56518288	
296.56574998	
296.56631685	
296.56688349	
296.56744991	
296.56801610	
296.56858206	
296.56914779	
296.56971330	
296.57027858	
296.57084363	
296.57140845	
296.57197305	
296.57253742	
296.57310156	
296.57366548	
296.57422917	
296.57479263	
296.57535587	
296.57591888	
296.57648166	
296.57704422	
296.57760655	
296.57816866	
296.57873054	
296.57929219	
296.57985362	
296.58041483	
296.58097580	
296.58153656	
296.58209708	
296.58265738	
296.58321746	
296.58377731	
296.58433694	
296.58489634	
296.58545551	
296.58601447	
296.58657319	
296.58713169	
296.58768997	
296.58824803	
296.58880585	
296.58936346	
296.58992084	
296.59047800	
296.59103493	
296.59159164	
296.59214812	
296.59270439	
296.59326042	
296.59381624	
296.59437183	
296.59492720	
296.59548234	
296.59603726	
296.59659196	
296.59714644	
296.59770069	
296.59825472	
296.59880853	
296.59936211	
296.59991547	
296.60046861	
296.60102153	
296.60157423	
296.60212670	
296.60267895	
296.60323098	
296.60378279	
296.60433437	
296.60488574	
296.60543688	
296.60598780	
296.60653850	
296.60708898	
296.60763923	
296.60818927	
296.60873908	
296.60928868	
296.60983805	
296.61038720	
296.61093613	
296.61148484	
296.61203333	
296.61258160	
296.61312965	
296.61367748	
296.61422509	
296.61477248	
296.61531964	
296.61586659	
296.61641332	
296.61695983	
296.61750612	
296.61805219	
296.61859804	
296.61914367	
296.61968908	
296.62023428	
296.62077925	
296.62132400	
296.62186854	
296.62241286	
296.62295695	
296.62350083	
296.62404449	
296.62458793	
296.62513116	
296.62567416	
296.62621695	
296.62675952	
296.62730187	
296.62784400	
296.62838592	
296.62892761	
296.62946909	
296.63001036	
296.63055140	
296.63109223	
296.63163284	
296.63217323	
296.63271340	
296.63325336	
296.63379310	
296.63433263	
296.63487193	
296.63541102	
296.63594990	
296.63648855	
296.63702699	
296.63756522	
296.63810323	
296.63864102	
296.63917859	
296.63971595	
296.64025310	
296.64079002	
296.64132673	
296.64186323	
296.64239951	
296.64293558	
296.64347143	
296.64400706	
296.64454248	
296.64507768	
296.64561267	
296.64614744	
296.64668200	
296.64721635	
296.64775047	
296.64828439	
296.64881809	
296.64935157	
296.64988484	
296.65041790	
296.65095074	
296.65148337	
296.65201578	
296.65254798	
296.65307997	
296.65361174	
296.65414330	
296.65467465	
296.65520578	
296.65573669	
296.65626740	
296.65679789	
296.65732817	
296.65785823	
296.65838808	
296.65891772	
296.65944715	
296.65997636	
296.66050536	
296.66103415	
296.66156273	
296.66209109	
296.66261924	
296.66314718	
296.66367490	
296.66420242	
296.66472972	
296.66525681	
296.66578369	
296.66631035	
296.66683681	
296.66736305	
296.66788908	
296.66841490	
296.66894051	
296.66946591	
296.66999110	
296.67051607	
296.67104084	
296.67156539	
296.67208973	
296.67261386	
296.67313778	
296.67366149	
296.67418499	
296.67470828	
296.67523136	
296.67575423	
296.67627689	
296.67679934	
296.67732158	
296.67784361	
296.67836543	
296.67888704	
296.67940844	
296.67992963	
296.68045061	
296.68097138	
296.68149194	
296.68201230	
296.68253244	
296.68305237	
296.68357210	
296.68409162	
296.68461093	
296.68513002	
296.68564892	
296.68616760	
296.68668607	
296.68720434	
296.68772239	
296.68824024	
296.68875788	
296.68927532	
296.68979254	
296.69030956	
296.69082637	
296.69134297	
296.69185936	
296.69237555	
296.69289153	
296.69340730	
296.69392286	
296.69443822	
296.69495337	
296.69546831	
296.69598305	
296.69649758	
296.69701190	
296.69752601	
296.69803992	
296.69855362	
296.69906712	
296.69958041	
296.70009349	
296.70060637	
296.70111904	
296.70163150	
296.70214376	
296.70265581	
296.70316766	
296.70367930	
296.70419074	
296.70470197	
296.70521299	
296.70572381	
296.70623443	
296.70674483	
296.70725504	
296.70776504	
296.70827483	
296.70878442	
296.70929380	
296.70980298	
296.71031196	
296.71082072	
296.71132929	
296.71183765	
296.71234581	
296.71285376	
296.71336151	
296.71386905	
296.71437639	
296.71488353	
296.71539046	
296.71589719	
296.71640371	
296.71691004	
296.71741615	
296.71792207	
296.71842778	
296.71893329	
296.71943859	
296.71994369	
296.72044859	
296.72095329	
296.72145778	
296.72196207	
296.72246616	
296.72297004	
296.72347373	
296.72397721	
296.72448048	
296.72498356	
296.72548643	
296.72598910	
296.72649157	
296.72699384	
296.72749590	
296.72799777	
296.72849943	
296.72900089	
296.72950215	
296.73000320	
296.73050406	
296.73100471	
296.73150517	
296.73200542	
296.73250547	
296.73300532	
296.73350497	
296.73400442	
296.73450366	
296.73500271	
296.73550156	
296.73600020	
296.73649865	
296.73699689	
296.73749494	
296.73799278	
296.73849043	
296.73898787	
296.73948511	
296.73998216	
296.74047900	
296.74097565	
296.74147210	
296.74196834	
296.74246439	
296.74296023	
296.74345588	
296.74395133	
296.74444658	
296.74494163	
296.74543648	
296.74593114	
296.74642559	
296.74691985	
296.74741390	
296.74790776	
296.74840142	
296.74889488	
296.74938814	
296.74988121	
296.75037407	
296.75086674	
296.75135921	
296.75185148	
296.75234356	
296.75283544	
296.75332711	
296.75381860	
296.75430988	
296.75480097	
296.75529185	
296.75578255	
296.75627304	
296.75676334	
296.75725344	
296.75774334	
296.75823305	
296.75872256	
296.75921187	
296.75970099	
296.76018991	
296.76067863	
296.76116716	
296.76165549	
296.76214362	
296.76263156	
296.76311930	
296.76360685	
296.76409420	
296.76458135	
296.76506831	
296.76555507	
296.76604164	
296.76652801	
296.76701418	
296.76750016	
296.76798595	
296.76847154	
296.76895693	
296.76944213	
296.76992714	
296.77041195	
296.77089656	
296.77138098	
296.77186521	
296.77234924	
296.77283307	
296.77331671	
296.77380016	
296.77428341	
296.77476647	
296.77524934	
296.77573201	
296.77621448	
296.77669677	
296.77717886	
296.77766075	
296.77814245	
296.77862396	
296.77910527	
296.77958639	
296.78006732	
296.78054806	
296.78102860	
296.78150894	
296.78198910	
296.78246906	
296.78294883	
296.78342841	
296.78390779	
296.78438698	
296.78486598	
296.78534478	
296.78582340	
296.78630182	
296.78678004	
296.78725808	
296.78773592	
296.78821358	
296.78869104	
296.78916830	
296.78964538	
296.79012226	
296.79059896	
296.79107546	
296.79155177	
296.79202789	
296.79250381	
296.79297955	
296.79345509	
296.79393045	
296.79440561	
296.79488058	
296.79535536	
296.79582995	
296.79630435	
296.79677856	
296.79725258	
296.79772640	
296.79820004	
296.79867348	
296.79914674	
296.79961981	
296.80009268	
296.80056537	
296.80103786	
296.80151017	
296.80198228	
296.80245421	
296.80292595	
296.80339749	
296.80386885	
296.80434002	
296.80481100	
296.80528179	
296.80575239	
296.80622280	
296.80669302	
296.80716305	
296.80763290	
296.80810255	
296.80857202	
296.80904129	
296.80951038	
296.80997928	
296.81044800	
296.81091652	
296.81138486	
296.81185300	
296.81232096	
296.81278873	
296.81325631	
296.81372371	
296.81419092	
296.81465794	
296.81512477	
296.81559141	
296.81605787	
296.81652414	
296.81699022	
296.81745611	
296.81792182	
296.81838734	
296.81885267	
296.81931782	
296.81978278	
296.82024755	
296.82071213	
296.82117653	
296.82164074	
296.82210477	
296.82256861	
296.82303226	
296.82349572	
296.82395900	
296.82442210	
296.82488500	
296.82534773	
296.82581026	
296.82627261	
296.82673477	
296.82719675	
296.82765854	
296.82812015	
296.82858157	
296.82904281	
296.82950386	
296.82996472	
296.83042540	
296.83088589	
296.83134620	
296.83180633	
296.83226627	
296.83272602	
296.83318559	
296.83364498	
296.83410418	
296.83456319	
296.83502202	
296.83548067	
296.83593913	
296.83639741	
296.83685551	
296.83731342	
296.83777114	
296.83822868	
296.83868604	
296.83914322	
296.83960021	
296.84005701	
296.84051364	
296.84097008	
296.84142633	
296.84188241	
296.84233830	
296.84279400	
296.84324953	
296.84370487	
296.84416002	
296.84461500	
296.84506979	
296.84552440	
296.84597882	
296.84643307	
296.84688713	
296.84734100	
296.84779470	
296.84824821	
296.84870155	
296.84915469	
296.84960766	
296.85006045	
296.85051305	
296.85096547	
296.85141771	
296.85186977	
296.85232164	
296.85277333	
296.85322485	
296.85367618	
296.85412733	
296.85457830	
296.85502908	
296.85547969	
296.85593011	
296.85638036	
296.85683042	
296.85728030	
296.85773000	
296.85817952	
296.85862886	
296.85907802	
296.85952700	
296.85997580	
296.86042442	
296.86087285	
296.86132111	
296.86176919	
296.86221708	
296.86266480	
296.86311234	
296.86355969	
296.86400687	
296.86445387	
296.86490069	
296.86534732	
296.86579378	
296.86624006	
296.86668616	
296.86713208	
296.86757782	
296.86802339	
296.86846877	
296.86891397	
296.86935900	
296.86980385	
296.87024851	
296.87069300	
296.87113731	
296.87158144	
296.87202540	
296.87246917	
296.87291277	
296.87335619	
296.87379943	
296.87424249	
296.87468537	
296.87512808	
296.87557061	
296.87601295	
296.87645513	
296.87689712	
296.87733894	
296.87778058	
296.87822204	
296.87866332	
296.87910443	
296.87954536	
296.87998611	
296.88042669	
296.88086708	
296.88130731	
296.88174735	
296.88218722	
296.88262691	
296.88306642	
296.88350576	
296.88394492	
296.88438390	
296.88482271	
296.88526134	
296.88569980	
296.88613808	
296.88657618	
296.88701411	
296.88745186	
296.88788943	
296.88832683	
296.88876405	
296.88920110	
296.88963797	
296.89007467	
296.89051119	
296.89094753	
296.89138370	
296.89181970	
296.89225552	
296.89269116	
296.89312663	
296.89356192	
296.89399704	
296.89443198	
296.89486675	
296.89530135	
296.89573577	
296.89617001	
296.89660408	
296.89703798	
296.89747170	
296.89790525	
296.89833862	
296.89877182	
296.89920485	
296.89963770	
296.90007037	
296.90050288	
296.90093521	
296.90136736	
296.90179934	
296.90223115	
296.90266279	
296.90309425	
296.90352553	
296.90395665	
296.90438759	
296.90481836	
296.90524895	
296.90567937	
296.90610962	
296.90653970	
296.90696960	
296.90739933	
296.90782889	
296.90825827	
296.90868749	
296.90911653	
296.90954539	
296.90997409	
296.91040261	
296.91083096	
296.91125914	
296.91168715	
296.91211498	
296.91254264	
296.91297013	
296.91339745	
296.91382460	
296.91425157	
296.91467837	
296.91510501	
296.91553147	
296.91595776	
296.91638387	
296.91680982	
296.91723560	
296.91766120	
296.91808663	
296.91851189	
296.91893699	
296.91936191	
296.91978665	
296.92021123	
296.92063564	
296.92105988	
296.92148395	
296.92190784	
296.92233157	
296.92275512	
296.92317851	
296.92360173	
296.92402477	
296.92444765	
296.92487035	
296.92529289	
296.92571525	
296.92613745	
296.92655948	
296.92698133	
296.92740302	
296.92782454	
296.92824589	
296.92866706	
296.92908807	
296.92950891	
296.92992959	
296.93035009	
296.93077042	
296.93119058	
296.93161058	
296.93203041	
296.93245006	
296.93286955	
296.93328887	
296.93370803	
296.93412701	
296.93454582	
296.93496447	
296.93538295	
296.93580126	
296.93621940	
296.93663738	
296.93705518	
296.93747282	
296.93789029	
296.93830759	
296.93872473	
296.93914170	
296.93955850	
296.93997513	
296.94039159	
296.94080789	
296.94122402	
296.94163998	
296.94205578	
296.94247141	
296.94288687	
296.94330216	
296.94371729	
296.94413225	
296.94454704	
296.94496167	
296.94537613	
296.94579043	
296.94620455	
296.94661851	
296.94703231	
296.94744594	
296.94785940	
296.94827270	
296.94868583	
296.94909879	
296.94951159	
296.94992422	
296.95033668	
296.95074898	
296.95116112	
296.95157309	
296.95198489	
296.95239653	
296.95280800	
296.95321931	
296.95363045	
296.95404143	
296.95445224	
296.95486288	
296.95527337	
296.95568368	
296.95609383	
296.95650382	
296.95691364	
296.95732330	
296.95773279	
296.95814212	
296.95855128	
296.95896028	
296.95936911	
296.95977778	
296.96018629	
296.96059463	
296.96100281	
296.96141082	
296.96181867	
296.96222636	
296.96263388	
296.96304124	
296.96344843	
296.96385546	
296.96426233	
296.96466903	
296.96507557	
296.96548195	
296.96588816	
296.96629421	
296.96670010	
296.96710582	
296.96751138	
296.96791678	
296.96832201	
296.96872708	
296.96913199	
296.96953674	
296.96994132	
296.97034574	
296.97075000	
296.97115410	
296.97155803	
296.97196180	
296.97236541	
296.97276886	
296.97317214	
296.97357526	
296.97397822	
296.97438102	
296.97478366	
296.97518613	
296.97558845	
296.97599060	
296.97639259	
296.97679441	
296.97719608	
296.97759759	
296.97799893	
296.97840011	
296.97880113	
296.97920199	
296.97960269	
296.98000323	
296.98040361	
296.98080382	
296.98120388	
296.98160377	
296.98200350	
296.98240308	
296.98280249	
296.98320174	
296.98360083	
296.98399976	
296.98439853	
296.98479714	
296.98519559	
296.98559388	
296.98599201	
296.98638998	
296.98678779	
296.98718544	
296.98758293	
296.98798026	
296.98837744	
296.98877445	
296.98917130	
296.98956799	
296.98996452	
296.99036090	
296.99075711	
296.99115316	
296.99154906	
296.99194480	
296.99234037	
296.99273579	
296.99313105	
296.99352615	
296.99392109	
296.99431588	
296.99471050	
296.99510497	
296.99549927	
296.99589342	
296.99628741	
296.99668124	
296.99707492	
296.99746843	
296.99786179	
296.99825499	
296.99864803	
296.99904091	
296.99943364	
296.99982621	
297.00021862	
297.00061087	
297.00100296	
297.00139490	
297.00178668	
297.00217830	
297.00256976	
297.00296107	
297.00335222	
297.00374321	
297.00413405	
297.00452473	
297.00491525	
297.00530561	
297.00569582	
297.00608587	
297.00647576	
297.00686550	
297.00725508	
297.00764451	
297.00803377	
297.00842288	
297.00881184	
297.00920064	
297.00958928	
297.00997776	
297.01036609	
297.01075427	
297.01114228	
297.01153015	
297.01191785	
297.01230540	
297.01269280	
297.01308003	
297.01346712	
297.01385404	
297.01424082	
297.01462743	
297.01501389	
297.01540020	
297.01578635	
297.01617234	
297.01655818	
297.01694387	
297.01732940	
297.01771477	
297.01809999	
297.01848506	
297.01886997	
297.01925472	
297.01963932	
297.02002377	
297.02040806	
297.02079220	
297.02117618	
297.02156001	
297.02194369	
297.02232721	
297.02271057	
297.02309379	
297.02347684	
297.02385975	
297.02424250	
297.02462509	
297.02500754	
297.02538983	
297.02577196	
297.02615394	
297.02653577	
297.02691745	
297.02729897	
297.02768033	
297.02806155	
297.02844261	
297.02882352	
297.02920427	
297.02958488	
297.02996533	
297.03034562	
297.03072577	
297.03110576	
297.03148559	
297.03186528	
297.03224481	
297.03262419	
297.03300342	
297.03338249	
297.03376142	
297.03414019	
297.03451881	
297.03489727	
297.03527559	
297.03565375	
297.03603176	
297.03640962	
297.03678732	
297.03716488	
297.03754228	
297.03791953	
297.03829663	
297.03867358	
297.03905037	
297.03942702	
297.03980351	
297.04017985	
297.04055605	
297.04093209	
297.04130797	
297.04168371	
297.04205930	
297.04243473	
297.04281002	
297.04318515	
297.04356013	
297.04393497	
297.04430965	
297.04468418	
297.04505856	
297.04543279	
297.04580687	
297.04618080	
297.04655458	
297.04692821	
297.04730169	
297.04767501	
297.04804819	
297.04842122	
297.04879410	
297.04916683	
297.04953941	
297.04991184	
297.05028412	
297.05065625	
297.05102823	
297.05140006	
297.05177174	
297.05214327	
297.05251465	
297.05288589	
297.05325697	
297.05362791	
297.05399869	
297.05436933	
297.05473982	
297.05511016	
297.05548035	
297.05585039	
297.05622028	
297.05659002	
297.05695962	
297.05732907	
297.05769836	
297.05806751	
297.05843652	
297.05880537	
297.05917407	
297.05954263	
297.05991104	
297.06027930	
297.06064741	
297.06101538	
297.06138319	
297.06175086	
297.06211838	
297.06248576	
297.06285298	
297.06322006	
297.06358699	
297.06395378	
297.06432041	
297.06468690	
297.06505324	
297.06541944	
297.06578548	
297.06615138	
297.06651713	
297.06688274	
297.06724820	
297.06761351	
297.06797868	
297.06834369	
297.06870856	
297.06907329	
297.06943787	
297.06980230	
297.07016658	
297.07053072	
297.07089472	
297.07125856	
297.07162226	
297.07198582	
297.07234922	
297.07271248	
297.07307560	
297.07343857	
297.07380139	
297.07416407	
297.07452660	
297.07488899	
297.07525123	
297.07561333	
297.07597528	
297.07633708	
297.07669874	
297.07706025	
297.07742162	
297.07778284	
297.07814392	
297.07850485	
297.07886564	
297.07922628	
297.07958678	
297.07994713	
297.08030734	
297.08066740	
297.08102732	
297.08138710	
297.08174673	
297.08210621	
297.08246555	
297.08282475	
297.08318380	
297.08354270	
297.08390147	
297.08426009	
297.08461856	
297.08497689	
297.08533508	
297.08569312	
297.08605102	
297.08640877	
297.08676638	
297.08712385	
297.08748117	
297.08783835	
297.08819539	
297.08855228	
297.08890903	
297.08926564	
297.08962210	
297.08997842	
297.09033459	
297.09069063	
297.09104652	
297.09140226	
297.09175787	
297.09211333	
297.09246865	
297.09282382	
297.09317885	
297.09353374	
297.09388849	
297.09424310	
297.09459756	
297.09495188	
297.09530606	
297.09566009	
297.09601398	
297.09636773	
297.09672134	
297.09707481	
297.09742813	
297.09778131	
297.09813435	
297.09848725	
297.09884001	
297.09919262	
297.09954509	
297.09989743	
297.10024962	
297.10060166	
297.10095357	
297.10130533	
297.10165696	
297.10200844	
297.10235978	
297.10271098	
297.10306204	
297.10341296	
297.10376373	
297.10411437	
297.10446486	
297.10481522	
297.10516543	
297.10551550	
297.10586544	
297.10621523	
297.10656488	
297.10691439	
297.10726376	
297.10761298	
297.10796207	
297.10831102	
297.10865983	
297.10900850	
297.10935702	
297.10970541	
297.11005366	
297.11040177	
297.11074973	
297.11109756	
297.11144525	
297.11179280	
297.11214021	
297.11248748	
297.11283461	
297.11318160	
297.11352845	
297.11387516	
297.11422173	
297.11456816	
297.11491445	
297.11526061	
297.11560662	
297.11595250	
297.11629824	
297.11664383	
297.11698929	
297.11733461	
297.11767979	
297.11802484	
297.11836974	
297.11871450	
297.11905913	
297.11940362	
297.11974797	
297.12009218	
297.12043625	
297.12078019	
297.12112398	
297.12146764	
297.12181116	
297.12215454	
297.12249779	
297.12284090	
297.12318386	
297.12352669	
297.12386939	
297.12421194	
297.12455436	
297.12489664	
297.12523878	
297.12558078	
297.12592265	
297.12626438	
297.12660597	
297.12694743	
297.12728875	
297.12762993	
297.12797097	
297.12831188	
297.12865265	
297.12899328	
297.12933377	
297.12967413	
297.13001435	
297.13035444	
297.13069439	
297.13103420	
297.13137387	
297.13171341	
297.13205281	
297.13239208	
297.13273121	
297.13307020	
297.13340906	
297.13374778	
297.13408636	
297.13442481	
297.13476313	
297.13510130	
297.13543934	
297.13577725	
297.13611502	
297.13645265	
297.13679015	
297.13712751	
297.13746473	
297.13780183	
297.13813878	
297.13847560	
297.13881228	
297.13914883	
297.13948525	
297.13982153	
297.14015767	
297.14049368	
297.14082955	
297.14116529	
297.14150089	
297.14183636	
297.14217169	
297.14250689	
297.14284196	
297.14317689	
297.14351168	
297.14384634	
297.14418087	
297.14451526	
297.14484952	
297.14518364	
297.14551763	
297.14585148	
297.14618520	
297.14651879	
297.14685224	
297.14718556	
297.14751874	
297.14785179	
297.14818471	
297.14851749	
297.14885014	
297.14918265	
297.14951503	
297.14984728	
297.15017939	
297.15051137	
297.15084322	
297.15117493	
297.15150651	
297.15183796	
297.15216928	
297.15250046	
297.15283150	
297.15316242	
297.15349320	
297.15382385	
297.15415436	
297.15448475	
297.15481500	
297.15514511	
297.15547510	
297.15580495	
297.15613467	
297.15646426	
297.15679371	
297.15712303	
297.15745222	
297.15778128	
297.15811021	
297.15843900	
297.15876766	
297.15909619	
297.15942458	
297.15975285	
297.16008098	
297.16040898	
297.16073685	
297.16106459	
297.16139219	
297.16171967	
297.16204701	
297.16237422	
297.16270130	
297.16302825	
297.16335506	
297.16368175	
297.16400830	
297.16433473	
297.16466102	
297.16498718	
297.16531321	
297.16563910	
297.16596487	
297.16629051	
297.16661601	
297.16694139	
297.16726663	
297.16759174	
297.16791672	
297.16824158	
297.16856630	
297.16889089	
297.16921535	
297.16953968	
297.16986388	
297.17018795	
297.17051188	
297.17083569	
297.17115937	
297.17148292	
297.17180634	
297.17212963	
297.17245278	
297.17277581	
297.17309871	
297.17342148	
297.17374412	
297.17406663	
297.17438901	
297.17471126	
297.17503338	
297.17535537	
297.17567723	
297.17599896	
297.17632057	
297.17664204	
297.17696339	
297.17728460	
297.17760569	
297.17792665	
297.17824747	
297.17856817	
297.17888874	
297.17920919	
297.17952950	
297.17984968	
297.18016974	
297.18048966	
297.18080946	
297.18112913	
297.18144867	
297.18176809	
297.18208737	
297.18240653	
297.18272556	
297.18304446	
297.18336323	
297.18368187	
297.18400039	
297.18431877	
297.18463703	
297.18495516	
297.18527317	
297.18559104	
297.18590879	
297.18622641	
297.18654390	
297.18686127	
297.18717851	
297.18749562	
297.18781260	
297.18812945	
297.18844618	
297.18876278	
297.18907925	
297.18939560	
297.18971182	
297.19002791	
297.19034388	
297.19065971	
297.19097542	
297.19129101	
297.19160647	
297.19192180	
297.19223700	
297.19255208	
297.19286703	
297.19318185	
297.19349655	
297.19381112	
297.19412556	
297.19443988	
297.19475407	
297.19506814	
297.19538207	
297.19569589	
297.19600957	
297.19632313	
297.19663657	
297.19694988	
297.19726306	
297.19757612	
297.19788905	
297.19820185	
297.19851453	
297.19882709	
297.19913952	
297.19945182	
297.19976399	
297.20007605	
297.20038797	
297.20069977	
297.20101145	
297.20132300	
297.20163442	
297.20194572	
297.20225690	
297.20256795	
297.20287887	
297.20318967	
297.20350035	
297.20381090	
297.20412132	
297.20443162	
297.20474180	
297.20505185	
297.20536178	
297.20567158	
297.20598126	
297.20629081	
297.20660024	
297.20690954	
297.20721872	
297.20752778	
297.20783671	
297.20814551	
297.20845420	
297.20876276	
297.20907119	
297.20937950	
297.20968769	
297.20999575	
297.21030369	
297.21061151	
297.21091920	
297.21122677	
297.21153421	
297.21184153	
297.21214873	
297.21245580	
297.21276275	
297.21306958	
297.21337629	
297.21368287	
297.21398932	
297.21429566	
297.21460187	
297.21490796	
297.21521392	
297.21551976	
297.21582548	
297.21613108	
297.21643655	
297.21674190	
297.21704713	
297.21735224	
297.21765722	
297.21796208	
297.21826682	
297.21857143	
297.21887593	
297.21918030	
297.21948454	
297.21978867	
297.22009267	
297.22039655	
297.22070031	
297.22100395	
297.22130746	
297.22161086	
297.22191413	
297.22221728	
297.22252031	
297.22282321	
297.22312599	
297.22342866	
297.22373120	
297.22403362	
297.22433591	
297.22463809	
297.22494014	
297.22524208	
297.22554389	
297.22584558	
297.22614715	
297.22644860	
297.22674992	
297.22705113	
297.22735221	
297.22765318	
297.22795402	
297.22825474	
297.22855534	
297.22885582	
297.22915618	
297.22945642	
297.22975654	
297.23005653	
297.23035641	
297.23065617	
297.23095580	
297.23125532	
297.23155471	
297.23185399	
297.23215314	
297.23245217	
297.23275109	
297.23304988	
297.23334855	
297.23364711	
297.23394554	
297.23424386	
297.23454205	
297.23484012	
297.23513808	
297.23543591	
297.23573363	
297.23603122	
297.23632870	
297.23662605	
297.23692329	
297.23722040	
297.23751740	
297.23781428	
297.23811104	
297.23840768	
297.23870420	
297.23900060	
297.23929688	
297.23959304	
297.23988909	
297.24018501	
297.24048082	
297.24077650	
297.24107207	
297.24136752	
297.24166285	
297.24195806	
297.24225316	
297.24254813	
297.24284299	
297.24313773	
297.24343235	
297.24372685	
297.24402123	
297.24431549	
297.24460964	
297.24490367	
297.24519757	
297.24549137	
297.24578504	
297.24607859	
297.24637203	
297.24666535	
297.24695855	
297.24725163	
297.24754460	
297.24783745	
297.24813018	
297.24842279	
297.24871529	
297.24900766	
297.24929992	
297.24959207	
297.24988409	
297.25017600	
297.25046779	
297.25075946	
297.25105102	
297.25134246	
297.25163378	
297.25192498	
297.25221607	
297.25250704	
297.25279789	
297.25308863	
297.25337925	
297.25366975	
297.25396014	
297.25425041	
297.25454056	
297.25483060	
297.25512052	
297.25541032	
297.25570001	
297.25598958	
297.25627903	
297.25656837	
297.25685759	
297.25714669	
297.25743568	
297.25772455	
297.25801331	
297.25830195	
297.25859047	
297.25887888	
297.25916718	
297.25945535	
297.25974341	
297.26003136	
297.26031919	
297.26060690	
297.26089450	
297.26118198	
297.26146935	
297.26175660	
297.26204374	
297.26233076	
297.26261766	
297.26290445	
297.26319113	
297.26347768	
297.26376413	
297.26405046	
297.26433667	
297.26462277	
297.26490875	
297.26519462	
297.26548038	
297.26576602	
297.26605154	
297.26633695	
297.26662225	
297.26690743	
297.26719249	
297.26747744	
297.26776228	
297.26804700	
297.26833161	
297.26861610	
297.26890048	
297.26918475	
297.26946890	
297.26975293	
297.27003685	
297.27032066	
297.27060436	
297.27088794	
297.27117140	
297.27145475	
297.27173799	
297.27202112	
297.27230413	
297.27258702	
297.27286981	
297.27315248	
297.27343503	
297.27371747	
297.27399980	
297.27428202	
297.27456412	
297.27484611	
297.27512798	
297.27540974	
297.27569139	
297.27597293	
297.27625435	
297.27653566	
297.27681685	
297.27709794	
297.27737891	
297.27765976	
297.27794051	
297.27822114	
297.27850166	
297.27878206	
297.27906236	
297.27934254	
297.27962261	
297.27990256	
297.28018240	
297.28046213	
297.28074175	
297.28102126	
297.28130065	
297.28157993	
297.28185910	
297.28213816	
297.28241710	
297.28269593	
297.28297465	
297.28325326	
297.28353176	
297.28381014	
297.28408841	
297.28436657	
297.28464462	
297.28492256	
297.28520038	
297.28547810	
297.28575570	
297.28603319	
297.28631057	
297.28658784	
297.28686499	
297.28714204	
297.28741897	
297.28769579	
297.28797250	
297.28824910	
297.28852559	
297.28880197	
297.28907823	
297.28935439	
297.28963043	
297.28990636	
297.29018219	
297.29045790	
297.29073350	
297.29100899	
297.29128437	
297.29155963	
297.29183479	
297.29210984	
297.29238477	
297.29265960	
297.29293432	
297.29320892	
297.29348342	
297.29375780	
297.29403207	
297.29430624	
297.29458029	
297.29485424	
297.29512807	
297.29540179	
297.29567541	
297.29594891	
297.29622230	
297.29649559	
297.29676876	
297.29704182	
297.29731478	
297.29758762	
297.29786036	
297.29813298	
297.29840550	
297.29867790	
297.29895020	
297.29922239	
297.29949447	
297.29976643	
297.30003829	
297.30031004	
297.30058168	
297.30085322	
297.30112464	
297.30139595	
297.30166716	
297.30193825	
297.30220924	
297.30248011	
297.30275088	
297.30302154	
297.30329209	
297.30356254	
297.30383287	
297.30410309	
297.30437321	
297.30464322	
297.30491312	
297.30518291	
297.30545259	
297.30572216	
297.30599163	
297.30626099	
297.30653023	
297.30679938	
297.30706841	
297.30733733	
297.30760615	
297.30787486	
297.30814346	
297.30841195	
297.30868033	
297.30894861	
297.30921678	
297.30948484	
297.30975279	
297.31002064	
297.31028838	
297.31055601	
297.31082353	
297.31109094	
297.31135825	
297.31162545	
297.31189254	
297.31215953	
297.31242641	
297.31269318	
297.31295984	
297.31322640	
297.31349285	
297.31375919	
297.31402543	
297.31429155	
297.31455758	
297.31482349	
297.31508930	
297.31535500	
297.31562059	
297.31588608	
297.31615146	
297.31641673	
297.31668190	
297.31694696	
297.31721192	
297.31747676	
297.31774150	
297.31800614	
297.31827067	
297.31853509	
297.31879940	
297.31906361	
297.31932772	
297.31959171	
297.31985561	
297.32011939	
297.32038307	
297.32064664	
297.32091011	
297.32117347	
297.32143673	
297.32169988	
297.32196292	
297.32222586	
297.32248869	
297.32275142	
297.32301404	
297.32327655	
297.32353896	
297.32380127	
297.32406347	
297.32432556	
297.32458755	
297.32484943	
297.32511121	
297.32537288	
297.32563445	
297.32589591	
297.32615727	
297.32641852	
297.32667967	
297.32694071	
297.32720165	
297.32746248	
297.32772321	
297.32798383	
297.32824435	
297.32850476	
297.32876507	
297.32902528	
297.32928538	
297.32954537	
297.32980526	
297.33006505	
297.33032473	
297.33058431	
297.33084378	
297.33110315	
297.33136241	
297.33162157	
297.33188063	
297.33213958	
297.33239843	
297.33265717	
297.33291581	
297.33317435	
297.33343278	
297.33369111	
297.33394933	
297.33420745	
297.33446547	
297.33472338	
297.33498119	
297.33523890	
297.33549650	
297.33575400	
297.33601140	
297.33626869	
297.33652588	
297.33678296	
297.33703994	
297.33729682	
297.33755360	
297.33781027	
297.33806684	
297.33832330	
297.33857966	
297.33883592	
297.33909208	
297.33934813	
297.33960409	
297.33985993	
297.34011568	
297.34037132	
297.34062686	
297.34088230	
297.34113763	
297.34139286	
297.34164799	
297.34190302	
297.34215794	
297.34241276	
297.34266748	
297.34292210	
297.34317661	
297.34343102	
297.34368533	
297.34393954	
297.34419365	
297.34444765	
297.34470155	
297.34495535	
297.34520905	
297.34546264	
297.34571613	
297.34596953	
297.34622282	
297.34647600	
297.34672909	
297.34698207	
297.34723496	
297.34748774	
297.34774042	
297.34799299	
297.34824547	
297.34849784	
297.34875012	
297.34900229	
297.34925436	
297.34950633	
297.34975820	
297.35000996	
297.35026163	
297.35051319	
297.35076466	
297.35101602	
297.35126728	
297.35151844	
297.35176950	
297.35202046	
297.35227132	
297.35252207	
297.35277273	
297.35302328	
297.35327374	
297.35352409	
297.35377434	
297.35402450	
297.35427455	
297.35452450	
297.35477435	
297.35502410	
297.35527375	
297.35552330	
297.35577275	
297.35602210	
297.35627135	
297.35652050	
297.35676955	
297.35701850	
297.35726735	
297.35751609	
297.35776474	
297.35801329	
297.35826174	
297.35851009	
297.35875834	
297.35900649	
297.35925454	
297.35950249	
297.35975034	
297.35999809	
297.36024574	
297.36049329	
297.36074074	
297.36098810	
297.36123535	
297.36148250	
297.36172956	
297.36197651	
297.36222337	
297.36247013	
297.36271678	
297.36296334	
297.36320980	
297.36345616	
297.36370242	
297.36394859	
297.36419465	
297.36444061	
297.36468648	
297.36493225	
297.36517791	
297.36542348	
297.36566895	
297.36591433	
297.36615960	
297.36640477	
297.36664985	
297.36689483	
297.36713971	
297.36738449	
297.36762917	
297.36787375	
297.36811824	
297.36836263	
297.36860692	
297.36885111	
297.36909520	
297.36933920	
297.36958309	
297.36982689	
297.37007059	
297.37031419	
297.37055770	
297.37080111	
297.37104442	
297.37128763	
297.37153074	
297.37177376	
297.37201668	
297.37225950	
297.37250222	
297.37274484	
297.37298737	
297.37322980	
297.37347214	
297.37371437	
297.37395651	
297.37419855	
297.37444050	
297.37468234	
297.37492409	
297.37516574	
297.37540730	
297.37564876	
297.37589012	
297.37613138	
297.37637255	
297.37661362	
297.37685459	
297.37709547	
297.37733625	
297.37757693	
297.37781752	
297.37805800	
297.37829840	
297.37853869	
297.37877889	
297.37901900	
297.37925900	
297.37949891	
297.37973873	
297.37997844	
297.38021806	
297.38045759	
297.38069702	
297.38093635	
297.38117558	
297.38141472	
297.38165377	
297.38189271	
297.38213157	
297.38237032	
297.38260898	
297.38284754	
297.38308601	
297.38332438	
297.38356266	
297.38380084	
297.38403892	
297.38427691	
297.38451481	
297.38475260	
297.38499030	
297.38522791	
297.38546542	
297.38570284	
297.38594016	
297.38617738	
297.38641451	
297.38665155	
297.38688848	
297.38712533	
297.38736208	
297.38759873	
297.38783529	
297.38807175	
297.38830812	
297.38854439	
297.38878057	
297.38901665	
297.38925264	
297.38948853	
297.38972433	
297.38996004	
297.39019564	
297.39043116	
297.39066658	
297.39090190	
297.39113713	
297.39137227	
297.39160731	
297.39184226	
297.39207711	
297.39231187	
297.39254653	
297.39278110	
297.39301558	
297.39324996	
297.39348424	
297.39371844	
297.39395254	
297.39418654	
297.39442045	
297.39465427	
297.39488799	
297.39512162	
297.39535515	
297.39558859	
297.39582194	
297.39605519	
297.39628835	
297.39652142	
297.39675439	
297.39698727	
297.39722005	
297.39745274	
297.39768534	
297.39791784	
297.39815025	
297.39838257	
297.39861480	
297.39884693	
297.39907896	
297.39931091	
297.39954276	
297.39977452	
297.40000618	
297.40023775	
297.40046923	
297.40070061	
297.40093191	
297.40116311	
297.40139421	
297.40162523	
297.40185615	
297.40208697	
297.40231771	
297.40254835	
297.40277890	
297.40300936	
297.40323972	
297.40346999	
297.40370017	
297.40393026	
297.40416025	
297.40439015	
297.40461996	
297.40484968	
297.40507931	
297.40530884	
297.40553828	
297.40576763	
297.40599688	
297.40622605	
297.40645512	
297.40668410	
297.40691298	
297.40714178	
297.40737048	
297.40759909	
297.40782761	
297.40805604	
297.40828438	
297.40851262	
297.40874077	
297.40896883	
297.40919680	
297.40942468	
297.40965247	
297.40988016	
297.41010776	
297.41033527	
297.41056269	
297.41079002	
297.41101726	
297.41124441	
297.41147146	
297.41169842	
297.41192530	
297.41215208	
297.41237877	
297.41260536	
297.41283187	
297.41305829	
297.41328461	
297.41351085	
297.41373699	
297.41396304	
297.41418901	
297.41441488	
297.41464066	
297.41486635	
297.41509195	
297.41531745	
297.41554287	
297.41576820	
297.41599343	
297.41621858	
297.41644364	
297.41666860	
297.41689347	
297.41711826	
297.41734295	
297.41756756	
297.41779207	
297.41801649	
297.41824082	
297.41846507	
297.41868922	
297.41891328	
297.41913725	
297.41936114	
297.41958493	
297.41980863	
297.42003224	
297.42025577	
297.42047920	
297.42070254	
297.42092579	
297.42114896	
297.42137203	
297.42159502	
297.42181791	
297.42204071	
297.42226343	
297.42248606	
297.42270859	
297.42293104	
297.42315340	
297.42337566	
297.42359784	
297.42381993	
297.42404193	
297.42426384	
297.42448567	
297.42470740	
297.42492904	
297.42515060	
297.42537206	
297.42559344	
297.42581472	
297.42603592	
297.42625703	
297.42647805	
297.42669899	
297.42691983	
297.42714058	
297.42736125	
297.42758183	
297.42780231	
297.42802271	
297.42824302	
297.42846325	
297.42868338	
297.42890343	
297.42912338	
297.42934325	
297.42956303	
297.42978272	
297.43000233	
297.43022184	
297.43044127	
297.43066061	
297.43087986	
297.43109902	
297.43131810	
297.43153708	
297.43175598	
297.43197479	
297.43219352	
297.43241215	
297.43263070	
297.43284916	
297.43306753	
297.43328581	
297.43350401	
297.43372211	
297.43394013	
297.43415807	
297.43437591	
297.43459367	
297.43481134	
297.43502892	
297.43524642	
297.43546383	
297.43568115	
297.43589838	
297.43611552	
297.43633258	
297.43654955	
297.43676644	
297.43698323	
297.43719994	
297.43741657	
297.43763310	
297.43784955	
297.43806591	
297.43828219	
297.43849837	
297.43871447	
297.43893049	
297.43914642	
297.43936226	
297.43957801	
297.43979368	
297.44000926	
297.44022475	
297.44044016	
297.44065548	
297.44087071	
297.44108586	
297.44130092	
297.44151589	
297.44173078	
297.44194558	
297.44216030	
297.44237493	
297.44258947	
297.44280393	
297.44301830	
297.44323258	
297.44344678	
297.44366089	
297.44387492	
297.44408886	
297.44430271	
297.44451648	
297.44473016	
297.44494375	
297.44515726	
297.44537069	
297.44558403	
297.44579728	
297.44601045	
297.44622353	
297.44643653	
297.44664944	
297.44686226	
297.44707500	
297.44728765	
297.44750022	
297.44771270	
297.44792510	
297.44813741	
297.44834964	
297.44856178	
297.44877384	
297.44898581	
297.44919769	
297.44940949	
297.44962121	
297.44983284	
297.45004438	
297.45025584	
297.45046722	
297.45067851	
297.45088972	
297.45110084	
297.45131187	
297.45152282	
297.45173369	
297.45194447	
297.45215517	
297.45236578	
297.45257631	
297.45278675	
297.45299711	
297.45320738	
297.45341757	
297.45362767	
297.45383769	
297.45404763	
297.45425748	
297.45446725	
297.45467693	
297.45488653	
297.45509604	
297.45530547	
297.45551482	
297.45572408	
297.45593326	
297.45614235	
297.45635136	
297.45656028	
297.45676912	
297.45697788	
297.45718656	
297.45739515	
297.45760365	
297.45781207	
297.45802041	
297.45822867	
297.45843684	
297.45864492	
297.45885293	
297.45906085	
297.45926868	
297.45947644	
297.45968411	
297.45989169	
297.46009919	
297.46030661	
297.46051395	
297.46072120	
297.46092837	
297.46113546	
297.46134246	
297.46154938	
297.46175621	
297.46196297	
297.46216964	
297.46237622	
297.46258273	
297.46278915	
297.46299549	
297.46320174	
297.46340791	
297.46361400	
297.46382001	
297.46402593	
297.46423177	
297.46443753	
297.46464321	
297.46484880	
297.46505431	
297.46525974	
297.46546508	
297.46567034	
297.46587552	
297.46608062	
297.46628564	
297.46649057	
297.46669542	
297.46690019	
297.46710487	
297.46730948	
297.46751400	
297.46771844	
297.46792279	
297.46812707	
297.46833126	
297.46853537	
297.46873940	
297.46894334	
297.46914721	
297.46935099	
297.46955469	
297.46975831	
297.46996185	
297.47016530	
297.47036868	
297.47057197	
297.47077518	
297.47097830	
297.47118135	
297.47138432	
297.47158720	
297.47179000	
297.47199272	
297.47219536	
297.47239792	
297.47260039	
297.47280279	
297.47300510	
297.47320733	
297.47340948	
297.47361155	
297.47381354	
297.47401545	
297.47421727	
297.47441902	
297.47462068	
297.47482227	
297.47502377	
297.47522519	
297.47542653	
297.47562779	
297.47582896	
297.47603006	
297.47623108	
297.47643201	
297.47663287	
297.47683364	
297.47703433	
297.47723495	
297.47743548	
297.47763593	
297.47783630	
297.47803659	
297.47823680	
297.47843693	
297.47863698	
297.47883695	
297.47903683	
297.47923664	
297.47943637	
297.47963602	
297.47983558	
297.48003507	
297.48023448	
297.48043380	
297.48063305	
297.48083222	
297.48103130	
297.48123031	
297.48142923	
297.48162808	
297.48182685	
297.48202553	
297.48222414	
297.48242267	
297.48262111	
297.48281948	
297.48301777	
297.48321597	
297.48341410	
297.48361215	
297.48381012	
297.48400801	
297.48420582	
297.48440355	
297.48460120	
297.48479877	
297.48499626	
297.48519367	
297.48539101	
297.48558826	
297.48578544	
297.48598253	
297.48617955	
297.48637648	
297.48657334	
297.48677012	
297.48696682	
297.48716344	
297.48735998	
297.48755645	
297.48775283	
297.48794913	
297.48814536	
297.48834151	
297.48853757	
297.48873356	
297.48892947	
297.48912530	
297.48932106	
297.48951673	
297.48971233	
297.48990784	
297.49010328	
297.49029864	
297.49049392	
297.49068913	
297.49088425	
297.49107930	
297.49127427	
297.49146915	
297.49166397	
297.49185870	
297.49205335	
297.49224793	
297.49244243	
297.49263685	
297.49283119	
297.49302545	
297.49321964	
297.49341374	
297.49360777	
297.49380173	
297.49399560	
297.49418939	
297.49438311	
297.49457675	
297.49477031	
297.49496380	
297.49515720	
297.49535053	
297.49554378	
297.49573696	
297.49593005	
297.49612307	
297.49631601	
297.49650887	
297.49670166	
297.49689437	
297.49708700	
297.49727955	
297.49747203	
297.49766442	
297.49785675	
297.49804899	
297.49824116	
297.49843325	
297.49862526	
297.49881719	
297.49900905	
297.49920083	
297.49939253	
297.49958416	
297.49977571	
297.49996718	
297.50015858	
297.50034990	
297.50054114	
297.50073230	
297.50092339	
297.50111440	
297.50130534	
297.50149619	
297.50168697	
297.50187768	
297.50206831	
297.50225886	
297.50244933	
297.50263973	
297.50283005	
297.50302030	
297.50321046	
297.50340056	
297.50359057	
297.50378051	
297.50397037	
297.50416016	
297.50434987	
297.50453950	
297.50472906	
297.50491854	
297.50510795	
297.50529728	
297.50548653	
297.50567571	
297.50586481	
297.50605383	
297.50624278	
297.50643166	
297.50662045	
297.50680918	
297.50699782	
297.50718639	
297.50737488	
297.50756330	
297.50775165	
297.50793991	
297.50812810	
297.50831622	
297.50850426	
297.50869222	
297.50888011	
297.50906792	
297.50925566	
297.50944332	
297.50963091	
297.50981842	
297.51000586	
297.51019322	
297.51038051	
297.51056772	
297.51075485	
297.51094191	
297.51112889	
297.51131580	
297.51150264	
297.51168940	
297.51187608	
297.51206269	
297.51224922	
297.51243568	
297.51262207	
297.51280838	
297.51299461	
297.51318077	
297.51336686	
297.51355287	
297.51373880	
297.51392466	
297.51411045	
297.51429616	
297.51448179	
297.51466736	
297.51485284	
297.51503826	
297.51522359	
297.51540886	
297.51559405	
297.51577916	
297.51596420	
297.51614917	
297.51633406	
297.51651888	
