297.51670362	
297.51688829	
297.51707288	
297.51725740	
297.51744185	
297.51762622	
297.51781052	
297.51799474	
297.51817889	
297.51836297	
297.51854697	
297.51873090	
297.51891475	
297.51909853	
297.51928224	
297.51946587	
297.51964943	
297.51983292	
297.52001633	
297.52019967	
297.52038293	
297.52056612	
297.52074924	
297.52093228	
297.52111525	
297.52129814	
297.52148097	
297.52166371	
297.52184639	
297.52202899	
297.52221152	
297.52239398	
297.52257636	
297.52275867	
297.52294090	
297.52312306	
297.52330515	
297.52348717	
297.52366911	
297.52385098	
297.52403277	
297.52421450	
297.52439615	
297.52457773	
297.52475923	
297.52494066	
297.52512202	
297.52530330	
297.52548452	
297.52566566	
297.52584672	
297.52602772	
297.52620864	
297.52638949	
297.52657026	
297.52675097	
297.52693160	
297.52711215	
297.52729264	
297.52747305	
297.52765339	
297.52783366	
297.52801386	
297.52819398	
297.52837403	
297.52855401	
297.52873392	
297.52891375	
297.52909351	
297.52927320	
297.52945282	
297.52963236	
297.52981183	
297.52999123	
297.53017056	
297.53034982	
297.53052900	
297.53070811	
297.53088716	
297.53106612	
297.53124502	
297.53142384	
297.53160260	
297.53178128	
297.53195989	
297.53213842	
297.53231689	
297.53249528	
297.53267360	
297.53285185	
297.53303003	
297.53320814	
297.53338618	
297.53356414	
297.53374203	
297.53391985	
297.53409760	
297.53427528	
297.53445289	
297.53463042	
297.53480789	
297.53498528	
297.53516260	
297.53533985	
297.53551703	
297.53569413	
297.53587117	
297.53604814	
297.53622503	
297.53640185	
297.53657860	
297.53675529	
297.53693190	
297.53710843	
297.53728490	
297.53746130	
297.53763762	
297.53781388	
297.53799006	
297.53816618	
297.53834222	
297.53851819	
297.53869409	
297.53886992	
297.53904568	
297.53922137	
297.53939699	
297.53957254	
297.53974802	
297.53992342	
297.54009876	
297.54027403	
297.54044922	
297.54062435	
297.54079940	
297.54097439	
297.54114930	
297.54132414	
297.54149892	
297.54167362	
297.54184825	
297.54202282	
297.54219731	
297.54237173	
297.54254608	
297.54272037	
297.54289458	
297.54306872	
297.54324279	
297.54341680	
297.54359073	
297.54376459	
297.54393838	
297.54411211	
297.54428576	
297.54445934	
297.54463286	
297.54480630	
297.54497967	
297.54515298	
297.54532621	
297.54549938	
297.54567247	
297.54584550	
297.54601845	
297.54619134	
297.54636416	
297.54653691	
297.54670958	
297.54688219	
297.54705473	
297.54722720	
297.54739960	
297.54757194	
297.54774420	
297.54791639	
297.54808852	
297.54826057	
297.54843256	
297.54860447	
297.54877632	
297.54894810	
297.54911981	
297.54929145	
297.54946302	
297.54963452	
297.54980595	
297.54997732	
297.55014861	
297.55031984	
297.55049100	
297.55066209	
297.55083311	
297.55100406	
297.55117494	
297.55134576	
297.55151650	
297.55168718	
297.55185779	
297.55202833	
297.55219880	
297.55236920	
297.55253954	
297.55270980	
297.55288000	
297.55305013	
297.55322019	
297.55339018	
297.55356011	
297.55372996	
297.55389975	
297.55406947	
297.55423912	
297.55440870	
297.55457822	
297.55474766	
297.55491704	
297.55508635	
297.55525559	
297.55542477	
297.55559387	
297.55576291	
297.55593188	
297.55610079	
297.55626962	
297.55643839	
297.55660709	
297.55677572	
297.55694428	
297.55711278	
297.55728120	
297.55744956	
297.55761786	
297.55778608	
297.55795424	
297.55812233	
297.55829035	
297.55845830	
297.55862619	
297.55879401	
297.55896176	
297.55912945	
297.55929706	
297.55946461	
297.55963210	
297.55979951	
297.55996686	
297.56013414	
297.56030135	
297.56046850	
297.56063558	
297.56080259	
297.56096954	
297.56113641	
297.56130322	
297.56146997	
297.56163664	
297.56180325	
297.56196980	
297.56213627	
297.56230268	
297.56246902	
297.56263530	
297.56280151	
297.56296765	
297.56313372	
297.56329973	
297.56346567	
297.56363155	
297.56379735	
297.56396309	
297.56412877	
297.56429438	
297.56445992	
297.56462539	
297.56479080	
297.56495614	
297.56512142	
297.56528663	
297.56545177	
297.56561685	
297.56578186	
297.56594680	
297.56611168	
297.56627649	
297.56644123	
297.56660591	
297.56677052	
297.56693507	
297.56709955	
297.56726396	
297.56742831	
297.56759259	
297.56775681	
297.56792096	
297.56808504	
297.56824906	
297.56841301	
297.56857690	
297.56874072	
297.56890447	
297.56906816	
297.56923178	
297.56939534	
297.56955883	
297.56972226	
297.56988562	
297.57004891	
297.57021214	
297.57037530	
297.57053840	
297.57070143	
297.57086440	
297.57102730	
297.57119014	
297.57135290	
297.57151561	
297.57167825	
297.57184082	
297.57200333	
297.57216577	
297.57232815	
297.57249046	
297.57265271	
297.57281489	
297.57297701	
297.57313906	
297.57330105	
297.57346297	
297.57362483	
297.57378662	
297.57394834	
297.57411001	
297.57427160	
297.57443313	
297.57459460	
297.57475600	
297.57491734	
297.57507861	
297.57523982	
297.57540096	
297.57556204	
297.57572305	
297.57588400	
297.57604488	
297.57620570	
297.57636645	
297.57652714	
297.57668777	
297.57684833	
297.57700882	
297.57716925	
297.57732962	
297.57748992	
297.57765016	
297.57781034	
297.57797044	
297.57813049	
297.57829047	
297.57845039	
297.57861024	
297.57877003	
297.57892975	
297.57908941	
297.57924900	
297.57940853	
297.57956800	
297.57972740	
297.57988674	
297.58004602	
297.58020523	
297.58036437	
297.58052346	
297.58068247	
297.58084143	
297.58100032	
297.58115915	
297.58131791	
297.58147661	
297.58163525	
297.58179382	
297.58195233	
297.58211077	
297.58226915	
297.58242747	
297.58258572	
297.58274391	
297.58290204	
297.58306010	
297.58321810	
297.58337603	
297.58353391	
297.58369172	
297.58384946	
297.58400714	
297.58416476	
297.58432232	
297.58447981	
297.58463724	
297.58479460	
297.58495190	
297.58510914	
297.58526632	
297.58542343	
297.58558048	
297.58573747	
297.58589439	
297.58605125	
297.58620805	
297.58636478	
297.58652145	
297.58667806	
297.58683460	
297.58699109	
297.58714751	
297.58730386	
297.58746016	
297.58761639	
297.58777255	
297.58792866	
297.58808470	
297.58824068	
297.58839660	
297.58855245	
297.58870824	
297.58886397	
297.58901964	
297.58917524	
297.58933079	
297.58948626	
297.58964168	
297.58979703	
297.58995233	
297.59010756	
297.59026272	
297.59041783	
297.59057287	
297.59072785	
297.59088277	
297.59103762	
297.59119241	
297.59134714	
297.59150181	
297.59165642	
297.59181096	
297.59196544	
297.59211986	
297.59227422	
297.59242852	
297.59258275	
297.59273692	
297.59289103	
297.59304508	
297.59319907	
297.59335299	
297.59350685	
297.59366065	
297.59381439	
297.59396807	
297.59412169	
297.59427524	
297.59442873	
297.59458216	
297.59473553	
297.59488884	
297.59504208	
297.59519526	
297.59534839	
297.59550145	
297.59565444	
297.59580738	
297.59596026	
297.59611307	
297.59626583	
297.59641852	
297.59657115	
297.59672372	
297.59687622	
297.59702867	
297.59718105	
297.59733338	
297.59748564	
297.59763784	
297.59778998	
297.59794206	
297.59809408	
297.59824604	
297.59839793	
297.59854977	
297.59870154	
297.59885325	
297.59900490	
297.59915649	
297.59930802	
297.59945949	
297.59961090	
297.59976225	
297.59991354	
297.60006476	
297.60021593	
297.60036703	
297.60051807	
297.60066906	
297.60081998	
297.60097084	
297.60112164	
297.60127238	
297.60142306	
297.60157368	
297.60172424	
297.60187473	
297.60202517	
297.60217555	
297.60232586	
297.60247612	
297.60262631	
297.60277645	
297.60292652	
297.60307654	
297.60322649	
297.60337639	
297.60352622	
297.60367599	
297.60382571	
297.60397536	
297.60412495	
297.60427449	
297.60442396	
297.60457337	
297.60472273	
297.60487202	
297.60502125	
297.60517042	
297.60531954	
297.60546859	
297.60561758	
297.60576651	
297.60591539	
297.60606420	
297.60621295	
297.60636165	
297.60651028	
297.60665886	
297.60680737	
297.60695583	
297.60710422	
297.60725256	
297.60740083	
297.60754905	
297.60769720	
297.60784530	
297.60799334	
297.60814132	
297.60828924	
297.60843710	
297.60858490	
297.60873264	
297.60888032	
297.60902794	
297.60917550	
297.60932300	
297.60947045	
297.60961783	
297.60976516	
297.60991242	
297.61005963	
297.61020678	
297.61035387	
297.61050089	
297.61064787	
297.61079478	
297.61094163	
297.61108842	
297.61123516	
297.61138183	
297.61152845	
297.61167500	
297.61182150	
297.61196794	
297.61211432	
297.61226065	
297.61240691	
297.61255311	
297.61269926	
297.61284534	
297.61299137	
297.61313734	
297.61328325	
297.61342910	
297.61357490	
297.61372063	
297.61386631	
297.61401193	
297.61415749	
297.61430299	
297.61444843	
297.61459381	
297.61473914	
297.61488440	
297.61502961	
297.61517476	
297.61531985	
297.61546489	
297.61560986	
297.61575478	
297.61589964	
297.61604444	
297.61618918	
297.61633387	
297.61647849	
297.61662306	
297.61676757	
297.61691202	
297.61705641	
297.61720075	
297.61734503	
297.61748925	
297.61763341	
297.61777751	
297.61792156	
297.61806555	
297.61820948	
297.61835335	
297.61849716	
297.61864092	
297.61878462	
297.61892826	
297.61907184	
297.61921537	
297.61935883	
297.61950224	
297.61964560	
297.61978889	
297.61993213	
297.62007531	
297.62021843	
297.62036150	
297.62050450	
297.62064745	
297.62079035	
297.62093318	
297.62107596	
297.62121868	
297.62136134	
297.62150395	
297.62164649	
297.62178898	
297.62193142	
297.62207379	
297.62221611	
297.62235837	
297.62250058	
297.62264273	
297.62278482	
297.62292685	
297.62306883	
297.62321075	
297.62335261	
297.62349441	
297.62363616	
297.62377785	
297.62391949	
297.62406106	
297.62420258	
297.62434405	
297.62448545	
297.62462680	
297.62476810	
297.62490933	
297.62505051	
297.62519163	
297.62533270	
297.62547371	
297.62561466	
297.62575556	
297.62589640	
297.62603718	
297.62617790	
297.62631857	
297.62645919	
297.62659974	
297.62674024	
297.62688069	
297.62702107	
297.62716140	
297.62730168	
297.62744190	
297.62758206	
297.62772216	
297.62786221	
297.62800220	
297.62814214	
297.62828202	
297.62842184	
297.62856161	
297.62870132	
297.62884098	
297.62898058	
297.62912012	
297.62925961	
297.62939904	
297.62953841	
297.62967773	
297.62981699	
297.62995620	
297.63009535	
297.63023445	
297.63037349	
297.63051247	
297.63065140	
297.63079027	
297.63092908	
297.63106784	
297.63120655	
297.63134520	
297.63148379	
297.63162233	
297.63176081	
297.63189923	
297.63203760	
297.63217592	
297.63231418	
297.63245238	
297.63259053	
297.63272862	
297.63286666	
297.63300464	
297.63314256	
297.63328043	
297.63341825	
297.63355601	
297.63369371	
297.63383136	
297.63396895	
297.63410649	
297.63424397	
297.63438140	
297.63451877	
297.63465609	
297.63479335	
297.63493056	
297.63506771	
297.63520481	
297.63534185	
297.63547884	
297.63561577	
297.63575264	
297.63588946	
297.63602623	
297.63616294	
297.63629960	
297.63643620	
297.63657275	
297.63670924	
297.63684568	
297.63698206	
297.63711838	
297.63725466	
297.63739087	
297.63752704	
297.63766314	
297.63779920	
297.63793520	
297.63807114	
297.63820703	
297.63834287	
297.63847865	
297.63861437	
297.63875004	
297.63888566	
297.63902122	
297.63915673	
297.63929218	
297.63942758	
297.63956292	
297.63969821	
297.63983345	
297.63996863	
297.64010376	
297.64023883	
297.64037385	
297.64050881	
297.64064372	
297.64077858	
297.64091338	
297.64104812	
297.64118282	
297.64131746	
297.64145204	
297.64158657	
297.64172105	
297.64185547	
297.64198984	
297.64212415	
297.64225841	
297.64239262	
297.64252677	
297.64266087	
297.64279492	
297.64292891	
297.64306284	
297.64319673	
297.64333056	
297.64346433	
297.64359805	
297.64373172	
297.64386534	
297.64399890	
297.64413240	
297.64426586	
297.64439926	
297.64453260	
297.64466590	
297.64479913	
297.64493232	
297.64506545	
297.64519853	
297.64533155	
297.64546453	
297.64559744	
297.64573031	
297.64586312	
297.64599588	
297.64612858	
297.64626123	
297.64639383	
297.64652637	
297.64665887	
297.64679130	
297.64692369	
297.64705602	
297.64718830	
297.64732052	
297.64745269	
297.64758481	
297.64771688	
297.64784889	
297.64798085	
297.64811276	
297.64824461	
297.64837641	
297.64850816	
297.64863985	
297.64877150	
297.64890308	
297.64903462	
297.64916610	
297.64929753	
297.64942891	
297.64956023	
297.64969151	
297.64982273	
297.64995389	
297.65008501	
297.65021607	
297.65034707	
297.65047803	
297.65060893	
297.65073978	
297.65087058	
297.65100133	
297.65113202	
297.65126266	
297.65139325	
297.65152378	
297.65165426	
297.65178469	
297.65191507	
297.65204540	
297.65217567	
297.65230589	
297.65243606	
297.65256617	
297.65269624	
297.65282625	
297.65295621	
297.65308612	
297.65321597	
297.65334577	
297.65347552	
297.65360522	
297.65373487	
297.65386446	
297.65399400	
297.65412349	
297.65425293	
297.65438232	
297.65451165	
297.65464093	
297.65477016	
297.65489934	
297.65502846	
297.65515754	
297.65528656	
297.65541553	
297.65554445	
297.65567332	
297.65580213	
297.65593089	
297.65605961	
297.65618826	
297.65631687	
297.65644543	
297.65657393	
297.65670239	
297.65683079	
297.65695914	
297.65708743	
297.65721568	
297.65734388	
297.65747202	
297.65760011	
297.65772815	
297.65785614	
297.65798408	
297.65811196	
297.65823980	
297.65836758	
297.65849531	
297.65862299	
297.65875062	
297.65887820	
297.65900573	
297.65913320	
297.65926063	
297.65938800	
297.65951532	
297.65964259	
297.65976981	
297.65989698	
297.66002410	
297.66015117	
297.66027818	
297.66040514	
297.66053206	
297.66065892	
297.66078573	
297.66091249	
297.66103920	
297.66116586	
297.66129247	
297.66141902	
297.66154553	
297.66167198	
297.66179839	
297.66192474	
297.66205104	
297.66217729	
297.66230349	
297.66242964	
297.66255574	
297.66268179	
297.66280779	
297.66293374	
297.66305963	
297.66318548	
297.66331128	
297.66343702	
297.66356271	
297.66368836	
297.66381395	
297.66393949	
297.66406499	
297.66419043	
297.66431582	
297.66444116	
297.66456645	
297.66469169	
297.66481688	
297.66494202	
297.66506711	
297.66519215	
297.66531714	
297.66544208	
297.66556697	
297.66569181	
297.66581660	
297.66594133	
297.66606602	
297.66619066	
297.66631525	
297.66643979	
297.66656427	
297.66668871	
297.66681310	
297.66693744	
297.66706172	
297.66718596	
297.66731015	
297.66743429	
297.66755837	
297.66768241	
297.66780640	
297.66793034	
297.66805423	
297.66817807	
297.66830185	
297.66842559	
297.66854928	
297.66867292	
297.66879651	
297.66892005	
297.66904354	
297.66916699	
297.66929038	
297.66941372	
297.66953701	
297.66966025	
297.66978345	
297.66990659	
297.67002969	
297.67015273	
297.67027573	
297.67039867	
297.67052157	
297.67064441	
297.67076721	
297.67088996	
297.67101266	
297.67113531	
297.67125791	
297.67138046	
297.67150296	
297.67162542	
297.67174782	
297.67187017	
297.67199248	
297.67211473	
297.67223694	
297.67235910	
297.67248121	
297.67260327	
297.67272528	
297.67284724	
297.67296915	
297.67309101	
297.67321283	
297.67333459	
297.67345631	
297.67357798	
297.67369960	
297.67382117	
297.67394269	
297.67406416	
297.67418558	
297.67430696	
297.67442828	
297.67454956	
297.67467079	
297.67479197	
297.67491310	
297.67503418	
297.67515521	
297.67527620	
297.67539713	
297.67551802	
297.67563886	
297.67575965	
297.67588039	
297.67600109	
297.67612173	
297.67624233	
297.67636288	
297.67648337	
297.67660383	
297.67672423	
297.67684458	
297.67696489	
297.67708515	
297.67720535	
297.67732552	
297.67744563	
297.67756569	
297.67768571	
297.67780568	
297.67792560	
297.67804547	
297.67816529	
297.67828506	
297.67840479	
297.67852447	
297.67864410	
297.67876368	
297.67888322	
297.67900270	
297.67912214	
297.67924153	
297.67936087	
297.67948017	
297.67959942	
297.67971861	
297.67983777	
297.67995687	
297.68007592	
297.68019493	
297.68031389	
297.68043280	
297.68055166	
297.68067048	
297.68078925	
297.68090797	
297.68102664	
297.68114527	
297.68126384	
297.68138237	
297.68150085	
297.68161929	
297.68173768	
297.68185601	
297.68197431	
297.68209255	
297.68221075	
297.68232890	
297.68244700	
297.68256505	
297.68268306	
297.68280102	
297.68291893	
297.68303679	
297.68315461	
297.68327238	
297.68339010	
297.68350778	
297.68362541	
297.68374299	
297.68386052	
297.68397800	
297.68409544	
297.68421284	
297.68433018	
297.68444748	
297.68456473	
297.68468193	
297.68479909	
297.68491619	
297.68503326	
297.68515027	
297.68526724	
297.68538416	
297.68550103	
297.68561786	
297.68573464	
297.68585137	
297.68596806	
297.68608470	
297.68620129	
297.68631783	
297.68643433	
297.68655078	
297.68666719	
297.68678355	
297.68689986	
297.68701612	
297.68713234	
297.68724851	
297.68736463	
297.68748071	
297.68759674	
297.68771273	
297.68782866	
297.68794456	
297.68806040	
297.68817620	
297.68829195	
297.68840765	
297.68852331	
297.68863892	
297.68875449	
297.68887001	
297.68898548	
297.68910091	
297.68921629	
297.68933162	
297.68944691	
297.68956215	
297.68967734	
297.68979249	
297.68990759	
297.69002265	
297.69013766	
297.69025262	
297.69036754	
297.69048241	
297.69059723	
297.69071201	
297.69082674	
297.69094143	
297.69105607	
297.69117066	
297.69128521	
297.69139971	
297.69151417	
297.69162858	
297.69174294	
297.69185726	
297.69197153	
297.69208576	
297.69219994	
297.69231407	
297.69242816	
297.69254220	
297.69265620	
297.69277015	
297.69288406	
297.69299792	
297.69311173	
297.69322550	
297.69333922	
297.69345290	
297.69356653	
297.69368011	
297.69379365	
297.69390714	
297.69402059	
297.69413399	
297.69424735	
297.69436066	
297.69447393	
297.69458715	
297.69470032	
297.69481345	
297.69492654	
297.69503957	
297.69515257	
297.69526552	
297.69537842	
297.69549127	
297.69560409	
297.69571685	
297.69582957	
297.69594225	
297.69605488	
297.69616746	
297.69628000	
297.69639250	
297.69650495	
297.69661735	
297.69672971	
297.69684202	
297.69695429	
297.69706651	
297.69717869	
297.69729083	
297.69740291	
297.69751496	
297.69762695	
297.69773891	
297.69785082	
297.69796268	
297.69807450	
297.69818627	
297.69829800	
297.69840968	
297.69852132	
297.69863291	
297.69874446	
297.69885597	
297.69896742	
297.69907884	
297.69919021	
297.69930153	
297.69941281	
297.69952405	
297.69963524	
297.69974639	
297.69985749	
297.69996854	
297.70007955	
297.70019052	
297.70030144	
297.70041232	
297.70052316	
297.70063395	
297.70074469	
297.70085539	
297.70096605	
297.70107666	
297.70118722	
297.70129774	
297.70140822	
297.70151866	
297.70162904	
297.70173939	
297.70184969	
297.70195994	
297.70207016	
297.70218032	
297.70229045	
297.70240053	
297.70251056	
297.70262055	
297.70273050	
297.70284040	
297.70295026	
297.70306007	
297.70316984	
297.70327956	
297.70338924	
297.70349888	
297.70360847	
297.70371802	
297.70382753	
297.70393699	
297.70404641	
297.70415578	
297.70426511	
297.70437439	
297.70448363	
297.70459283	
297.70470199	
297.70481109	
297.70492016	
297.70502918	
297.70513816	
297.70524709	
297.70535598	
297.70546483	
297.70557363	
297.70568239	
297.70579111	
297.70589978	
297.70600841	
297.70611699	
297.70622553	
297.70633403	
297.70644248	
297.70655089	
297.70665926	
297.70676758	
297.70687586	
297.70698410	
297.70709229	
297.70720044	
297.70730854	
297.70741661	
297.70752462	
297.70763260	
297.70774053	
297.70784842	
297.70795626	
297.70806407	
297.70817182	
297.70827954	
297.70838721	
297.70849484	
297.70860242	
297.70870997	
297.70881746	
297.70892492	
297.70903233	
297.70913970	
297.70924703	
297.70935431	
297.70946155	
297.70956875	
297.70967590	
297.70978301	
297.70989008	
297.70999710	
297.71010408	
297.71021102	
297.71031792	
297.71042477	
297.71053158	
297.71063834	
297.71074507	
297.71085175	
297.71095839	
297.71106498	
297.71117153	
297.71127804	
297.71138451	
297.71149093	
297.71159731	
297.71170365	
297.71180995	
297.71191620	
297.71202241	
297.71212858	
297.71223470	
297.71234078	
297.71244682	
297.71255282	
297.71265877	
297.71276468	
297.71287055	
297.71297638	
297.71308216	
297.71318790	
297.71329360	
297.71339926	
297.71350487	
297.71361045	
297.71371597	
297.71382146	
297.71392691	
297.71403231	
297.71413767	
297.71424298	
297.71434826	
297.71445349	
297.71455868	
297.71466383	
297.71476893	
297.71487400	
297.71497902	
297.71508400	
297.71518893	
297.71529383	
297.71539868	
297.71550349	
297.71560826	
297.71571299	
297.71581767	
297.71592231	
297.71602691	
297.71613147	
297.71623599	
297.71634046	
297.71644489	
297.71654928	
297.71665363	
297.71675793	
297.71686220	
297.71696642	
297.71707060	
297.71717474	
297.71727884	
297.71738289	
297.71748690	
297.71759087	
297.71769480	
297.71779869	
297.71790254	
297.71800634	
297.71811010	
297.71821382	
297.71831750	
297.71842114	
297.71852473	
297.71862829	
297.71873180	
297.71883527	
297.71893870	
297.71904209	
297.71914543	
297.71924874	
297.71935200	
297.71945522	
297.71955840	
297.71966154	
297.71976464	
297.71986769	
297.71997071	
297.72007368	
297.72017661	
297.72027950	
297.72038235	
297.72048516	
297.72058792	
297.72069065	
297.72079333	
297.72089597	
297.72099857	
297.72110113	
297.72120365	
297.72130613	
297.72140857	
297.72151096	
297.72161331	
297.72171563	
297.72181790	
297.72192013	
297.72202232	
297.72212447	
297.72222657	
297.72232864	
297.72243066	
297.72253265	
297.72263459	
297.72273649	
297.72283835	
297.72294017	
297.72304195	
297.72314369	
297.72324539	
297.72334705	
297.72344866	
297.72355024	
297.72365177	
297.72375326	
297.72385472	
297.72395613	
297.72405750	
297.72415883	
297.72426012	
297.72436137	
297.72446258	
297.72456374	
297.72466487	
297.72476596	
297.72486700	
297.72496801	
297.72506897	
297.72516989	
297.72527078	
297.72537162	
297.72547242	
297.72557318	
297.72567390	
297.72577458	
297.72587522	
297.72597582	
297.72607638	
297.72617690	
297.72627738	
297.72637782	
297.72647822	
297.72657857	
297.72667889	
297.72677917	
297.72687940	
297.72697960	
297.72707975	
297.72717987	
297.72727995	
297.72737998	
297.72747998	
297.72757993	
297.72767984	
297.72777972	
297.72787955	
297.72797935	
297.72807910	
297.72817881	
297.72827849	
297.72837812	
297.72847772	
297.72857727	
297.72867678	
297.72877626	
297.72887569	
297.72897508	
297.72907444	
297.72917375	
297.72927303	
297.72937226	
297.72947145	
297.72957061	
297.72966972	
297.72976880	
297.72986783	
297.72996683	
297.73006578	
297.73016470	
297.73026357	
297.73036241	
297.73046120	
297.73055996	
297.73065868	
297.73075735	
297.73085599	
297.73095459	
297.73105315	
297.73115167	
297.73125015	
297.73134858	
297.73144698	
297.73154534	
297.73164367	
297.73174195	
297.73184019	
297.73193839	
297.73203655	
297.73213468	
297.73223276	
297.73233080	
297.73242881	
297.73252678	
297.73262470	
297.73272259	
297.73282044	
297.73291824	
297.73301601	
297.73311374	
297.73321143	
297.73330908	
297.73340670	
297.73350427	
297.73360180	
297.73369930	
297.73379675	
297.73389417	
297.73399154	
297.73408888	
297.73418618	
297.73428344	
297.73438066	
297.73447784	
297.73457498	
297.73467209	
297.73476915	
297.73486617	
297.73496316	
297.73506011	
297.73515702	
297.73525388	
297.73535072	
297.73544751	
297.73554426	
297.73564097	
297.73573765	
297.73583428	
297.73593088	
297.73602744	
297.73612396	
297.73622044	
297.73631688	
297.73641328	
297.73650965	
297.73660597	
297.73670226	
297.73679851	
297.73689472	
297.73699089	
297.73708702	
297.73718311	
297.73727917	
297.73737518	
297.73747116	
297.73756710	
297.73766300	
297.73775886	
297.73785469	
297.73795047	
297.73804622	
297.73814192	
297.73823759	
297.73833322	
297.73842882	
297.73852437	
297.73861989	
297.73871536	
297.73881080	
297.73890620	
297.73900157	
297.73909689	
297.73919218	
297.73928742	
297.73938263	
297.73947780	
297.73957294	
297.73966803	
297.73976309	
297.73985810	
297.73995308	
297.74004803	
297.74014293	
297.74023779	
297.74033262	
297.74042741	
297.74052216	
297.74061687	
297.74071155	
297.74080618	
297.74090078	
297.74099534	
297.74108987	
297.74118435	
297.74127880	
297.74137321	
297.74146758	
297.74156191	
297.74165621	
297.74175046	
297.74184468	
297.74193886	
297.74203301	
297.74212711	
297.74222118	
297.74231521	
297.74240920	
297.74250316	
297.74259707	
297.74269095	
297.74278479	
297.74287860	
297.74297236	
297.74306609	
297.74315978	
297.74325343	
297.74334705	
297.74344062	
297.74353416	
297.74362767	
297.74372113	
297.74381456	
297.74390795	
297.74400130	
297.74409461	
297.74418789	
297.74428113	
297.74437433	
297.74446750	
297.74456062	
297.74465371	
297.74474677	
297.74483978	
297.74493276	
297.74502570	
297.74511860	
297.74521147	
297.74530429	
297.74539709	
297.74548984	
297.74558256	
297.74567523	
297.74576788	
297.74586048	
297.74595305	
297.74604558	
297.74613807	
297.74623053	
297.74632294	
297.74641533	
297.74650767	
297.74659998	
297.74669225	
297.74678448	
297.74687668	
297.74696884	
297.74706096	
297.74715304	
297.74724509	
297.74733710	
297.74742907	
297.74752101	
297.74761291	
297.74770477	
297.74779660	
297.74788839	
297.74798014	
297.74807186	
297.74816353	
297.74825518	
297.74834678	
297.74843835	
297.74852988	
297.74862137	
297.74871283	
297.74880425	
297.74889564	
297.74898698	
297.74907829	
297.74916957	
297.74926081	
297.74935201	
297.74944317	
297.74953430	
297.74962539	
297.74971644	
297.74980746	
297.74989844	
297.74998939	
297.75008029	
297.75017116	
297.75026200	
297.75035280	
297.75044356	
297.75053428	
297.75062497	
297.75071563	
297.75080624	
297.75089682	
297.75098736	
297.75107787	
297.75116834	
297.75125877	
297.75134917	
297.75143953	
297.75152986	
297.75162015	
297.75171040	
297.75180062	
297.75189079	
297.75198094	
297.75207105	
297.75216112	
297.75225115	
297.75234115	
297.75243111	
297.75252104	
297.75261093	
297.75270078	
297.75279060	
297.75288038	
297.75297013	
297.75305984	
297.75314951	
297.75323915	
297.75332875	
297.75341832	
297.75350785	
297.75359734	
297.75368680	
297.75377622	
297.75386561	
297.75395496	
297.75404427	
297.75413355	
297.75422279	
297.75431200	
297.75440117	
297.75449030	
297.75457940	
297.75466846	
297.75475749	
297.75484648	
297.75493544	
297.75502436	
297.75511324	
297.75520209	
297.75529090	
297.75537968	
297.75546842	
297.75555713	
297.75564580	
297.75573443	
297.75582303	
297.75591159	
297.75600012	
297.75608861	
297.75617707	
297.75626549	
297.75635388	
297.75644222	
297.75653054	
297.75661882	
297.75670706	
297.75679527	
297.75688344	
297.75697158	
297.75705968	
297.75714775	
297.75723578	
297.75732377	
297.75741173	
297.75749966	
297.75758755	
297.75767540	
297.75776322	
297.75785100	
297.75793875	
297.75802646	
297.75811414	
297.75820178	
297.75828939	
297.75837696	
297.75846450	
297.75855200	
297.75863947	
297.75872690	
297.75881429	
297.75890165	
297.75898898	
297.75907627	
297.75916353	
297.75925075	
297.75933793	
297.75942508	
297.75951220	
297.75959928	
297.75968632	
297.75977333	
297.75986031	
297.75994725	
297.76003416	
297.76012103	
297.76020786	
297.76029466	
297.76038143	
297.76046816	
297.76055486	
297.76064152	
297.76072814	
297.76081474	
297.76090129	
297.76098781	
297.76107430	
297.76116075	
297.76124717	
297.76133356	
297.76141990	
297.76150622	
297.76159250	
297.76167874	
297.76176495	
297.76185113	
297.76193727	
297.76202337	
297.76210944	
297.76219548	
297.76228148	
297.76236745	
297.76245338	
297.76253928	
297.76262514	
297.76271097	
297.76279677	
297.76288253	
297.76296825	
297.76305394	
297.76313960	
297.76322522	
297.76331081	
297.76339637	
297.76348189	
297.76356737	
297.76365282	
297.76373824	
297.76382362	
297.76390897	
297.76399428	
297.76407956	
297.76416480	
297.76425001	
297.76433519	
297.76442033	
297.76450544	
297.76459051	
297.76467555	
297.76476056	
297.76484553	
297.76493047	
297.76501537	
297.76510024	
297.76518507	
297.76526987	
297.76535464	
297.76543937	
297.76552407	
297.76560873	
297.76569336	
297.76577796	
297.76586252	
297.76594705	
297.76603154	
297.76611600	
297.76620043	
297.76628482	
297.76636918	
297.76645350	
297.76653780	
297.76662205	
297.76670628	
297.76679046	
297.76687462	
297.76695874	
297.76704283	
297.76712688	
297.76721090	
297.76729489	
297.76737884	
297.76746276	
297.76754664	
297.76763050	
297.76771431	
297.76779810	
297.76788185	
297.76796556	
297.76804925	
297.76813290	
297.76821651	
297.76830009	
297.76838364	
297.76846716	
297.76855064	
297.76863409	
297.76871750	
297.76880088	
297.76888423	
297.76896754	
297.76905082	
297.76913407	
297.76921728	
297.76930046	
297.76938361	
297.76946672	
297.76954980	
297.76963285	
297.76971586	
297.76979884	
297.76988178	
297.76996470	
297.77004758	
297.77013042	
297.77021323	
297.77029601	
297.77037876	
297.77046147	
297.77054415	
297.77062680	
297.77070941	
297.77079199	
297.77087454	
297.77095705	
297.77103953	
297.77112198	
297.77120440	
297.77128678	
297.77136913	
297.77145144	
297.77153372	
297.77161597	
297.77169819	
297.77178037	
297.77186252	
297.77194464	
297.77202672	
297.77210877	
297.77219079	
297.77227277	
297.77235472	
297.77243664	
297.77251853	
297.77260038	
297.77268220	
297.77276399	
297.77284574	
297.77292746	
297.77300915	
297.77309081	
297.77317243	
297.77325402	
297.77333558	
297.77341710	
297.77349860	
297.77358005	
297.77366148	
297.77374287	
297.77382424	
297.77390556	
297.77398686	
297.77406812	
297.77414935	
297.77423055	
297.77431171	
297.77439285	
297.77447395	
297.77455501	
297.77463605	
297.77471705	
297.77479802	
297.77487896	
297.77495986	
297.77504073	
297.77512157	
297.77520238	
297.77528315	
297.77536389	
297.77544460	
297.77552528	
297.77560592	
297.77568654	
297.77576712	
297.77584766	
297.77592818	
297.77600866	
297.77608911	
297.77616953	
297.77624991	
297.77633027	
297.77641059	
297.77649088	
297.77657113	
297.77665136	
297.77673155	
297.77681171	
297.77689184	
297.77697193	
297.77705200	
297.77713203	
297.77721203	
297.77729199	
297.77737193	
297.77745183	
297.77753170	
297.77761154	
297.77769134	
297.77777112	
297.77785086	
297.77793057	
297.77801025	
297.77808989	
297.77816951	
297.77824909	
297.77832864	
297.77840816	
297.77848764	
297.77856710	
297.77864652	
297.77872591	
297.77880527	
297.77888459	
297.77896389	
297.77904315	
297.77912238	
297.77920158	
297.77928074	
297.77935988	
297.77943898	
297.77951805	
297.77959709	
297.77967610	
297.77975508	
297.77983402	
297.77991294	
297.77999182	
297.78007067	
297.78014948	
297.78022827	
297.78030702	
297.78038575	
297.78046444	
297.78054310	
297.78062172	
297.78070032	
297.78077889	
297.78085742	
297.78093592	
297.78101439	
297.78109283	
297.78117124	
297.78124961	
297.78132795	
297.78140627	
297.78148455	
297.78156280	
297.78164101	
297.78171920	
297.78179736	
297.78187548	
297.78195357	
297.78203163	
297.78210966	
297.78218766	
297.78226563	
297.78234356	
297.78242147	
297.78249934	
297.78257718	
297.78265499	
297.78273277	
297.78281052	
297.78288823	
297.78296592	
297.78304357	
297.78312120	
297.78319879	
297.78327635	
297.78335388	
297.78343138	
297.78350884	
297.78358628	
297.78366368	
297.78374106	
297.78381840	
297.78389571	
297.78397299	
297.78405024	
297.78412746	
297.78420465	
297.78428180	
297.78435893	
297.78443602	
297.78451308	
297.78459012	
297.78466712	
297.78474409	
297.78482103	
297.78489794	
297.78497481	
297.78505166	
297.78512848	
297.78520526	
297.78528201	
297.78535874	
297.78543543	
297.78551209	
297.78558872	
297.78566532	
297.78574189	
297.78581843	
297.78589494	
297.78597141	
297.78604786	
297.78612427	
297.78620066	
297.78627701	
297.78635334	
297.78642963	
297.78650589	
297.78658212	
297.78665832	
297.78673449	
297.78681063	
297.78688674	
297.78696282	
297.78703887	
297.78711488	
297.78719087	
297.78726683	
297.78734275	
297.78741865	
297.78749451	
297.78757034	
297.78764615	
297.78772192	
297.78779766	
297.78787338	
297.78794906	
297.78802471	
297.78810033	
297.78817592	
297.78825148	
297.78832701	
297.78840251	
297.78847798	
297.78855342	
297.78862882	
297.78870420	
297.78877955	
297.78885487	
297.78893015	
297.78900541	
297.78908064	
297.78915583	
297.78923100	
297.78930614	
297.78938124	
297.78945632	
297.78953136	
297.78960638	
297.78968136	
297.78975632	
297.78983124	
297.78990614	
297.78998100	
297.79005584	
297.79013064	
297.79020542	
297.79028016	
297.79035487	
297.79042956	
297.79050421	
297.79057884	
297.79065343	
297.79072800	
297.79080253	
297.79087703	
297.79095151	
297.79102595	
297.79110037	
297.79117475	
297.79124911	
297.79132343	
297.79139773	
297.79147199	
297.79154623	
297.79162043	
297.79169461	
297.79176875	
297.79184287	
297.79191696	
297.79199101	
297.79206504	
297.79213904	
297.79221300	
297.79228694	
297.79236085	
297.79243473	
297.79250858	
297.79258239	
297.79265618	
297.79272994	
297.79280367	
297.79287737	
297.79295104	
297.79302468	
297.79309829	
297.79317188	
297.79324543	
297.79331895	
297.79339244	
297.79346591	
297.79353934	
297.79361275	
297.79368612	
297.79375947	
297.79383278	
297.79390607	
297.79397933	
297.79405255	
297.79412575	
297.79419892	
297.79427206	
297.79434517	
297.79441825	
297.79449130	
297.79456432	
297.79463731	
297.79471028	
297.79478321	
297.79485612	
297.79492899	
297.79500184	
297.79507465	
297.79514744	
297.79522020	
297.79529293	
297.79536563	
297.79543830	
297.79551094	
297.79558355	
297.79565613	
297.79572869	
297.79580121	
297.79587371	
297.79594617	
297.79601861	
297.79609102	
297.79616340	
297.79623575	
297.79630807	
297.79638036	
297.79645262	
297.79652486	
297.79659706	
297.79666923	
297.79674138	
297.79681350	
297.79688559	
297.79695765	
297.79702968	
297.79710168	
297.79717365	
297.79724560	
297.79731751	
297.79738940	
297.79746125	
297.79753308	
297.79760488	
297.79767665	
297.79774839	
297.79782010	
297.79789179	
297.79796344	
297.79803507	
297.79810667	
297.79817824	
297.79824978	
297.79832129	
297.79839277	
297.79846422	
297.79853565	
297.79860704	
297.79867841	
297.79874975	
297.79882106	
297.79889234	
297.79896360	
297.79903482	
297.79910602	
297.79917718	
297.79924832	
297.79931943	
297.79939051	
297.79946157	
297.79953259	
297.79960358	
297.79967455	
297.79974549	
297.79981640	
297.79988728	
297.79995814	
297.80002896	
297.80009976	
297.80017052	
297.80024126	
297.80031197	
297.80038266	
297.80045331	
297.80052394	
297.80059453	
297.80066510	
297.80073564	
297.80080615	
297.80087664	
297.80094709	
297.80101752	
297.80108792	
297.80115829	
297.80122863	
297.80129895	
297.80136923	
297.80143949	
297.80150972	
297.80157992	
297.80165009	
297.80172024	
297.80179035	
297.80186044	
297.80193050	
297.80200053	
297.80207054	
297.80214051	
297.80221046	
297.80228038	
297.80235027	
297.80242013	
297.80248997	
297.80255977	
297.80262955	
297.80269930	
297.80276903	
297.80283872	
297.80290839	
297.80297803	
297.80304764	
297.80311722	
297.80318678	
297.80325630	
297.80332580	
297.80339527	
297.80346472	
297.80353413	
297.80360352	
297.80367288	
297.80374221	
297.80381151	
297.80388079	
297.80395004	
297.80401926	
297.80408845	
297.80415761	
297.80422675	
297.80429586	
297.80436494	
297.80443400	
297.80450302	
297.80457202	
297.80464099	
297.80470993	
297.80477885	
297.80484773	
297.80491659	
297.80498542	
297.80505423	
297.80512300	
297.80519175	
297.80526047	
297.80532917	
297.80539783	
297.80546647	
297.80553508	
297.80560367	
297.80567222	
297.80574075	
297.80580925	
297.80587772	
297.80594617	
297.80601459	
297.80608298	
297.80615134	
297.80621967	
297.80628798	
297.80635626	
297.80642452	
297.80649274	
297.80656094	
297.80662911	
297.80669725	
297.80676537	
297.80683346	
297.80690152	
297.80696955	
297.80703756	
297.80710554	
297.80717349	
297.80724142	
297.80730931	
297.80737718	
297.80744503	
297.80751284	
297.80758063	
297.80764839	
297.80771613	
297.80778383	
297.80785151	
297.80791916	
297.80798679	
297.80805439	
297.80812196	
297.80818950	
297.80825702	
297.80832451	
297.80839197	
297.80845940	
297.80852681	
297.80859419	
297.80866154	
297.80872887	
297.80879617	
297.80886344	
297.80893069	
297.80899791	
297.80906510	
297.80913226	
297.80919940	
297.80926651	
297.80933359	
297.80940065	
297.80946768	
297.80953468	
297.80960166	
297.80966861	
297.80973553	
297.80980242	
297.80986929	
297.80993613	
297.81000295	
297.81006973	
297.81013649	
297.81020323	
297.81026993	
297.81033661	
297.81040327	
297.81046989	
297.81053649	
297.81060307	
297.81066961	
297.81073613	
297.81080263	
297.81086909	
297.81093553	
297.81100194	
297.81106833	
297.81113469	
297.81120102	
297.81126733	
297.81133361	
297.81139986	
297.81146608	
297.81153228	
297.81159846	
297.81166460	
297.81173072	
297.81179682	
297.81186288	
297.81192892	
297.81199494	
297.81206092	
297.81212688	
297.81219282	
297.81225872	
297.81232460	
297.81239046	
297.81245629	
297.81252209	
297.81258786	
297.81265361	
297.81271933	
297.81278503	
297.81285070	
297.81291634	
297.81298196	
297.81304755	
297.81311311	
297.81317865	
297.81324416	
297.81330964	
297.81337510	
297.81344053	
297.81350594	
297.81357132	
297.81363667	
297.81370200	
297.81376730	
297.81383258	
297.81389782	
297.81396305	
297.81402824	
297.81409341	
297.81415855	
297.81422367	
297.81428876	
297.81435383	
297.81441887	
297.81448388	
297.81454887	
297.81461383	
297.81467876	
297.81474367	
297.81480855	
297.81487341	
297.81493824	
297.81500304	
297.81506782	
297.81513257	
297.81519730	
297.81526199	
297.81532667	
297.81539132	
297.81545594	
297.81552053	
297.81558510	
297.81564965	
297.81571417	
297.81577866	
297.81584312	
297.81590756	
297.81597198	
297.81603637	
297.81610073	
297.81616507	
297.81622938	
297.81629366	
297.81635792	
297.81642215	
297.81648636	
297.81655054	
297.81661470	
297.81667883	
297.81674293	
297.81680701	
297.81687106	
297.81693509	
297.81699909	
297.81706307	
297.81712702	
297.81719094	
297.81725484	
297.81731871	
297.81738256	
297.81744638	
297.81751018	
297.81757395	
297.81763769	
297.81770141	
297.81776510	
297.81782877	
297.81789241	
297.81795603	
297.81801962	
297.81808319	
297.81814673	
297.81821024	
297.81827373	
297.81833719	
297.81840063	
297.81846404	
297.81852743	
297.81859079	
297.81865413	
297.81871744	
297.81878072	
297.81884398	
297.81890722	
297.81897042	
297.81903361	
297.81909677	
297.81915990	
297.81922300	
297.81928609	
297.81934914	
297.81941217	
297.81947518	
297.81953816	
297.81960112	
297.81966405	
297.81972695	
297.81978983	
297.81985268	
297.81991551	
297.81997831	
297.82004109	
297.82010385	
297.82016657	
297.82022928	
297.82029195	
297.82035461	
297.82041723	
297.82047983	
297.82054241	
297.82060496	
297.82066749	
297.82072999	
297.82079247	
297.82085492	
297.82091734	
297.82097974	
297.82104212	
297.82110447	
297.82116679	
297.82122910	
297.82129137	
297.82135362	
297.82141585	
297.82147805	
297.82154022	
297.82160237	
297.82166450	
297.82172660	
297.82178867	
297.82185072	
297.82191275	
297.82197475	
297.82203673	
297.82209868	
297.82216060	
297.82222250	
297.82228438	
297.82234623	
297.82240806	
297.82246986	
297.82253164	
297.82259339	
297.82265512	
297.82271682	
297.82277850	
297.82284015	
297.82290178	
297.82296338	
297.82302496	
297.82308651	
297.82314804	
297.82320955	
297.82327102	
297.82333248	
297.82339391	
297.82345531	
297.82351670	
297.82357805	
297.82363938	
297.82370069	
297.82376197	
297.82382323	
297.82388446	
297.82394567	
297.82400685	
297.82406801	
297.82412915	
297.82419026	
297.82425134	
297.82431240	
297.82437344	
297.82443445	
297.82449544	
297.82455640	
297.82461734	
297.82467825	
297.82473914	
297.82480001	
297.82486085	
297.82492166	
297.82498245	
297.82504322	
297.82510396	
297.82516468	
297.82522538	
297.82528604	
297.82534669	
297.82540731	
297.82546791	
297.82552848	
297.82558903	
297.82564955	
297.82571005	
297.82577052	
297.82583097	
297.82589140	
297.82595180	
297.82601218	
297.82607253	
297.82613286	
297.82619316	
297.82625344	
297.82631370	
297.82637393	
297.82643414	
297.82649432	
297.82655448	
297.82661462	
297.82667473	
297.82673481	
297.82679488	
297.82685492	
297.82691493	
297.82697492	
297.82703489	
297.82709483	
297.82715475	
297.82721464	
297.82727451	
297.82733436	
297.82739418	
297.82745398	
297.82751375	
297.82757350	
297.82763322	
297.82769293	
297.82775260	
297.82781226	
297.82787189	
297.82793149	
297.82799107	
297.82805063	
297.82811016	
297.82816967	
297.82822916	
297.82828862	
297.82834806	
297.82840747	
297.82846687	
297.82852623	
297.82858557	
297.82864489	
297.82870419	
297.82876346	
297.82882271	
297.82888193	
297.82894113	
297.82900031	
297.82905946	
297.82911859	
297.82917769	
297.82923677	
297.82929583	
297.82935486	
297.82941387	
297.82947286	
297.82953182	
297.82959076	
297.82964967	
297.82970856	
297.82976743	
297.82982627	
297.82988509	
297.82994389	
297.83000266	
297.83006141	
297.83012014	
297.83017884	
297.83023752	
297.83029617	
297.83035481	
297.83041341	
297.83047200	
297.83053056	
297.83058909	
297.83064761	
297.83070610	
297.83076456	
297.83082301	
297.83088143	
297.83093982	
297.83099820	
297.83105655	
297.83111487	
297.83117317	
297.83123145	
297.83128971	
297.83134794	
297.83140615	
297.83146433	
297.83152249	
297.83158063	
297.83163875	
297.83169684	
297.83175491	
297.83181295	
297.83187097	
297.83192897	
297.83198695	
297.83204490	
297.83210283	
297.83216073	
297.83221861	
297.83227647	
297.83233431	
297.83239212	
297.83244991	
297.83250768	
297.83256542	
297.83262314	
297.83268083	
297.83273851	
297.83279616	
297.83285378	
297.83291139	
297.83296897	
297.83302652	
297.83308406	
297.83314157	
297.83319905	
297.83325652	
297.83331396	
297.83337138	
297.83342877	
297.83348615	
297.83354350	
297.83360082	
297.83365813	
297.83371541	
297.83377266	
297.83382990	
297.83388711	
297.83394430	
297.83400146	
297.83405860	
297.83411572	
297.83417282	
297.83422989	
297.83428694	
297.83434397	
297.83440097	
297.83445795	
297.83451491	
297.83457185	
297.83462876	
297.83468565	
297.83474252	
297.83479936	
297.83485618	
297.83491298	
297.83496976	
297.83502651	
297.83508324	
297.83513995	
297.83519663	
297.83525329	
297.83530993	
297.83536655	
297.83542314	
297.83547971	
297.83553626	
297.83559279	
297.83564929	
297.83570577	
297.83576223	
297.83581866	
297.83587507	
297.83593146	
297.83598783	
297.83604417	
297.83610049	
297.83615679	
297.83621307	
297.83626932	
297.83632555	
297.83638176	
297.83643794	
297.83649411	
297.83655025	
297.83660636	
297.83666246	
297.83671853	
297.83677458	
297.83683061	
297.83688661	
297.83694260	
297.83699856	
297.83705449	
297.83711041	
297.83716630	
297.83722217	
297.83727802	
297.83733384	
297.83738965	
297.83744543	
297.83750118	
297.83755692	
297.83761263	
297.83766832	
297.83772399	
297.83777964	
297.83783526	
297.83789086	
297.83794644	
297.83800200	
297.83805753	
297.83811304	
297.83816853	
297.83822400	
297.83827945	
297.83833487	
297.83839027	
297.83844565	
297.83850100	
297.83855634	
297.83861165	
297.83866694	
297.83872220	
297.83877745	
297.83883267	
297.83888787	
297.83894305	
297.83899821	
297.83905334	
297.83910845	
297.83916354	
297.83921861	
297.83927365	
297.83932868	
297.83938368	
297.83943866	
297.83949361	
297.83954855	
297.83960346	
297.83965835	
297.83971322	
297.83976807	
297.83982289	
297.83987769	
297.83993247	
297.83998723	
297.84004197	
297.84009668	
297.84015137	
297.84020604	
297.84026069	
297.84031532	
297.84036992	
297.84042451	
297.84047907	
297.84053360	
297.84058812	
297.84064262	
297.84069709	
297.84075154	
297.84080597	
297.84086038	
297.84091476	
297.84096913	
297.84102347	
297.84107779	
297.84113208	
297.84118636	
297.84124061	
297.84129485	
297.84134906	
297.84140325	
297.84145741	
297.84151156	
297.84156568	
297.84161979	
297.84167387	
297.84172792	
297.84178196	
297.84183598	
297.84188997	
297.84194394	
297.84199789	
297.84205182	
297.84210572	
297.84215961	
297.84221347	
297.84226731	
297.84232113	
297.84237493	
297.84242871	
297.84248246	
297.84253620	
297.84258991	
297.84264360	
297.84269727	
297.84275091	
297.84280454	
297.84285814	
297.84291173	
297.84296529	
297.84301883	
297.84307234	
297.84312584	
297.84317932	
297.84323277	
297.84328620	
297.84333961	
297.84339300	
297.84344637	
297.84349971	
297.84355304	
297.84360634	
297.84365962	
297.84371288	
297.84376612	
297.84381934	
297.84387254	
297.84392571	
297.84397886	
297.84403200	
297.84408511	
297.84413820	
297.84419126	
297.84424431	
297.84429734	
297.84435034	
297.84440332	
297.84445628	
297.84450922	
297.84456214	
297.84461504	
297.84466792	
297.84472077	
297.84477361	
297.84482642	
297.84487921	
297.84493198	
297.84498473	
297.84503746	
297.84509016	
297.84514285	
297.84519551	
297.84524816	
297.84530078	
297.84535338	
297.84540596	
297.84545852	
297.84551105	
297.84556357	
297.84561606	
297.84566854	
297.84572099	
297.84577342	
297.84582583	
297.84587822	
297.84593059	
297.84598294	
297.84603527	
297.84608757	
297.84613986	
297.84619212	
297.84624436	
297.84629658	
297.84634878	
297.84640096	
297.84645312	
297.84650526	
297.84655738	
297.84660947	
297.84666155	
297.84671360	
297.84676563	
297.84681764	
297.84686964	
297.84692161	
297.84697355	
297.84702548	
297.84707739	
297.84712928	
297.84718114	
297.84723299	
297.84728481	
297.84733662	
297.84738840	
297.84744016	
297.84749190	
297.84754362	
297.84759532	
297.84764700	
297.84769866	
297.84775029	
297.84780191	
297.84785350	
297.84790508	
297.84795663	
297.84800817	
297.84805968	
297.84811117	
297.84816264	
297.84821409	
297.84826552	
297.84831693	
297.84836832	
297.84841969	
297.84847103	
297.84852236	
297.84857367	
297.84862495	
297.84867622	
297.84872746	
297.84877868	
297.84882989	
297.84888107	
297.84893223	
297.84898337	
297.84903449	
297.84908559	
297.84913667	
297.84918773	
297.84923877	
297.84928979	
297.84934079	
297.84939176	
297.84944272	
297.84949365	
297.84954457	
297.84959547	
297.84964634	
297.84969719	
297.84974803	
297.84979884	
297.84984963	
297.84990041	
297.84995116	
297.85000189	
297.85005260	
297.85010329	
297.85015396	
297.85020461	
297.85025524	
297.85030585	
297.85035644	
297.85040701	
297.85045756	
297.85050809	
297.85055859	
297.85060908	
297.85065955	
297.85071000	
297.85076042	
297.85081083	
297.85086121	
297.85091158	
297.85096193	
297.85101225	
297.85106256	
297.85111284	
297.85116311	
297.85121335	
297.85126357	
297.85131378	
297.85136396	
297.85141413	
297.85146427	
297.85151439	
297.85156450	
297.85161458	
297.85166464	
297.85171469	
297.85176471	
297.85181471	
297.85186469	
297.85191466	
297.85196460	
297.85201452	
297.85206442	
297.85211431	
297.85216417	
297.85221401	
297.85226383	
297.85231364	
297.85236342	
297.85241318	
297.85246292	
297.85251264	
297.85256235	
297.85261203	
297.85266169	
297.85271133	
297.85276095	
297.85281056	
297.85286014	
297.85290970	
297.85295924	
297.85300877	
297.85305827	
297.85310775	
297.85315722	
297.85320666	
297.85325608	
297.85330548	
297.85335487	
297.85340423	
297.85345358	
297.85350290	
297.85355220	
297.85360149	
297.85365075	
297.85370000	
297.85374922	
297.85379843	
297.85384761	
297.85389678	
297.85394592	
297.85399505	
297.85404416	
297.85409324	
297.85414231	
297.85419136	
297.85424038	
297.85428939	
297.85433838	
297.85438735	
297.85443630	
297.85448523	
297.85453414	
297.85458303	
297.85463190	
297.85468075	
297.85472958	
297.85477839	
297.85482718	
297.85487595	
297.85492470	
297.85497344	
297.85502215	
297.85507084	
297.85511952	
297.85516817	
297.85521681	
297.85526542	
297.85531402	
297.85536259	
297.85541115	
297.85545969	
297.85550820	
297.85555670	
297.85560518	
297.85565364	
297.85570208	
297.85575050	
297.85579890	
297.85584728	
297.85589564	
297.85594399	
297.85599231	
297.85604061	
297.85608890	
297.85613716	
297.85618541	
297.85623363	
297.85628184	
297.85633003	
297.85637820	
297.85642634	
297.85647447	
297.85652258	
297.85657067	
297.85661874	
297.85666680	
297.85671483	
297.85676284	
297.85681084	
297.85685881	
297.85690677	
297.85695470	
297.85700262	
297.85705052	
297.85709839	
297.85714625	
297.85719409	
297.85724191	
297.85728972	
297.85733750	
297.85738526	
297.85743300	
297.85748073	
297.85752843	
297.85757612	
297.85762379	
297.85767144	
297.85771906	
297.85776667	
297.85781426	
297.85786184	
297.85790939	
297.85795692	
297.85800443	
297.85805193	
297.85809941	
297.85814686	
297.85819430	
297.85824172	
297.85828912	
297.85833650	
297.85838386	
297.85843120	
297.85847853	
297.85852583	
297.85857311	
297.85862038	
297.85866763	
297.85871486	
297.85876207	
297.85880926	
297.85885643	
297.85890358	
297.85895071	
297.85899783	
297.85904492	
297.85909200	
297.85913906	
297.85918610	
297.85923312	
297.85928012	
297.85932710	
297.85937406	
297.85942101	
297.85946793	
297.85951484	
297.85956173	
297.85960860	
297.85965545	
297.85970228	
297.85974909	
297.85979589	
297.85984266	
297.85988942	
297.85993615	
297.85998287	
297.86002957	
297.86007625	
297.86012291	
297.86016956	
297.86021618	
297.86026279	
297.86030938	
297.86035594	
297.86040249	
297.86044903	
297.86049554	
297.86054203	
297.86058851	
297.86063496	
297.86068140	
297.86072782	
297.86077422	
297.86082060	
297.86086696	
297.86091331	
297.86095963	
297.86100594	
297.86105223	
297.86109850	
297.86114475	
297.86119098	
297.86123720	
297.86128339	
297.86132957	
297.86137573	
297.86142187	
297.86146799	
297.86151409	
297.86156018	
297.86160624	
297.86165229	
297.86169832	
297.86174433	
297.86179032	
297.86183630	
297.86188225	
297.86192819	
297.86197410	
297.86202000	
297.86206588	
297.86211175	
297.86215759	
297.86220342	
297.86224922	
297.86229501	
297.86234078	
297.86238654	
297.86243227	
297.86247798	
297.86252368	
297.86256936	
297.86261502	
297.86266066	
297.86270629	
297.86275189	
297.86279748	
297.86284305	
297.86288860	
297.86293413	
297.86297964	
297.86302514	
297.86307061	
297.86311607	
297.86316151	
297.86320694	
297.86325234	
297.86329772	
297.86334309	
297.86338844	
297.86343377	
297.86347909	
297.86352438	
297.86356966	
297.86361491	
297.86366015	
297.86370538	
297.86375058	
297.86379576	
297.86384093	
297.86388608	
297.86393121	
297.86397633	
297.86402142	
297.86406650	
297.86411155	
297.86415660	
297.86420162	
297.86424662	
297.86429161	
297.86433658	
297.86438153	
297.86442646	
297.86447137	
297.86451627	
297.86456114	
297.86460600	
297.86465085	
297.86469567	
297.86474047	
297.86478526	
297.86483003	
297.86487478	
297.86491952	
297.86496423	
297.86500893	
297.86505361	
297.86509827	
297.86514292	
297.86518754	
297.86523215	
297.86527674	
297.86532131	
297.86536587	
297.86541040	
297.86545492	
297.86549942	
297.86554390	
297.86558837	
297.86563281	
297.86567724	
297.86572165	
297.86576605	
297.86581042	
297.86585478	
297.86589912	
297.86594344	
297.86598775	
297.86603203	
297.86607630	
297.86612055	
297.86616478	
297.86620900	
297.86625320	
297.86629738	
297.86634154	
297.86638568	
297.86642981	
297.86647392	
297.86651801	
297.86656208	
297.86660614	
297.86665017	
297.86669419	
297.86673820	
297.86678218	
297.86682615	
297.86687010	
297.86691403	
297.86695794	
297.86700184	
297.86704572	
297.86708958	
297.86713342	
297.86717725	
297.86722106	
297.86726485	
297.86730862	
297.86735238	
297.86739611	
297.86743983	
297.86748354	
297.86752722	
297.86757089	
297.86761454	
297.86765817	
297.86770179	
297.86774538	
297.86778896	
297.86783253	
297.86787607	
297.86791960	
297.86796311	
297.86800660	
297.86805008	
