350.96944704	
350.97031912	
350.97107347	
350.97245157	
350.97403207	
350.97537143	
350.97608431	
350.97639470	
350.97720109	
350.97864303	
350.97986680	
350.98135277	
350.98234197	
350.98325821	
350.98476467	
350.98586670	
350.98652718	
350.98704924	
350.98804144	
350.98889073	
350.98974743	
350.99126261	
350.99293311	
350.99414340	
350.99519146	
350.99666209	
350.99822861	
350.99942700	
351.00013796	
351.00077727	
351.00124422	
351.00223309	
351.00355635	
351.00400967	
351.00472589	
351.00576907	
351.00647825	
351.00719201	
351.00842678	
351.00933489	
351.00972596	
351.01075190	
351.01184579	
351.01269407	
351.01331018	
351.01386391	
351.01508031	
351.01691031	
351.01871024	
351.02036947	
351.02175657	
351.02303785	
351.02447226	
351.02544608	
351.02575254	
351.02600929	
351.02641376	
351.02668654	
351.02732705	
351.02854565	
351.02959349	
351.03017646	
351.03112451	
351.03266775	
351.03401455	
351.03540162	
351.03676625	
351.03800827	
351.03910542	
351.03999695	
351.04105551	
351.04230150	
351.04374605	
351.04476767	
351.04570279	
351.04687899	
351.04807646	
351.04971509	
351.05083444	
351.05157180	
351.05256888	
351.05360803	
351.05454032	
351.05573524	
351.05724529	
351.05884244	
351.06026166	
351.06079228	
351.06080880	
351.06107009	
351.06199464	
351.06277885	
351.06307862	
351.06414855	
351.06513726	
351.06521970	
351.06519481	
351.06586846	
351.06745695	
351.06874926	
351.06957180	
351.07083461	
351.07190739	
351.07212386	
351.07263652	
351.07356999	
351.07445238	
351.07503149	
351.07577239	
351.07728792	
351.07896298	
351.08045771	
351.08116846	
351.08135467	
351.08187949	
351.08271744	
351.08316790	
351.08328129	
351.08400439	
351.08538286	
351.08645606	
351.08712981	
351.08786083	
351.08871188	
351.08934778	
351.08995972	
351.09061903	
351.09134483	
351.09277699	
351.09425900	
351.09567401	
351.09708422	
351.09857888	
351.10021391	
351.10159997	
351.10303859	
351.10453735	
351.10521470	
351.10549973	
351.10642938	
351.10720508	
351.10801477	
351.10865255	
351.10869417	
351.10891491	
351.10995300	
351.11118855	
351.11158088	
351.11177064	
351.11213584	
351.11293983	
351.11405502	
351.11467541	
351.11487323	
351.11532888	
351.11571659	
351.11580113	
351.11584660	
351.11604592	
351.11686541	
351.11788289	
351.11857726	
351.11962863	
351.12042339	
351.12101759	
351.12229752	
351.12362975	
351.12444450	
351.12479853	
351.12539819	
351.12599640	
351.12621682	
351.12684587	
351.12742442	
351.12816642	
351.12905232	
351.12948115	
351.12969265	
351.13018525	
351.13113269	
351.13158994	
351.13246946	
351.13403728	
351.13492019	
351.13512577	
351.13594921	
351.13758955	
351.13877358	
351.13994335	
351.14153182	
351.14252144	
351.14304759	
351.14348413	
351.14388287	
351.14476364	
351.14621781	
351.14726073	
351.14809881	
351.14947268	
351.15035387	
351.15073233	
351.15122437	
351.15179263	
351.15295032	
351.15417759	
351.15550108	
351.15655543	
351.15735534	
351.15832382	
351.15880021	
351.15947770	
351.16012158	
351.16078965	
351.16137694	
351.16158937	
351.16238228	
351.16344615	
351.16456241	
351.16577005	
351.16690105	
351.16822260	
351.16939305	
351.17015206	
351.17105865	
351.17215429	
351.17334149	
351.17480846	
351.17631596	
351.17699441	
351.17741113	
351.17861217	
351.17986001	
351.18061010	
351.18118480	
351.18223038	
351.18288119	
351.18321710	
351.18432187	
351.18515673	
351.18549686	
351.18572519	
351.18597176	
351.18650757	
351.18695909	
351.18786980	
351.18863811	
351.18946978	
351.19037637	
351.19068748	
351.19171819	
351.19277701	
351.19371842	
351.19522703	
351.19611818	
351.19640957	
351.19745757	
351.19868907	
351.19989098	
351.20153406	
351.20246903	
351.20334338	
351.20484618	
351.20553216	
351.20604175	
351.20734997	
351.20883931	
351.20998657	
351.21128446	
351.21245160	
351.21276607	
351.21324340	
351.21420025	
351.21528147	
351.21650223	
351.21740173	
351.21771526	
351.21772338	
351.21796400	
351.21895320	
351.22017515	
351.22068071	
351.22065694	
351.22105308	
351.22231656	
351.22375463	
351.22510451	
351.22660884	
351.22754019	
351.22823253	
351.22914651	
351.22956223	
351.23017044	
351.23095341	
351.23120459	
351.23203960	
351.23306775	
351.23369767	
351.23415926	
351.23432614	
351.23517225	
351.23605983	
351.23678315	
351.23733966	
351.23755125	
351.23790979	
351.23864490	
351.23951837	
351.24059856	
351.24187922	
351.24299943	
351.24430514	
351.24502819	
351.24510836	
351.24576830	
351.24724655	
351.24801990	
351.24854172	
351.24923820	
351.24999318	
351.25143656	
351.25238630	
351.25264881	
351.25345675	
351.25480057	
351.25597817	
351.25687842	
351.25779734	
351.25907348	
351.25989963	
351.26078201	
351.26218787	
351.26299707	
351.26318631	
351.26386963	
351.26473302	
351.26512151	
351.26545182	
351.26581637	
351.26650344	
351.26715951	
351.26819447	
351.26934086	
351.27000144	
351.27024555	
351.27028068	
351.27073588	
351.27172937	
351.27268751	
351.27342925	
351.27379680	
351.27411585	
351.27464496	
351.27494076	
351.27549798	
351.27672607	
351.27774773	
351.27836199	
351.27880711	
351.27919701	
351.27982259	
351.28065985	
351.28147909	
351.28216937	
351.28290461	
351.28333715	
351.28422738	
351.28560457	
351.28645221	
351.28751415	
351.28867056	
351.28943123	
351.29015867	
351.29119183	
351.29254842	
351.29353868	
351.29410163	
351.29421905	
351.29425017	
351.29485021	
351.29618022	
351.29708918	
351.29739555	
351.29813563	
351.29900138	
351.29955685	
351.30021085	
351.30143356	
351.30272612	
351.30390485	
351.30498943	
351.30577868	
351.30607590	
351.30633026	
351.30699608	
351.30771563	
351.30877298	
351.30952370	
351.31005576	
351.31134386	
351.31222272	
351.31261691	
351.31335430	
351.31408316	
351.31508144	
351.31589804	
351.31622728	
351.31680384	
351.31728421	
351.31801536	
351.31944718	
351.32062297	
351.32100488	
351.32149648	
351.32236980	
351.32319397	
351.32443339	
351.32577359	
351.32656090	
351.32708030	
351.32795640	
351.32878647	
351.32943991	
351.33041197	
351.33091454	
351.33120779	
351.33149295	
351.33204365	
351.33324524	
351.33419119	
351.33533212	
351.33626456	
351.33694257	
351.33760681	
351.33763828	
351.33804817	
351.33916495	
351.33975408	
351.33969226	
351.34044791	
351.34205834	
351.34308112	
351.34349835	
351.34440686	
351.34574586	
351.34632134	
351.34629757	
351.34681446	
351.34719266	
351.34724161	
351.34789757	
351.34884109	
351.34919043	
351.34929244	
351.34957050	
351.35049946	
351.35189071	
351.35280141	
351.35371654	
351.35504971	
351.35653793	
351.35801285	
351.35884654	
351.35967029	
351.36100652	
351.36204099	
351.36242137	
351.36317901	
351.36480571	
351.36601605	
351.36657423	
351.36674260	
351.36746149	
351.36826036	
351.36908837	
351.37012377	
351.37078323	
351.37177209	
351.37250151	
351.37339959	
351.37417674	
351.37465584	
351.37598257	
351.37760070	
351.37877986	
351.37991572	
351.38141025	
351.38223086	
351.38240172	
351.38320070	
351.38453348	
351.38509314	
351.38535156	
351.38592829	
351.38694497	
351.38763876	
351.38769001	
351.38805670	
351.38872738	
351.38971768	
351.39081537	
351.39214260	
351.39321331	
351.39372478	
351.39398388	
351.39450725	
351.39568453	
351.39674427	
351.39723371	
351.39753650	
351.39845757	
351.39977239	
351.40081729	
351.40120637	
351.40167015	
351.40256889	
351.40352213	
351.40452082	
351.40504873	
351.40509655	
351.40580688	
351.40704528	
351.40779279	
351.40849637	
351.40908861	
351.41007628	
351.41168257	
351.41310102	
351.41377144	
351.41387073	
351.41408065	
351.41458800	
351.41550184	
351.41670482	
351.41748043	
351.41826819	
351.41897810	
351.41934075	
351.41973961	
351.42040542	
351.42140693	
351.42202863	
351.42270256	
351.42399587	
351.42468325	
351.42479305	
351.42572881	
351.42687442	
351.42789704	
351.42913429	
351.42984837	
351.42993969	
351.43004000	
351.43036548	
351.43105780	
351.43163376	
351.43234592	
351.43365294	
351.43467031	
351.43488863	
351.43516394	
351.43557822	
351.43621885	
351.43702166	
351.43750476	
351.43830600	
351.43961273	
351.44074871	
351.44132229	
351.44150542	
351.44222300	
351.44289576	
351.44328620	
351.44416250	
351.44469204	
351.44523082	
351.44629592	
351.44692478	
351.44720775	
351.44827704	
351.44904319	
351.44927332	
351.45029851	
351.45100221	
351.45116979	
351.45182072	
351.45302827	
351.45411508	
351.45481431	
351.45560900	
351.45656739	
351.45776410	
351.45843663	
351.45866826	
351.45885775	
351.45953241	
351.46059956	
351.46134117	
351.46222499	
351.46314069	
351.46430509	
351.46576986	
351.46671368	
351.46687654	
351.46749759	
351.46815091	
351.46863906	
351.46948784	
351.47009049	
351.47080816	
351.47110223	
351.47161660	
351.47303095	
351.47387090	
351.47471663	
351.47556930	
351.47632679	
351.47699745	
351.47687399	
351.47732488	
351.47789868	
351.47822450	
351.47890700	
351.47988280	
351.48062230	
351.48071416	
351.48109282	
351.48211059	
351.48310689	
351.48349633	
351.48356023	
351.48418596	
351.48505160	
351.48565536	
351.48596814	
351.48628659	
351.48701648	
351.48817761	
351.48915149	
351.48952636	
351.49007041	
351.49083915	
351.49114763	
351.49161581	
351.49288608	
351.49373485	
351.49372293	
351.49437478	
351.49508100	
351.49554613	
351.49600072	
351.49594060	
351.49624033	
351.49671985	
351.49754264	
351.49869041	
351.49989959	
351.50109296	
351.50232619	
351.50331743	
351.50377434	
351.50450023	
351.50527975	
351.50622245	
351.50709421	
351.50749086	
351.50787788	
351.50845655	
351.50910109	
351.50953023	
351.51043948	
351.51171321	
351.51282239	
351.51369137	
351.51472725	
351.51586050	
351.51634632	
351.51695123	
351.51754133	
351.51792589	
351.51862130	
351.51938368	
351.51978585	
351.51982549	
351.52055648	
351.52112668	
351.52163548	
351.52224053	
351.52211732	
351.52271851	
351.52399884	
351.52488920	
351.52542062	
351.52593620	
351.52652967	
351.52733868	
351.52774296	
351.52821414	
351.52945194	
351.53001971	
351.53025785	
351.53123841	
351.53183470	
351.53197334	
351.53252152	
351.53333383	
351.53407229	
351.53505633	
351.53613291	
351.53725516	
351.53864067	
351.53916334	
351.53956133	
351.54060421	
351.54108526	
351.54155138	
351.54230659	
351.54288668	
351.54314258	
351.54348597	
351.54467402	
351.54550462	
351.54592973	
351.54616293	
351.54649152	
351.54759047	
351.54890909	
351.55016951	
351.55070719	
351.55085988	
351.55133937	
351.55238450	
351.55362117	
351.55482714	
351.55558185	
351.55602558	
351.55690214	
351.55794632	
351.55890944	
351.55949041	
351.55969120	
351.55992688	
351.56049052	
351.56124496	
351.56162450	
351.56210685	
351.56301600	
351.56412584	
351.56523600	
351.56637968	
351.56737147	
351.56794528	
351.56884995	
351.57007310	
351.57097951	
351.57161043	
351.57242021	
351.57306108	
351.57345804	
351.57409788	
351.57447109	
351.57485610	
351.57579117	
351.57682513	
351.57734367	
351.57750031	
351.57811058	
351.57916852	
351.58035114	
351.58111109	
351.58192131	
351.58259389	
351.58330443	
351.58453599	
351.58510178	
351.58509260	
351.58528195	
351.58611347	
351.58747946	
351.58856321	
351.58912273	
351.58980587	
351.59099957	
351.59173321	
351.59221173	
351.59303475	
351.59363091	
351.59367906	
351.59368891	
351.59453367	
351.59597425	
351.59727680	
351.59814471	
351.59899955	
351.60005843	
351.60075524	
351.60140486	
351.60181887	
351.60162382	
351.60169311	
351.60218541	
351.60295375	
351.60370702	
351.60397475	
351.60458196	
351.60593309	
351.60731498	
351.60847118	
351.60970470	
351.61037462	
351.61041175	
351.61105281	
351.61173512	
351.61193005	
351.61264492	
351.61404119	
351.61534108	
351.61658723	
351.61724242	
351.61769740	
351.61838266	
351.61861592	
351.61942872	
351.62042086	
351.62046596	
351.62045828	
351.62114094	
351.62151704	
351.62182274	
351.62225464	
351.62257338	
351.62310928	
351.62375404	
351.62437433	
351.62510119	
351.62557119	
351.62531751	
351.62572451	
351.62626936	
351.62691874	
351.62794798	
351.62814395	
351.62846110	
351.62963259	
351.63071412	
351.63109053	
351.63091836	
351.63136043	
351.63223112	
351.63317118	
351.63392407	
351.63410036	
351.63485250	
351.63572241	
351.63581408	
351.63632376	
351.63698366	
351.63770125	
351.63871510	
351.63930740	
351.64028132	
351.64151617	
351.64223253	
351.64313792	
351.64464198	
351.64612553	
351.64721010	
351.64785718	
351.64865402	
351.64943836	
351.65023056	
351.65102008	
351.65187660	
351.65309128	
351.65431285	
351.65567666	
351.65697056	
351.65763218	
351.65780768	
351.65851968	
351.65993097	
351.66084505	
351.66085244	
351.66142918	
351.66235474	
351.66302812	
351.66333151	
351.66319688	
351.66380413	
351.66465790	
351.66545652	
351.66653808	
351.66774102	
351.66841195	
351.66839033	
351.66819191	
351.66819034	
351.66858476	
351.66926869	
351.66961593	
351.67023950	
351.67098236	
351.67148085	
351.67269153	
351.67367883	
351.67413246	
351.67441454	
351.67451396	
351.67436544	
351.67456416	
351.67552500	
351.67597862	
351.67629041	
351.67723079	
351.67807928	
351.67842561	
351.67839092	
351.67854751	
351.67858739	
351.67881445	
351.67942933	
351.68024520	
351.68137969	
351.68219786	
351.68265359	
351.68278883	
351.68318010	
351.68400843	
351.68467542	
351.68547486	
351.68619477	
351.68645281	
351.68631594	
351.68647361	
351.68684481	
351.68761136	
351.68828567	
351.68837111	
351.68860411	
351.68886680	
351.68887256	
351.68861333	
351.68849199	
351.68849013	
351.68912570	
351.68960254	
351.68996739	
351.69118264	
351.69252827	
351.69300299	
351.69321373	
351.69422336	
351.69555764	
351.69626104	
351.69691003	
351.69776601	
351.69875785	
351.69946393	
351.69931932	
351.69941289	
351.69973000	
351.69982290	
351.69975193	
351.70003743	
351.70104182	
351.70155769	
351.70213217	
351.70349077	
351.70451012	
351.70552884	
351.70687748	
351.70795987	
351.70811716	
351.70785794	
351.70768783	
351.70754083	
351.70813586	
351.70873219	
351.70862467	
351.70892618	
351.70974508	
351.71031612	
351.71054904	
351.71140320	
351.71284959	
351.71412903	
351.71539528	
351.71591198	
351.71613963	
351.71643643	
351.71696505	
351.71755880	
351.71804568	
351.71916141	
351.72045622	
351.72096710	
351.72073622	
351.72086780	
351.72160201	
351.72284037	
351.72399243	
351.72498638	
351.72548344	
351.72554187	
351.72611148	
351.72647076	
351.72678179	
351.72749555	
351.72776197	
351.72792707	
351.72816464	
351.72882155	
351.72960794	
351.72965761	
351.72960219	
351.73010068	
351.73063169	
351.73076771	
351.73131167	
351.73253287	
351.73380124	
351.73511093	
351.73626665	
351.73698372	
351.73772539	
351.73839285	
351.73895828	
351.73920565	
351.73965312	
351.74050904	
351.74140872	
351.74216487	
351.74231005	
351.74263807	
351.74335054	
351.74396485	
351.74444943	
351.74494573	
351.74522260	
351.74580262	
351.74642471	
351.74704535	
351.74775209	
351.74847473	
351.74919154	
351.74932353	
351.74988432	
351.75074400	
351.75172444	
351.75299138	
351.75423281	
351.75496496	
351.75541572	
351.75647347	
351.75737420	
351.75832071	
351.75890682	
351.75894209	
351.75954988	
351.76044581	
351.76100482	
351.76141088	
351.76198979	
351.76242933	
351.76326887	
351.76421841	
351.76487367	
351.76547876	
351.76552061	
351.76523034	
351.76528834	
351.76579057	
351.76644713	
351.76667386	
351.76674159	
351.76681838	
351.76683666	
351.76761845	
351.76846133	
351.76862431	
351.76896618	
351.76967759	
351.77047827	
351.77131183	
351.77207613	
351.77246738	
351.77277600	
351.77376676	
351.77515089	
351.77631868	
351.77719892	
351.77741045	
351.77785308	
351.77884589	
351.77950530	
351.78050325	
351.78173360	
351.78239572	
351.78276460	
351.78370839	
351.78494892	
351.78604067	
351.78644604	
351.78624265	
351.78650699	
351.78728691	
351.78766679	
351.78805736	
351.78896651	
351.78966876	
351.79059411	
351.79123342	
351.79116020	
351.79110687	
351.79105141	
351.79165540	
351.79295267	
351.79376240	
351.79409636	
351.79482490	
351.79542507	
351.79538665	
351.79568472	
351.79659677	
351.79696722	
351.79670034	
351.79722843	
351.79767236	
351.79788086	
351.79867867	
351.79898979	
351.79883543	
351.79910680	
351.79983901	
351.80041603	
351.80125141	
351.80244882	
351.80335507	
351.80364931	
351.80333845	
351.80314750	
351.80336912	
351.80378168	
351.80465937	
351.80565690	
351.80581843	
351.80564404	
351.80591374	
351.80604450	
351.80573833	
351.80618610	
351.80737506	
351.80781414	
351.80749872	
351.80761587	
351.80777106	
351.80833420	
351.80944770	
351.81040088	
351.81120484	
351.81164190	
351.81211623	
351.81251886	
351.81301365	
351.81393841	
351.81505817	
351.81625770	
351.81667421	
351.81702860	
351.81787276	
351.81866438	
351.81962399	
351.82035434	
351.82066929	
351.82094270	
351.82153433	
351.82244742	
351.82372405	
351.82477132	
351.82499750	
351.82506076	
351.82587579	
351.82639970	
351.82613409	
351.82629322	
351.82671342	
351.82679946	
351.82685481	
351.82706568	
351.82775639	
351.82895487	
351.82940130	
351.82912738	
351.82954960	
351.83052852	
351.83103401	
351.83126095	
351.83187657	
351.83232637	
351.83263685	
351.83295910	
351.83349212	
351.83389149	
351.83360109	
351.83357138	
351.83428080	
351.83522860	
351.83587021	
351.83668243	
351.83768815	
351.83849820	
351.83955683	
351.84052769	
351.84148197	
351.84235234	
351.84297670	
351.84386177	
351.84486708	
351.84525018	
351.84529488	
351.84566624	
351.84610269	
351.84705768	
351.84785757	
351.84847753	
351.84955433	
351.85043784	
351.85098684	
351.85187984	
351.85299235	
351.85374493	
351.85429378	
351.85504665	
351.85561592	
351.85559334	
351.85583508	
351.85629725	
351.85711993	
351.85848921	
351.85958989	
351.86039708	
351.86098218	
351.86153573	
351.86218254	
351.86292629	
351.86333986	
351.86362701	
351.86425350	
351.86505542	
351.86598484	
351.86662701	
351.86731366	
351.86839210	
351.86945183	
351.86977904	
351.86941572	
351.86926979	
351.86992802	
351.87026476	
351.86982548	
351.86965898	
351.87003616	
351.87020555	
351.87059847	
351.87184485	
351.87310324	
351.87391606	
351.87425931	
351.87456225	
351.87530676	
351.87621056	
351.87653012	
351.87653710	
351.87654590	
351.87678210	
351.87767822	
351.87873452	
351.87985713	
351.88073406	
351.88126180	
351.88217687	
351.88252335	
351.88248752	
351.88330272	
351.88370072	
351.88380623	
351.88461193	
351.88527469	
351.88608754	
351.88700784	
351.88794413	
351.88843008	
351.88807255	
351.88777514	
351.88782192	
351.88805473	
351.88843148	
351.88911465	
351.88988903	
351.89073733	
351.89113285	
351.89138987	
351.89167543	
351.89232524	
351.89360529	
351.89447918	
351.89470098	
351.89474848	
351.89538702	
351.89625839	
351.89662378	
351.89695465	
351.89720381	
351.89726772	
351.89800411	
351.89839859	
351.89855746	
351.89911323	
351.89957101	
351.89966410	
351.89977547	
351.90021708	
351.90012642	
351.89987360	
351.89985889	
351.89994661	
351.90018711	
351.90083162	
351.90132612	
351.90178776	
351.90281255	
351.90366868	
351.90429572	
351.90505620	
351.90572524	
351.90651879	
351.90725394	
351.90790845	
351.90825262	
351.90861312	
351.90965310	
351.91063914	
351.91136981	
351.91158940	
351.91127476	
351.91090745	
351.91092834	
351.91145792	
351.91167600	
351.91198545	
351.91263445	
351.91270681	
351.91275915	
351.91313267	
351.91377791	
351.91442213	
351.91488109	
351.91518984	
351.91525026	
351.91571144	
351.91672278	
351.91767319	
351.91794224	
351.91758505	
351.91744931	
351.91793000	
351.91868419	
351.91927445	
351.91944066	
351.91979330	
351.92064431	
351.92108307	
351.92099985	
351.92157693	
351.92211645	
351.92267508	
351.92367904	
351.92389975	
351.92398623	
351.92457368	
351.92494491	
351.92478221	
351.92507050	
351.92607862	
351.92704123	
351.92765196	
351.92790229	
351.92785980	
351.92846766	
351.92923265	
351.92943183	
351.93004834	
351.93037462	
351.93067128	
351.93118115	
351.93167981	
351.93242675	
351.93264436	
351.93326114	
351.93427646	
351.93462448	
351.93529409	
351.93578684	
351.93580957	
351.93641931	
351.93678646	
351.93651702	
351.93648887	
351.93666461	
351.93648705	
351.93627779	
351.93639418	
351.93674989	
351.93702015	
351.93764021	
351.93825528	
351.93849352	
351.93924535	
351.94028612	
351.94067907	
351.94059320	
351.94118986	
351.94199914	
351.94230626	
351.94291440	
351.94404826	
351.94533985	
351.94648457	
351.94755107	
351.94802495	
351.94782087	
351.94817394	
351.94921536	
351.95026952	
351.95062801	
351.95062138	
351.95127866	
351.95206412	
351.95264659	
351.95278676	
351.95260448	
351.95256776	
351.95289138	
351.95364778	
351.95445044	
351.95497086	
351.95540253	
351.95601806	
351.95697463	
351.95802130	
351.95897792	
351.95997860	
351.96064810	
351.96120315	
351.96174452	
351.96256411	
351.96365154	
351.96465568	
351.96531639	
351.96575472	
351.96622285	
351.96671543	
351.96687831	
351.96681547	
351.96684324	
351.96653784	
351.96657616	
351.96702761	
351.96743642	
351.96748001	
351.96752534	
351.96757725	
351.96719355	
351.96715109	
351.96757668	
351.96807917	
351.96845493	
351.96862151	
351.96851645	
351.96856246	
351.96896099	
351.96946112	
351.96974540	
351.96980933	
351.97013882	
351.97028744	
351.97068215	
351.97144274	
351.97143468	
351.97147284	
351.97239949	
351.97365762	
351.97411953	
351.97430363	
351.97448974	
351.97482304	
351.97560754	
351.97584052	
351.97634413	
351.97706814	
351.97722683	
351.97711570	
351.97739458	
351.97818496	
351.97833988	
351.97811678	
351.97832911	
351.97872876	
351.97927655	
351.97967502	
351.98022751	
351.98121636	
351.98178128	
351.98246118	
351.98313606	
351.98299934	
351.98310509	
351.98359065	
351.98440363	
351.98521846	
351.98547815	
351.98544056	
351.98544960	
351.98539037	
351.98500040	
351.98510356	
351.98575735	
351.98611353	
351.98612518	
351.98638086	
351.98664483	
351.98695560	
351.98708995	
351.98693724	
351.98696298	
351.98674695	
351.98678661	
351.98683638	
351.98705297	
351.98776595	
351.98858092	
351.98972922	
351.99026483	
351.99022713	
351.99075576	
351.99170123	
351.99207666	
351.99207170	
351.99227422	
351.99274443	
351.99349982	
351.99440132	
351.99535266	
351.99565641	
351.99574908	
351.99642571	
351.99668061	
351.99719372	
351.99805972	
351.99802615	
351.99812916	
351.99901457	
352.00013880	
352.00094681	
352.00145110	
352.00155520	
352.00191837	
352.00230392	
352.00203233	
352.00217589	
352.00260473	
352.00257332	
352.00222705	
352.00235912	
352.00266780	
352.00303263	
352.00328717	
352.00363820	
352.00455684	
352.00478438	
352.00458355	
352.00519937	
352.00574902	
352.00590210	
352.00600419	
352.00628637	
352.00718732	
352.00831377	
352.00915953	
352.00957899	
352.01012031	
352.01038140	
352.01090002	
352.01193080	
352.01245244	
352.01261728	
352.01304225	
352.01359344	
352.01351415	
352.01390345	
352.01449019	
352.01458354	
352.01489358	
352.01560522	
352.01588083	
352.01544000	
352.01524031	
352.01527266	
352.01588394	
352.01641355	
352.01684363	
352.01735813	
352.01729412	
352.01747763	
352.01842562	
352.01918520	
352.01966393	
352.02039885	
352.02106061	
352.02115001	
352.02092284	
352.02136720	
352.02214189	
352.02274285	
352.02340175	
352.02366064	
352.02380314	
352.02414106	
352.02408735	
352.02390630	
352.02452170	
352.02515765	
352.02524060	
352.02582798	
352.02652003	
352.02739297	
352.02843368	
352.02881441	
352.02912894	
352.02993767	
352.03042645	
352.03036614	
352.03069188	
352.03167824	
352.03231130	
352.03235942	
352.03260507	
352.03290594	
352.03290681	
352.03319448	
352.03409288	
352.03446951	
352.03462390	
352.03553250	
352.03669554	
352.03722063	
352.03708368	
352.03683517	
352.03701001	
352.03759942	
352.03761528	
352.03768354	
352.03863430	
352.03982195	
352.04023506	
352.04033208	
352.04028370	
352.03980382	
352.04005234	
352.04042771	
352.04017288	
352.04010527	
352.04074241	
352.04131713	
352.04184499	
352.04284368	
352.04374023	
352.04452938	
352.04552056	
352.04588904	
352.04624736	
352.04734248	
352.04801935	
352.04820796	
352.04846898	
352.04934745	
352.05011494	
352.05082777	
352.05207093	
352.05246263	
352.05273153	
352.05309368	
352.05270108	
352.05299126	
352.05380173	
352.05417571	
352.05406273	
352.05373551	
352.05349707	
352.05323048	
352.05320009	
352.05309388	
352.05332652	
352.05388850	
352.05371256	
352.05400474	
352.05442012	
352.05450240	
352.05512831	
352.05589523	
352.05629830	
352.05615819	
352.05646701	
352.05669382	
352.05618008	
352.05600466	
352.05622632	
352.05630709	
352.05633457	
352.05644368	
352.05663687	
352.05653356	
352.05607733	
352.05632112	
352.05683558	
352.05697530	
352.05747774	
352.05801717	
352.05860521	
352.05963001	
352.05992940	
352.05991595	
352.06021968	
352.06016999	
352.06068082	
352.06193509	
352.06253137	
352.06301878	
352.06376777	
352.06459237	
352.06521358	
352.06517364	
352.06512418	
352.06489085	
352.06439715	
352.06459360	
352.06565391	
352.06636798	
352.06646599	
352.06631667	
352.06610992	
352.06585512	
352.06555337	
352.06601234	
352.06640704	
352.06643393	
352.06705803	
352.06793128	
352.06866941	
352.06903149	
352.06972706	
352.07049133	
352.07072848	
352.07061015	
352.07093411	
352.07122768	
352.07095221	
352.07073217	
352.07041974	
352.07075613	
352.07154531	
352.07178942	
352.07149666	
352.07146042	
352.07202436	
352.07232683	
352.07274478	
352.07308955	
352.07306619	
352.07370741	
352.07456386	
352.07483721	
352.07522080	
352.07606001	
352.07683576	
352.07698560	
352.07688652	
352.07754068	
352.07818908	
352.07877518	
352.07952051	
352.08014855	
352.08040516	
352.08040752	
352.08099760	
352.08212119	
352.08308677	
352.08346590	
352.08378213	
352.08457862	
352.08505432	
352.08568297	
352.08685294	
352.08717596	
352.08669135	
352.08684258	
352.08755620	
352.08845394	
352.08911236	
352.08978080	
352.09058538	
352.09101987	
352.09154158	
352.09171084	
352.09136723	
352.09136250	
352.09191207	
352.09248213	
352.09282714	
352.09319637	
352.09347398	
352.09341698	
352.09358236	
352.09396457	
352.09417561	
352.09467886	
352.09555041	
352.09635445	
352.09658332	
352.09690300	
352.09726120	
352.09778486	
352.09832313	
352.09827058	
352.09835120	
352.09871163	
352.09938284	
352.09994887	
352.10020672	
352.10042258	
352.10108926	
352.10196421	
352.10284645	
352.10396211	
352.10486439	
352.10485081	
352.10458046	
352.10433156	
352.10425122	
352.10440355	
352.10500720	
352.10548223	
352.10558737	
352.10585943	
352.10588042	
352.10569130	
352.10521885	
352.10512518	
352.10518830	
352.10521988	
352.10510932	
352.10504106	
352.10530101	
352.10545174	
352.10571712	
352.10612216	
352.10607803	
352.10590745	
352.10581177	
352.10580284	
352.10623123	
352.10619972	
352.10605846	
352.10642599	
352.10726033	
352.10826737	
352.10913680	
352.10996456	
352.11022824	
352.11017678	
352.11085921	
352.11171782	
352.11168686	
352.11126457	
352.11096939	
352.11069726	
352.11053569	
352.11077344	
352.11076084	
352.11109892	
352.11153308	
352.11162179	
352.11232173	
352.11296462	
352.11285125	
352.11293466	
352.11387430	
352.11481061	
352.11558350	
352.11587840	
352.11550452	
352.11528066	
352.11527590	
352.11540109	
352.11585883	
352.11601704	
352.11579873	
352.11631712	
352.11745825	
352.11807319	
352.11844584	
352.11904765	
352.11978439	
352.12030028	
352.12036423	
352.12065282	
352.12115180	
352.12114008	
352.12069366	
352.12097764	
352.12140890	
352.12119761	
352.12107822	
352.12159842	
352.12207752	
352.12182864	
352.12135298	
352.12130408	
352.12125980	
352.12144075	
352.12245760	
352.12309127	
352.12337063	
352.12339217	
352.12346259	
352.12430421	
352.12510757	
352.12511824	
352.12526390	
352.12551027	
352.12597829	
352.12678748	
352.12734123	
352.12829421	
352.12909497	
352.12958212	
352.12964273	
352.12930035	
352.12932759	
352.12985362	
352.13034273	
352.13101772	
352.13162375	
352.13141138	
352.13100763	
352.13110489	
352.13192585	
352.13288686	
352.13372232	
352.13424200	
352.13463457	
352.13494013	
352.13548361	
352.13633666	
352.13666132	
352.13718343	
352.13744716	
352.13702240	
352.13715156	
352.13749429	
352.13746851	
352.13747588	
352.13788724	
352.13854100	
352.13930427	
352.13972582	
352.14029869	
352.14117549	
352.14168217	
352.14234000	
352.14289236	
352.14339991	
352.14394935	
352.14434471	
352.14453913	
352.14418459	
352.14441764	
352.14505801	
352.14544052	
352.14545528	
352.14561239	
352.14643533	
352.14692127	
352.14723293	
352.14782640	
352.14801653	
352.14810261	
352.14888328	
352.14949460	
352.15016759	
352.15065273	
352.15097033	
352.15158014	
352.15233617	
352.15289443	
352.15294648	
352.15336671	
352.15389006	
352.15453998	
352.15507267	
352.15552706	
352.15622510	
352.15667637	
352.15739769	
352.15833369	
352.15886184	
352.15959896	
352.15988955	
352.15987977	
352.16020146	
352.16083923	
352.16181502	
352.16276163	
352.16378847	
352.16410973	
352.16396234	
352.16390933	
352.16388037	
352.16370157	
352.16369592	
352.16430019	
352.16529503	
352.16628143	
352.16699489	
352.16793442	
352.16868777	
352.16912448	
352.16964855	
352.16996862	
352.17004899	
352.16970333	
352.16962354	
352.16995686	
352.17019630	
352.17015123	
352.16989047	
352.17028576	
352.17070651	
352.17059210	
352.17103199	
352.17139459	
352.17176239	
352.17284891	
352.17375609	
352.17413872	
352.17466640	
352.17555679	
352.17576279	
352.17548850	
352.17528111	
352.17501598	
352.17495668	
352.17511509	
352.17557356	
352.17626584	
352.17636412	
352.17663859	
352.17699870	
352.17747513	
352.17789666	
352.17766400	
352.17767925	
352.17766313	
352.17782904	
352.17786615	
352.17779175	
352.17798651	
352.17861064	
352.17957627	
352.18013262	
352.18014993	
352.18057156	
352.18095753	
352.18122320	
352.18143111	
352.18183158	
352.18267773	
352.18348707	
352.18468928	
352.18511714	
352.18466631	
352.18409246	
352.18405942	
352.18423729	
352.18384178	
352.18395635	
352.18446904	
352.18503436	
352.18528672	
352.18539454	
352.18547558	
352.18517934	
352.18557082	
352.18603308	
352.18616946	
352.18634373	
352.18621524	
352.18583041	
352.18615100	
352.18653962	
352.18685345	
352.18749304	
352.18807012	
352.18833646	
352.18881067	
352.18945104	
352.18970295	
352.19040679	
352.19075422	
352.19045968	
352.19066762	
352.19090257	
352.19131782	
352.19205641	
352.19265381	
352.19357610	
352.19422551	
352.19446024	
352.19479964	
352.19487786	
352.19493707	
352.19564801	
352.19616051	
352.19610868	
352.19652070	
352.19730153	
352.19776988	
352.19823799	
352.19880090	
352.19910629	
352.19948730	
352.20002171	
352.20037587	
352.20092673	
352.20187275	
352.20253172	
352.20303013	
352.20340752	
352.20394039	
352.20478996	
352.20497779	
352.20499256	
352.20561710	
352.20657034	
352.20743114	
352.20841387	
352.20909897	
352.20927191	
352.20990119	
352.21021385	
352.21021877	
352.21035100	
352.21060716	
352.21079578	
352.21089546	
352.21141418	
352.21179873	
352.21230948	
352.21262919	
352.21294386	
352.21332976	
352.21363323	
352.21400234	
352.21435559	
352.21490832	
352.21526513	
352.21571709	
352.21579384	
352.21559259	
352.21605757	
352.21636988	
352.21690521	
352.21804197	
352.21893428	
352.21926433	
352.21905475	
352.21890960	
352.21938616	
352.21958438	
352.21905518	
352.21923603	
352.22022280	
352.22046921	
352.22048393	
352.22135739	
352.22193527	
352.22192538	
352.22240991	
352.22274066	
352.22307452	
352.22396454	
352.22456514	
352.22451680	
352.22452950	
352.22474810	
352.22454383	
352.22438083	
352.22468489	
352.22496337	
352.22549084	
352.22649555	
352.22760482	
352.22830819	
352.22842075	
352.22896827	
352.22968026	
352.22969290	
352.23004662	
352.23065475	
352.23132028	
352.23227017	
352.23231673	
352.23170835	
352.23190018	
352.23267471	
352.23329497	
352.23373067	
352.23398703	
352.23429425	
352.23481867	
352.23550259	
352.23564904	
352.23608825	
352.23703843	
352.23732396	
352.23733487	
352.23713305	
352.23659863	
352.23606182	
352.23591642	
352.23650176	
352.23734273	
352.23780035	
352.23762271	
352.23750970	
352.23810240	
352.23908383	
352.23998245	
352.24028037	
352.24048356	
352.24053151	
352.24083729	
352.24170559	
352.24262900	
352.24331990	
352.24319896	
352.24348620	
352.24412063	
352.24392854	
352.24362995	
352.24379089	
352.24385577	
352.24424231	
352.24523039	
352.24623349	
352.24692534	
352.24688793	
352.24699061	
352.24782759	
352.24845676	
352.24860956	
352.24917884	
352.24969709	
352.25020657	
352.25087301	
352.25091447	
352.25072634	
352.25053725	
352.25020799	
352.25039184	
352.25118706	
352.25161848	
352.25192651	
352.25217153	
352.25190446	
352.25176750	
352.25198751	
352.25225068	
352.25254586	
352.25290296	
352.25317459	
352.25369961	
352.25421315	
352.25435747	
352.25506770	
352.25530929	
352.25507505	
352.25488599	
352.25477616	
352.25504519	
352.25525854	
352.25568115	
352.25585601	
352.25621682	
352.25729908	
352.25794323	
352.25771711	
352.25735988	
352.25781915	
352.25887599	
352.25985100	
352.26020449	
352.26030153	
352.26021930	
352.26033238	
352.26088947	
352.26102994	
352.26110606	
352.26139076	
352.26216873	
352.26250029	
352.26228769	
352.26294112	
352.26362957	
352.26398355	
352.26453060	
352.26500693	
352.26526864	
352.26582496	
352.26668968	
352.26712390	
352.26779209	
352.26828073	
352.26874601	
352.26982847	
352.27001332	
352.26939532	
352.26952868	
352.26969285	
352.26923775	
352.26906193	
352.26966967	
352.27071780	
352.27121562	
352.27178072	
352.27285022	
352.27336719	
352.27389891	
352.27469085	
352.27533111	
352.27606652	
352.27614537	
352.27601514	
352.27655551	
352.27675338	
352.27699981	
352.27752423	
352.27732186	
352.27720200	
352.27790890	
352.27834832	
352.27871590	
352.27918517	
352.27891348	
352.27925405	
352.28038207	
352.28140838	
352.28163819	
352.28177162	
352.28221742	
352.28207601	
352.28197264	
352.28261071	
352.28280393	
352.28214289	
352.28203110	
352.28270369	
352.28295651	
352.28308293	
352.28368644	
352.28402199	
352.28436279	
352.28429641	
352.28417796	
352.28442292	
352.28453006	
352.28502145	
352.28541890	
352.28531687	
352.28527535	
352.28577412	
352.28623630	
352.28649131	
352.28677439	
352.28702098	
352.28690775	
352.28624972	
352.28585667	
352.28634659	
352.28720761	
352.28753732	
352.28741713	
352.28759006	
352.28765991	
352.28748874	
352.28777916	
352.28828728	
352.28913810	
352.28988701	
352.29012467	
352.29000373	
352.29042846	
352.29161462	
352.29214570	
352.29262882	
352.29374340	
352.29455205	
352.29501186	
352.29566848	
352.29626411	
352.29641690	
352.29632783	
352.29681809	
352.29731935	
352.29713801	
352.29749198	
352.29792306	
352.29784791	
352.29772284	
352.29817698	
352.29854378	
352.29828554	
352.29805481	
352.29831037	
352.29922628	
352.29978986	
352.29978900	
352.29989534	
352.29994221	
352.30008002	
352.30018080	
352.29984048	
352.30001146	
352.30079368	
352.30170148	
352.30205063	
352.30171215	
352.30181344	
352.30267121	
352.30307493	
352.30331702	
352.30379839	
352.30383943	
352.30399953	
352.30435338	
352.30442161	
352.30427208	
352.30430210	
352.30450005	
352.30426813	
352.30374857	
352.30401983	
352.30504488	
352.30551836	
352.30563438	
352.30586506	
352.30627626	
352.30642924	
352.30630354	
352.30678191	
352.30736394	
352.30780039	
352.30769768	
352.30743176	
352.30733892	
352.30711435	
352.30699878	
352.30755342	
352.30846899	
352.30851816	
352.30814593	
352.30850456	
352.30867493	
352.30854637	
352.30871336	
352.30866376	
352.30871071	
352.30920950	
352.30925849	
352.30867432	
352.30876919	
352.30924370	
352.30966603	
352.30980681	
352.31017592	
352.31125924	
352.31231253	
352.31334414	
352.31361201	
352.31331216	
352.31333831	
352.31335821	
352.31372114	
352.31449793	
352.31478352	
352.31519881	
352.31552190	
352.31503081	
352.31442177	
352.31410753	
352.31455221	
352.31506504	
352.31518901	
352.31563160	
352.31645475	
352.31713007	
352.31724457	
352.31738403	
352.31732635	
352.31680067	
352.31685182	
352.31708192	
352.31721044	
352.31761728	
352.31773320	
352.31762321	
352.31817803	
352.31891357	
352.31920234	
352.31895789	
352.31860171	
352.31885216	
352.31886476	
352.31878659	
352.31876240	
352.31913258	
352.31952951	
352.31993258	
352.32109354	
352.32144870	
352.32113814	
352.32095484	
352.32061272	
352.32088192	
352.32138687	
352.32186453	
352.32295392	
352.32410995	
352.32448105	
352.32481477	
352.32565274	
352.32625986	
352.32665450	
352.32671908	
352.32649048	
352.32651763	
352.32722579	
352.32818937	
352.32851671	
352.32825048	
352.32851045	
352.32937109	
352.33035543	
352.33050566	
352.32983304	
352.32994695	
352.33036907	
352.33088771	
352.33114305	
352.33115055	
352.33181085	
352.33275637	
352.33373362	
352.33453604	
352.33491572	
352.33510194	
352.33588165	
352.33682027	
352.33709124	
352.33684111	
352.33724174	
352.33803381	
352.33814816	
352.33817222	
352.33877125	
352.33977070	
352.34059838	
352.34057200	
352.34006682	
352.33978470	
352.33959434	
352.34007131	
352.34054262	
352.34043106	
352.34088718	
352.34169386	
352.34197780	
352.34220989	
352.34246498	
352.34230285	
352.34213602	
352.34234129	
352.34270160	
352.34279888	
352.34332442	
352.34361580	
352.34369035	
352.34405508	
352.34400636	
352.34410401	
352.34412067	
352.34399284	
352.34456677	
352.34509233	
352.34546056	
352.34620187	
352.34632928	
352.34636055	
352.34709925	
352.34721380	
352.34667938	
352.34655543	
352.34705847	
352.34781558	
352.34818666	
352.34793226	
352.34736485	
352.34733846	
352.34768588	
352.34825832	
352.34862184	
352.34861799	
352.34861717	
352.34837417	
352.34867742	
352.34931479	
352.34964623	
352.35006246	
352.35051191	
352.35063075	
352.35045784	
352.35020609	
352.34971624	
352.34907854	
352.34931540	
352.35042700	
352.35120375	
352.35140658	
352.35170110	
352.35225672	
352.35248629	
352.35297455	
352.35364271	
352.35370899	
352.35420120	
352.35465832	
352.35495879	
352.35512033	
352.35482274	
352.35519102	
352.35593789	
352.35610376	
352.35623604	
352.35619754	
352.35583913	
352.35583119	
352.35581814	
352.35563966	
352.35605394	
352.35714736	
352.35790444	
352.35780490	
352.35804469	
352.35847287	
352.35874362	
352.35881348	
352.35844518	
352.35844147	
352.35842007	
352.35828268	
352.35872106	
352.35960144	
352.36004751	
352.36040421	
352.36062400	
352.36116019	
352.36231623	
352.36291414	
352.36345526	
352.36402212	
352.36462321	
352.36568233	
352.36642236	
352.36704382	
352.36737000	
352.36721199	
352.36767565	
352.36865952	
352.36894661	
352.36882002	
352.36859425	
352.36861813	
352.36928687	
352.36962731	
352.36963120	
352.37009190	
352.37049941	
352.37069591	
352.37059869	
352.37067452	
352.37153747	
352.37193336	
352.37177021	
352.37174169	
352.37182151	
352.37194111	
352.37190669	
352.37218078	
352.37264126	
352.37310624	
352.37346454	
352.37355892	
352.37352851	
352.37386737	
352.37435252	
352.37473103	
352.37494857	
352.37487808	
352.37516092	
352.37575878	
352.37634941	
352.37668114	
352.37691492	
352.37727748	
352.37755755	
352.37789686	
352.37864978	
352.37939707	
352.37976412	
352.37980496	
352.38002577	
352.38014497	
352.38018425	
352.37997653	
352.37960839	
352.37994201	
352.38010430	
352.38046531	
352.38120336	
352.38109287	
352.38076024	
352.38124387	
352.38211859	
352.38257020	
352.38246815	
352.38201847	
352.38209534	
352.38254159	
352.38299198	
352.38368208	
352.38436356	
352.38458639	
352.38432302	
352.38427134	
352.38494579	
352.38607389	
352.38713214	
352.38801874	
352.38824232	
352.38821252	
352.38826596	
352.38834337	
352.38899394	
352.38950125	
352.38977783	
352.38982099	
352.38975894	
352.39009159	
352.39031326	
352.39023617	
352.39066777	
352.39131396	
352.39176708	
352.39206348	
352.39233970	
352.39251101	
352.39253222	
352.39274797	
352.39325546	
352.39383192	
352.39400448	
352.39390195	
352.39421345	
352.39516547	
352.39598247	
352.39651108	
352.39642883	
352.39651106	
352.39661333	
352.39689494	
352.39777967	
352.39812424	
352.39791419	
352.39791705	
352.39815692	
352.39852192	
352.39849823	
352.39799109	
352.39784886	
352.39780516	
352.39801526	
352.39871963	
352.39943390	
352.40007128	
352.40019964	
352.39993041	
352.40045461	
352.40081759	
352.40025538	
352.40046444	
352.40126279	
352.40148954	
352.40140312	
352.40170017	
352.40233979	
352.40304720	
352.40368919	
352.40392209	
352.40448503	
352.40492318	
352.40464356	
352.40451928	
352.40487527	
352.40483222	
352.40419637	
352.40389278	
352.40378749	
352.40422269	
352.40505570	
352.40555095	
352.40589786	
352.40574525	
352.40528278	
352.40527578	
352.40559653	
352.40612679	
352.40637879	
352.40612702	
352.40581358	
352.40573381	
352.40627119	
352.40672546	
352.40663292	
352.40710011	
352.40771775	
352.40773936	
352.40793726	
352.40792086	
352.40818974	
352.40845922	
352.40785756	
352.40721933	
352.40698673	
352.40723057	
352.40725985	
352.40672708	
352.40666574	
352.40683817	
352.40633942	
352.40654141	
352.40766991	
352.40846616	
352.40885478	
352.40920773	
352.40915949	
352.40920569	
352.41000417	
352.41069567	
352.41062383	
352.41019877	
352.40980119	
352.41011023	
352.41049105	
352.41063127	
352.41119567	
352.41134836	
352.41116639	
352.41142459	
352.41175634	
352.41168909	
352.41190438	
352.41201452	
352.41186986	
352.41228905	
352.41279950	
352.41301805	
352.41329126	
352.41347964	
352.41369646	
352.41440173	
352.41519902	
352.41595985	
352.41647557	
352.41670597	
352.41656279	
352.41616119	
352.41594410	
352.41636785	
352.41712708	
352.41735615	
352.41794979	
352.41847892	
352.41861145	
352.41843264	
352.41775250	
352.41734290	
352.41703343	
352.41678741	
352.41704119	
352.41749600	
352.41790502	
352.41835355	
352.41881259	
352.41917572	
352.41969206	
352.41986771	
352.41963538	
352.41941077	
352.41889750	
352.41820758	
352.41753673	
352.41733614	
352.41706007	
352.41710673	
352.41810131	
352.41883991	
352.41933129	
352.41953858	
352.41924119	
352.41915480	
352.41887391	
352.41874705	
352.41902659	
352.41931230	
352.41944158	
352.41973044	
352.41977836	
352.41909270	
352.41899183	
352.41939553	
352.41969394	
352.41993837	
352.42063905	
352.42176938	
352.42221388	
352.42212021	
352.42203033	
352.42172136	
352.42133158	
352.42136036	
352.42120073	
352.42066819	
352.42036262	
352.42032666	
352.42014256	
352.41965709	
352.41984077	
352.42044167	
352.42057527	
352.42028502	
352.42012497	
352.42047722	
352.42047901	
352.42052695	
352.42082892	
352.42039240	
352.41972549	
352.41913022	
352.41905428	
352.41905007	
352.41895809	
352.41901725	
352.41871729	
352.41815428	
352.41765417	
352.41797312	
352.41896451	
352.41963265	
352.41996515	
352.42064349	
352.42125100	
352.42160389	
352.42217226	
352.42229369	
352.42261299	
352.42362907	
352.42434912	
352.42467372	
352.42462880	
352.42482283	
352.42521912	
352.42534269	
352.42512497	
352.42504777	
352.42508782	
352.42500985	
352.42549249	
352.42571347	
352.42601247	
352.42632039	
352.42591700	
352.42553845	
352.42582612	
352.42603109	
352.42560897	
352.42554001	
352.42536091	
352.42523789	
352.42569257	
352.42565135	
352.42583306	
352.42654869	
352.42646300	
352.42580502	
352.42569108	
352.42612373	
352.42675230	
352.42683075	
352.42693940	
352.42740571	
352.42713561	
352.42721402	
352.42813539	
352.42843517	
352.42797780	
352.42784472	
352.42797145	
352.42825519	
352.42836284	
352.42787454	
352.42765720	
352.42775884	
352.42790321	
352.42810230	
352.42774527	
352.42786730	
352.42839141	
352.42837766	
352.42822143	
352.42864742	
352.42914476	
352.42921555	
352.42893921	
352.42890500	
352.42976466	
352.43032947	
352.43011318	
352.43033606	
352.43080451	
352.43100554	
352.43138666	
352.43188608	
352.43218762	
352.43221912	
352.43254779	
352.43324883	
352.43375424	
352.43439687	
352.43488647	
352.43458822	
352.43442370	
352.43503292	
352.43525017	
352.43465967	
352.43483991	
352.43491471	
352.43429703	
352.43403558	
352.43374414	
352.43369184	
352.43424299	
352.43460458	
352.43492271	
352.43551689	
352.43563077	
352.43582984	
352.43630929	
352.43641223	
352.43668651	
352.43665723	
352.43675939	
352.43754044	
352.43758707	
352.43731585	
352.43732780	
352.43734160	
352.43739593	
352.43793126	
352.43857789	
352.43859720	
352.43894199	
352.43922415	
352.43901472	
352.43918341	
352.43933758	
352.43886094	
352.43856400	
352.43826220	
352.43816681	
352.43877405	
352.43924689	
352.43959126	
352.43958871	
352.43928982	
352.43882954	
352.43821766	
352.43779877	
352.43781980	
352.43788718	
352.43785676	
352.43821378	
352.43903110	
352.43924694	
352.43873089	
352.43820515	
352.43824131	
352.43873826	
352.43890434	
352.43942203	
352.44004968	
352.44032615	
352.44010129	
352.43990457	
352.43990281	
352.43946025	
352.43927175	
352.43926822	
352.43878463	
352.43886963	
352.43952176	
352.44010866	
352.44025596	
352.44012877	
352.44009980	
352.44010948	
352.44018742	
352.44030564	
352.44054064	
352.44066047	
352.44126460	
352.44163543	
352.44111261	
352.44103524	
352.44176046	
352.44271230	
352.44356484	
352.44444469	
352.44552454	
352.44645517	
352.44725693	
352.44741315	
352.44699582	
352.44711507	
352.44706281	
352.44693235	
352.44728185	
352.44737255	
352.44774648	
352.44782716	
352.44789813	
352.44813504	
352.44803985	
352.44782468	
352.44808770	
352.44921046	
352.44987616	
352.45030559	
352.45024979	
352.44988300	
352.45027135	
352.45106093	
352.45196639	
352.45260744	
352.45264119	
352.45240053	
352.45263039	
352.45262746	
352.45266076	
352.45333920	
352.45365002	
352.45360660	
352.45315615	
352.45242851	
352.45197339	
352.45234119	
352.45310274	
352.45364056	
352.45426946	
352.45512704	
352.45609330	
352.45678714	
352.45741015	
352.45786743	
352.45822717	
352.45881647	
352.45946580	
352.45966752	
352.45933567	
352.45942880	
352.45976696	
352.45969162	
352.45985453	
352.46045232	
352.46100066	
352.46155638	
352.46191787	
352.46252212	
352.46305566	
352.46330882	
352.46332687	
352.46334135	
352.46396675	
352.46443082	
352.46438829	
352.46440356	
352.46483845	
352.46550626	
352.46620363	
352.46698154	
352.46776265	
352.46854236	
352.46941404	
352.46955550	
352.46890160	
352.46844489	
352.46875279	
352.46903687	
352.46878206	
352.46899397	
352.46913468	
352.46882190	
352.46889949	
352.46927344	
352.46932289	
352.46972620	
352.47049324	
352.47069912	
352.47101297	
352.47126842	
352.47093024	
352.47118001	
352.47132705	
352.47130050	
352.47209171	
352.47306803	
352.47403840	
352.47468988	
352.47465828	
352.47479524	
352.47513662	
352.47560343	
352.47606410	
352.47622864	
352.47674768	
352.47725486	
352.47712059	
352.47670758	
352.47684416	
352.47676811	
352.47628760	
352.47617136	
352.47680817	
352.47760569	
352.47816051	
352.47894162	
352.47965939	
352.47970659	
352.47933075	
352.47943385	
352.47935908	
352.47868442	
352.47881318	
352.47966147	
352.48055550	
352.48117480	
352.48140564	
352.48183745	
352.48258841	
352.48292985	
352.48327531	
352.48349573	
352.48298989	
352.48240445	
352.48237774	
352.48306622	
352.48357470	
352.48355125	
352.48330810	
352.48353166	
352.48394222	
352.48444391	
352.48512602	
352.48540638	
352.48529321	
352.48545273	
352.48544281	
352.48489425	
352.48504099	
352.48531255	
352.48498614	
352.48520720	
352.48557537	
352.48585721	
352.48617561	
352.48663353	
352.48763359	
352.48863587	
352.48958011	
352.48968584	
352.48924428	
352.48934590	
352.48993974	
352.49080826	
352.49181874	
352.49206325	
352.49138784	
352.49104629	
352.49075245	
352.49030259	
352.49042869	
352.49097737	
352.49093595	
352.49101393	
352.49178674	
352.49180111	
352.49147899	
352.49167607	
352.49181072	
352.49170594	
352.49202658	
352.49282145	
352.49311323	
352.49310398	
352.49322219	
352.49300748	
352.49323858	
352.49401759	
352.49435872	
352.49446883	
352.49431075	
352.49408793	
352.49383506	
352.49376563	
352.49416552	
352.49470085	
352.49496584	
352.49474506	
352.49488835	
352.49544036	
352.49547413	
352.49564465	
352.49646992	
352.49654937	
352.49625562	
352.49674059	
352.49760234	
352.49763237	
352.49769027	
352.49808931	
352.49861366	
352.49890996	
352.49848561	
352.49880825	
352.49936906	
352.49959366	
352.50030109	
352.50048539	
352.50005330	
352.50015410	
352.50008640	
352.49983108	
352.50006883	
352.50066709	
352.50068394	
352.50044894	
352.50055509	
352.50056151	
352.50102996	
352.50154904	
352.50146727	
352.50106406	
352.50082161	
352.50066650	
352.50015683	
352.49986585	
352.49966592	
352.49933006	
352.49913596	
352.49891375	
352.49921370	
352.49941143	
352.49885302	
352.49907216	
352.49933343	
352.49875048	
352.49897203	
352.49921111	
352.49922933	
352.49916952	
352.49881997	
352.49882787	
352.49884058	
352.49857599	
352.49798075	
352.49733978	
352.49755303	
352.49800047	
352.49776406	
352.49730063	
352.49657473	
352.49670259	
352.49734277	
352.49749631	
352.49769983	
352.49805664	
352.49822175	
352.49801477	
352.49762460	
352.49791111	
352.49886126	
352.49894291	
352.49879592	
352.49871549	
352.49836880	
352.49800948	
352.49812158	
352.49861287	
352.49828080	
352.49804487	
352.49798177	
352.49830109	
352.49883556	
352.49845832	
352.49849457	
352.49929727	
352.49935194	
352.49931307	
352.49966099	
352.49953524	
352.49960461	
352.50034925	
352.50059608	
352.50061963	
352.50077204	
352.50101251	
352.50100382	
352.50059164	
352.50047285	
352.50061470	
352.50120843	
352.50137670	
352.50105158	
352.50132020	
352.50158079	
352.50141072	
352.50120646	
352.50112179	
352.50103690	
352.50118890	
352.50114281	
352.50104999	
352.50166486	
352.50227942	
352.50234315	
352.50179106	
352.50143033	
352.50120988	
352.50102687	
352.50105649	
352.50072117	
352.50044402	
352.50091671	
352.50180674	
352.50224665	
352.50191073	
352.50175579	
352.50197975	
352.50182780	
352.50198706	
352.50215542	
352.50218997	
352.50275679	
352.50270448	
352.50239148	
352.50247971	
352.50285632	
352.50299549	
352.50312141	
352.50306924	
352.50275393	
352.50249345	
352.50241577	
352.50269998	
352.50317306	
352.50323805	
352.50285719	
352.50326620	
352.50382298	
352.50396797	
352.50381977	
352.50334129	
352.50284037	
352.50253195	
352.50265217	
352.50317288	
352.50312688	
352.50252569	
352.50237041	
352.50229623	
352.50201348	
352.50185307	
352.50219210	
352.50231692	
352.50175310	
352.50195273	
352.50251335	
352.50222098	
352.50145379	
352.50149232	
352.50209271	
352.50211101	
352.50172388	
352.50129875	
352.50132938	
352.50129970	
352.50132500	
352.50204456	
352.50232252	
352.50233881	
352.50225194	
352.50182476	
352.50188996	
352.50262118	
352.50303182	
352.50341084	
352.50414513	
352.50474951	
352.50477701	
352.50429434	
352.50427333	
352.50481787	
352.50549675	
352.50566321	
352.50602415	
352.50654870	
352.50670701	
352.50718408	
352.50779303	
352.50846009	
352.50928439	
352.50985246	
352.50976403	
352.50962552	
352.50969034	
352.50960302	
352.51003345	
352.51040165	
352.51035889	
352.51013078	
352.51007109	
352.51009656	
352.50989075	
352.51034722	
352.51135822	
352.51197403	
352.51223153	
352.51263336	
352.51253516	
352.51218636	
352.51234698	
352.51259457	
352.51236885	
352.51223444	
352.51239682	
352.51214372	
352.51204984	
352.51190276	
352.51203079	
352.51231101	
352.51207917	
352.51222331	
352.51293942	
352.51374477	
352.51404108	
352.51368392	
352.51336563	
352.51336822	
352.51339769	
352.51383812	
352.51402957	
352.51414590	
