325.41064419	
325.41083303	
325.41042303	
325.41024244	
325.41064432	
325.41050972	
325.41049544	
325.40994479	
325.40938585	
325.40929613	
325.40924732	
325.40868740	
325.40824314	
325.40809627	
325.40795258	
325.40809688	
325.40758382	
325.40724475	
325.40696464	
325.40693325	
325.40724995	
325.40700289	
325.40702777	
325.40716474	
325.40651667	
325.40573784	
325.40584908	
325.40562306	
325.40503044	
325.40469641	
325.40453230	
325.40439140	
325.40410437	
325.40355561	
325.40285056	
325.40254928	
325.40248108	
325.40200177	
325.40191872	
325.40221166	
325.40189257	
325.40156097	
325.40143952	
325.40089607	
325.40023109	
325.39970351	
325.39911451	
325.39845193	
325.39796918	
325.39763322	
325.39731885	
325.39738577	
325.39734498	
325.39683166	
325.39608470	
325.39629574	
325.39622196	
325.39612496	
325.39588839	
325.39531138	
325.39525332	
325.39543711	
325.39501777	
325.39457221	
325.39475236	
325.39414987	
325.39349266	
325.39359667	
325.39333405	
325.39315963	
325.39358258	
325.39352708	
325.39349060	
325.39297793	
325.39301883	
325.39329740	
325.39275219	
325.39275122	
325.39296817	
325.39262327	
325.39237109	
325.39211149	
325.39183729	
325.39167965	
325.39098123	
325.39042165	
325.39044876	
325.38993506	
325.38915215	
325.38884349	
325.38835788	
325.38789231	
325.38752414	
325.38688678	
325.38678914	
325.38696628	
325.38672630	
325.38628580	
325.38599368	
325.38546328	
325.38469252	
325.38483103	
325.38459283	
325.38405792	
325.38431896	
325.38470168	
325.38441942	
325.38400980	
325.38375953	
325.38318099	
325.38323130	
325.38282487	
325.38196931	
325.38173669	
325.38142237	
325.38113179	
325.38078710	
325.38063447	
325.38027859	
325.38039350	
325.38055541	
325.37984638	
325.37974679	
325.37955419	
325.37973722	
325.37964609	
325.37949955	
325.37932353	
325.37876726	
325.37888284	
325.37900299	
325.37916854	
325.37887392	
325.37882004	
325.37893617	
325.37906658	
325.37916714	
325.37941670	
325.37984679	
325.38008125	
325.38024983	
325.38014509	
325.37999232	
325.38026759	
325.38063581	
325.38013191	
325.37978817	
325.37963117	
325.37893243	
325.37845038	
325.37783044	
325.37745708	
325.37728053	
325.37715094	
325.37751504	
325.37715333	
325.37651736	
325.37640258	
325.37622161	
325.37570003	
325.37562503	
325.37556508	
325.37499772	
325.37433135	
325.37420815	
325.37411773	
325.37431865	
325.37402682	
325.37314836	
325.37335590	
325.37319224	
325.37308674	
325.37303969	
325.37272656	
325.37220615	
325.37185862	
325.37209367	
325.37220487	
325.37214468	
325.37238481	
325.37257547	
325.37263748	
325.37245174	
325.37225150	
325.37208271	
325.37209123	
325.37242831	
325.37272700	
325.37284553	
325.37295025	
325.37245874	
325.37201781	
325.37208073	
325.37162740	
325.37105792	
325.37083959	
325.37099406	
325.37097793	
325.37131220	
325.37094420	
325.37092504	
325.37071820	
325.37040600	
325.37058817	
325.36985448	
325.36958643	
325.36967841	
325.36922640	
325.36861305	
325.36832071	
325.36848945	
325.36879385	
325.36835550	
325.36826186	
325.36822914	
325.36777082	
325.36734487	
325.36752214	
325.36760764	
325.36717424	
325.36690775	
325.36669908	
325.36655901	
325.36616914	
325.36612054	
325.36612736	
325.36591943	
325.36582365	
325.36556335	
325.36499364	
325.36455447	
325.36476158	
325.36480389	
325.36440174	
325.36467055	
325.36446919	
325.36437841	
325.36469200	
325.36431278	
325.36434190	
325.36464063	
325.36407142	
325.36413618	
325.36442553	
325.36397261	
325.36342804	
325.36308028	
325.36313364	
325.36263461	
325.36224577	
325.36216427	
325.36208687	
325.36183455	
325.36143795	
325.36151833	
325.36177524	
325.36139884	
325.36137283	
325.36142857	
325.36146941	
325.36154441	
325.36085905	
325.36059408	
325.36040615	
325.35995785	
325.35963237	
325.35914976	
325.35903610	
325.35888036	
325.35875709	
325.35902187	
325.35921410	
325.35925073	
325.35888109	
325.35893321	
325.35885389	
325.35830779	
325.35779260	
325.35736528	
325.35733559	
325.35687839	
325.35614263	
325.35628737	
325.35624392	
325.35638848	
325.35612320	
325.35599041	
325.35581930	
325.35519807	
325.35546276	
325.35493329	
325.35464208	
325.35462086	
325.35461068	
325.35414932	
325.35397902	
325.35428530	
325.35376006	
325.35354474	
325.35311516	
325.35310301	
325.35322522	
325.35260177	
325.35200992	
325.35198567	
325.35212599	
325.35224408	
325.35235515	
325.35177465	
325.35145589	
325.35182969	
325.35165127	
325.35164386	
325.35191191	
325.35208739	
325.35183549	
325.35145654	
325.35118822	
325.35071232	
325.35073579	
325.35059461	
325.35056292	
325.35012407	
325.34985266	
325.34982798	
325.34996313	
325.34985409	
325.34995022	
325.34998282	
325.34962476	
325.34956151	
325.34978040	
325.35020906	
325.35009316	
325.35030639	
325.35008869	
325.34946605	
325.34919932	
325.34936832	
325.34921552	
325.34881037	
325.34894871	
325.34868390	
325.34880463	
325.34870045	
325.34795283	
325.34766094	
325.34774913	
325.34768635	
325.34713644	
325.34646628	
325.34608829	
325.34559454	
325.34564555	
325.34548152	
325.34480684	
325.34424143	
325.34385965	
325.34401265	
325.34352181	
325.34317970	
325.34326424	
325.34277440	
325.34260280	
325.34292237	
325.34292206	
325.34302784	
325.34265631	
325.34238026	
325.34235479	
325.34176687	
325.34125314	
325.34114578	
325.34076666	
325.34004459	
325.33972551	
325.33981485	
325.33956448	
325.33936851	
325.33921867	
325.33921288	
325.33931475	
325.33912228	
325.33918314	
325.33868177	
325.33877118	
325.33871588	
325.33820241	
325.33829399	
325.33832594	
325.33800424	
325.33778468	
325.33764378	
325.33701827	
325.33707571	
325.33686026	
325.33695522	
325.33686564	
325.33625957	
325.33624793	
325.33567259	
325.33575417	
325.33548882	
325.33494658	
325.33481397	
325.33426737	
325.33432237	
325.33385623	
325.33348629	
325.33365858	
325.33395090	
325.33356269	
325.33273574	
325.33285431	
325.33251471	
325.33259808	
325.33221590	
325.33129958	
325.33139479	
325.33120514	
325.33071609	
325.33015984	
325.32953691	
325.32915719	
325.32928773	
325.32945088	
325.32910983	
325.32899369	
325.32898359	
325.32859904	
325.32874863	
325.32849464	
325.32843237	
325.32802704	
325.32719129	
325.32700873	
325.32699508	
325.32682033	
325.32608963	
325.32546649	
325.32555085	
325.32516834	
325.32494884	
325.32469988	
325.32427038	
325.32466395	
325.32464406	
325.32431527	
325.32380427	
325.32323707	
325.32262350	
325.32223600	
325.32217069	
325.32211984	
325.32170652	
325.32167543	
325.32177772	
325.32145751	
325.32161497	
325.32185858	
325.32158164	
325.32145128	
325.32174079	
325.32125408	
325.32061555	
325.32035152	
325.31993338	
325.31985745	
325.31977403	
325.31972888	
325.31945877	
325.31938057	
325.31950626	
325.31901431	
325.31835506	
325.31825975	
325.31789467	
325.31775190	
325.31821015	
325.31787823	
325.31765724	
325.31804554	
325.31817816	
325.31802653	
325.31832664	
325.31786724	
325.31757291	
325.31798521	
325.31798693	
325.31795314	
325.31738619	
325.31709702	
325.31665176	
325.31622596	
325.31632080	
325.31651511	
325.31660459	
325.31686570	
325.31705075	
325.31694349	
325.31642607	
325.31580060	
325.31522948	
325.31449177	
325.31435531	
325.31413742	
325.31439077	
325.31486484	
325.31475125	
325.31411531	
325.31381011	
325.31347631	
325.31324657	
325.31291346	
325.31301519	
325.31361226	
325.31344572	
325.31372315	
325.31418251	
325.31378651	
325.31320748	
325.31328603	
325.31368597	
325.31413760	
325.31426360	
325.31397755	
325.31358365	
325.31350340	
325.31380983	
325.31411214	
325.31392341	
325.31394619	
325.31395498	
325.31387643	
325.31368157	
325.31353836	
325.31358832	
325.31299938	
325.31282615	
325.31246527	
325.31256682	
325.31229110	
325.31166484	
325.31169666	
325.31154573	
325.31196435	
325.31231111	
325.31200944	
325.31190326	
325.31225070	
325.31181257	
325.31185366	
325.31174812	
325.31186419	
325.31157336	
325.31070779	
325.31037699	
325.30983507	
325.31008339	
325.30976224	
325.30960175	
325.30984179	
325.30936590	
325.30940293	
325.30942973	
325.30938235	
325.30937488	
325.30926166	
325.30940429	
325.30901131	
325.30883117	
325.30907267	
325.30862077	
325.30825166	
325.30813934	
325.30815243	
325.30804032	
325.30789370	
325.30818450	
325.30803432	
325.30828505	
325.30865841	
325.30866418	
325.30837934	
325.30827495	
325.30803033	
325.30729664	
325.30672749	
325.30683143	
325.30661418	
325.30616704	
325.30626651	
325.30567687	
325.30499830	
325.30439666	
325.30464703	
325.30489503	
325.30456683	
325.30456029	
325.30432676	
325.30405826	
325.30404914	
325.30439308	
325.30479496	
325.30510932	
325.30526703	
325.30549619	
325.30521550	
325.30505856	
325.30538575	
325.30534108	
325.30479488	
325.30417242	
325.30450551	
325.30414468	
325.30410285	
325.30427747	
325.30377412	
325.30342267	
325.30350336	
325.30311045	
325.30288176	
325.30319716	
325.30338095	
325.30389772	
325.30346972	
325.30323415	
325.30302312	
325.30297694	
325.30266594	
325.30238657	
325.30229541	
325.30231793	
325.30280765	
325.30237776	
325.30184077	
325.30139019	
325.30075232	
325.30040617	
325.30039399	
325.30024559	
325.29995694	
325.29959762	
325.29914547	
325.29860191	
325.29869078	
325.29908934	
325.29938511	
325.29984686	
325.29982372	
325.29943181	
325.29944699	
325.29920919	
325.29875552	
325.29879081	
325.29829653	
325.29844794	
325.29816550	
325.29765736	
325.29730922	
325.29707821	
325.29723040	
325.29680945	
325.29715805	
325.29742275	
325.29730222	
325.29679465	
325.29672712	
325.29640284	
325.29629775	
325.29660007	
325.29628350	
325.29637741	
325.29647100	
325.29637560	
325.29635027	
325.29663141	
325.29621237	
325.29576821	
325.29617205	
325.29625955	
325.29590203	
325.29542754	
325.29532896	
325.29507554	
325.29440040	
325.29455942	
325.29431401	
325.29366391	
325.29371635	
325.29317285	
325.29261432	
325.29258972	
325.29252039	
325.29255334	
325.29260897	
325.29271323	
325.29267045	
325.29294756	
325.29266009	
325.29277078	
325.29287759	
325.29255524	
325.29227891	
325.29233311	
325.29294685	
325.29255527	
325.29228534	
325.29228340	
325.29254953	
325.29281967	
325.29265896	
325.29273877	
325.29280749	
325.29261438	
325.29294329	
325.29334725	
325.29294399	
325.29315892	
325.29315587	
325.29278213	
325.29279918	
325.29216391	
325.29163976	
325.29172412	
325.29150613	
325.29102721	
325.29126638	
325.29154776	
325.29184859	
325.29175720	
325.29176358	
325.29146967	
325.29156978	
325.29161928	
325.29134531	
325.29111927	
325.29062060	
325.29092796	
325.29072258	
325.29064658	
325.29064712	
325.29028382	
325.29047564	
325.29029644	
325.28984490	
325.29018108	
325.29044000	
325.28996784	
325.28943008	
325.28930836	
325.28941437	
325.28916656	
325.28854245	
325.28839533	
325.28875786	
325.28883841	
325.28845667	
325.28855683	
325.28821746	
325.28820568	
325.28822783	
325.28796673	
325.28770256	
325.28718930	
325.28711119	
325.28718960	
325.28691661	
325.28660012	
325.28654272	
325.28604774	
325.28599158	
325.28595689	
325.28587200	
325.28534612	
325.28521709	
325.28571755	
325.28514946	
325.28526368	
325.28539951	
325.28477719	
325.28504993	
325.28543338	
325.28524934	
325.28545084	
325.28550376	
325.28484684	
325.28512271	
325.28541792	
325.28495377	
325.28500246	
325.28451912	
325.28389510	
325.28382300	
325.28399545	
325.28429390	
325.28378522	
325.28351077	
325.28299536	
325.28294750	
325.28272824	
325.28280370	
325.28293679	
325.28210613	
325.28234606	
325.28280080	
325.28311269	
325.28310029	
325.28335822	
325.28302725	
325.28226959	
325.28188072	
325.28144112	
325.28124517	
325.28100802	
325.28097093	
325.28043507	
325.28039517	
325.28044808	
325.28005999	
325.28031052	
325.27993995	
325.27968286	
325.27924045	
325.27849466	
325.27834647	
325.27791207	
325.27751366	
325.27737116	
325.27739496	
325.27724585	
325.27658582	
325.27624870	
325.27593350	
325.27536422	
325.27553930	
325.27557249	
325.27573990	
325.27603057	
325.27538203	
325.27480547	
325.27495297	
325.27492044	
325.27465919	
325.27503779	
325.27466545	
325.27413334	
325.27415451	
325.27366033	
325.27357792	
325.27315914	
325.27300517	
325.27337618	
325.27319154	
325.27304756	
325.27328192	
325.27295061	
325.27254379	
325.27285020	
325.27237653	
325.27208140	
325.27162404	
325.27095262	
325.27094596	
325.27130757	
325.27124303	
325.27088566	
325.27125576	
325.27116583	
325.27120503	
325.27114486	
325.27105481	
325.27082512	
325.27007283	
325.27002660	
325.26977136	
325.26993426	
325.27009225	
325.27006556	
325.27011110	
325.26979936	
325.26980895	
325.26982898	
325.26924543	
325.26915799	
325.26939824	
325.26952532	
325.26920521	
325.26918730	
325.26900839	
325.26860663	
325.26818539	
325.26761368	
325.26803111	
325.26777153	
325.26738232	
325.26715950	
325.26685703	
325.26678518	
325.26689409	
325.26700389	
325.26678520	
325.26664551	
325.26632536	
325.26596102	
325.26592924	
325.26567526	
325.26544549	
325.26562133	
325.26591509	
325.26598263	
325.26617702	
325.26614611	
325.26553929	
325.26501155	
325.26531733	
325.26560051	
325.26565255	
325.26583585	
325.26571315	
325.26530112	
325.26499211	
325.26465120	
325.26437162	
325.26415142	
325.26432976	
325.26472095	
325.26413677	
325.26402212	
325.26437469	
325.26425274	
325.26365063	
325.26349283	
325.26369523	
325.26379947	
325.26365058	
325.26339312	
325.26370540	
325.26324336	
325.26336939	
325.26367781	
325.26297808	
325.26241000	
325.26238340	
325.26281960	
325.26229087	
325.26181044	
325.26202575	
325.26169915	
325.26168533	
325.26142260	
325.26124125	
325.26175717	
325.26166251	
325.26160809	
325.26137068	
325.26076618	
325.26085523	
325.26106527	
325.26092649	
325.26092497	
325.26064250	
325.26035034	
325.26003915	
325.25997617	
325.25952104	
325.25925110	
325.25955043	
325.25902351	
325.25861766	
325.25841595	
325.25834407	
325.25833396	
325.25837919	
325.25871564	
325.25870616	
325.25885566	
325.25872919	
325.25895423	
325.25866302	
325.25849162	
325.25829474	
325.25761986	
325.25742529	
325.25722315	
325.25732631	
325.25716782	
325.25667482	
325.25616848	
325.25629404	
325.25640970	
325.25643403	
325.25647387	
325.25592877	
325.25606906	
325.25618929	
325.25576946	
325.25619889	
325.25606454	
325.25553172	
325.25534299	
325.25565617	
325.25567583	
325.25550467	
325.25570415	
325.25569786	
325.25587717	
325.25606038	
325.25628769	
325.25653059	
325.25643562	
325.25592213	
325.25611067	
325.25636011	
325.25632804	
325.25608628	
325.25624981	
325.25665106	
325.25619821	
325.25626367	
325.25638431	
325.25592113	
325.25568816	
325.25543956	
325.25551741	
325.25514773	
325.25444738	
325.25401930	
325.25376248	
325.25368734	
325.25343233	
325.25329745	
325.25300751	
325.25303649	
325.25330895	
325.25335230	
325.25334840	
325.25356937	
325.25347011	
325.25347378	
325.25336978	
325.25334967	
325.25344114	
325.25341982	
325.25349287	
325.25319115	
325.25284149	
325.25247659	
325.25267011	
325.25292642	
325.25281373	
325.25298386	
325.25271794	
325.25272766	
325.25300041	
325.25279424	
325.25304292	
325.25277648	
325.25248514	
325.25219123	
325.25145251	
325.25126029	
325.25076026	
325.25028012	
325.25011314	
325.24953435	
325.24923536	
325.24961729	
325.24994006	
325.24995722	
325.24984321	
325.25001274	
325.25013133	
325.24980081	
325.24959627	
325.24994558	
325.25024361	
325.25002593	
325.25015000	
325.24986061	
325.24972942	
325.25025556	
325.25022984	
325.24984837	
325.24945901	
325.24932051	
325.24871663	
325.24889399	
325.24880098	
325.24802967	
325.24828227	
325.24802324	
325.24822562	
325.24836097	
325.24798209	
325.24797307	
325.24809410	
325.24815793	
325.24806538	
325.24798804	
325.24741818	
325.24732939	
325.24720687	
325.24705242	
325.24676353	
325.24658337	
325.24675677	
325.24695439	
325.24708725	
325.24683185	
325.24694520	
325.24723436	
325.24704664	
325.24719740	
325.24756941	
325.24763379	
325.24713602	
325.24693275	
325.24713832	
325.24736853	
325.24785062	
325.24734646	
325.24702823	
325.24690482	
325.24675452	
325.24651092	
325.24617153	
325.24573892	
325.24524572	
325.24507655	
325.24445598	
325.24420628	
325.24390068	
325.24394232	
325.24400085	
325.24376404	
325.24375058	
325.24345764	
325.24300388	
325.24298671	
325.24288313	
325.24239523	
325.24238093	
325.24195190	
325.24177678	
325.24176870	
325.24136510	
325.24103495	
325.24125190	
325.24149638	
325.24092880	
325.24051786	
325.24055399	
325.24033758	
325.24060067	
325.24045404	
325.23978583	
325.23997785	
325.23948202	
325.23957518	
325.23959665	
325.23935133	
325.23979039	
325.24005519	
325.23986562	
325.23943320	
325.23895637	
325.23835512	
325.23827153	
325.23789060	
325.23746820	
325.23727701	
325.23711978	
325.23659300	
325.23657546	
325.23618485	
325.23591471	
325.23626896	
325.23584945	
325.23586696	
325.23586085	
325.23577527	
325.23568198	
325.23521613	
325.23523817	
325.23561476	
325.23552808	
325.23582965	
325.23566497	
325.23516647	
325.23474778	
325.23485854	
325.23468565	
325.23469586	
325.23510213	
325.23447028	
325.23429770	
325.23434333	
325.23413306	
325.23356928	
325.23381316	
325.23385741	
325.23391540	
325.23391222	
325.23369157	
325.23346115	
325.23318800	
325.23311914	
325.23288252	
325.23265480	
325.23243206	
325.23191611	
325.23177055	
325.23169896	
325.23187040	
325.23216428	
325.23158527	
325.23137435	
325.23119663	
325.23082983	
325.23072112	
325.23056437	
325.23027670	
325.22974629	
325.22950461	
325.22989008	
325.22980264	
325.22921997	
325.22864060	
325.22850694	
325.22836872	
325.22861828	
325.22832365	
325.22771415	
325.22813773	
325.22822879	
325.22796350	
325.22782801	
325.22730506	
325.22689488	
325.22707685	
325.22714222	
325.22670924	
325.22697831	
325.22688842	
325.22644682	
325.22662241	
325.22677461	
325.22689414	
325.22671706	
325.22685976	
325.22661853	
325.22682216	
325.22726068	
325.22718234	
325.22691947	
325.22708813	
325.22753286	
325.22744684	
325.22706590	
325.22711389	
325.22760266	
325.22736474	
325.22692345	
325.22637046	
325.22604489	
325.22585650	
325.22562233	
325.22592435	
325.22614083	
325.22610251	
325.22623425	
325.22647572	
325.22676869	
325.22709469	
325.22740506	
325.22731662	
325.22700167	
325.22693598	
325.22709061	
325.22704511	
325.22666954	
325.22675487	
325.22703020	
325.22686208	
325.22696093	
325.22668707	
325.22657099	
325.22652962	
325.22670688	
325.22701719	
325.22683920	
325.22641325	
325.22588267	
325.22624925	
325.22646237	
325.22626372	
325.22630768	
325.22670774	
325.22716810	
325.22682227	
325.22630004	
325.22575918	
325.22564286	
325.22572301	
325.22508312	
325.22497521	
325.22481320	
325.22453407	
325.22416438	
325.22389193	
325.22405834	
325.22418794	
325.22456152	
325.22418148	
325.22345046	
325.22295274	
325.22278643	
325.22303477	
325.22271426	
325.22279280	
325.22238973	
325.22164246	
325.22166042	
325.22192219	
325.22241710	
325.22204901	
325.22131955	
325.22116547	
325.22110741	
325.22067454	
325.22070607	
325.22066445	
325.22049592	
325.22033892	
325.21986420	
325.21976078	
325.22014177	
325.22034123	
325.22047911	
325.22059003	
325.22007261	
325.21957208	
325.21977858	
325.22026009	
325.22003798	
325.22026725	
325.22073001	
325.22046515	
325.22070502	
325.22088571	
325.22036040	
325.22018970	
325.22040941	
325.22022520	
325.21996977	
325.21954532	
325.21888969	
325.21885218	
325.21921075	
325.21896119	
325.21841572	
325.21859487	
325.21888765	
325.21837807	
325.21811132	
325.21798326	
325.21779298	
325.21732358	
325.21677844	
325.21711239	
325.21664068	
325.21632677	
325.21655276	
325.21629210	
325.21616555	
325.21603375	
325.21551801	
325.21552939	
325.21571171	
325.21561449	
325.21584092	
325.21536014	
325.21502355	
325.21513002	
325.21518976	
325.21510682	
325.21509337	
325.21553174	
325.21563700	
325.21600258	
325.21572138	
325.21521128	
325.21539365	
325.21489462	
325.21490505	
325.21507626	
325.21456653	
325.21471017	
325.21493399	
325.21526185	
325.21903579	
325.22269679	
325.22660822	
325.23072839	
325.23499250	
325.23892801	
325.24323708	
325.24687512	
325.25076205	
325.25472188	
325.25817123	
325.26193579	
325.26571615	
325.26931156	
325.27295782	
325.27715277	
325.28067035	
325.28451681	
325.28855258	
325.29237645	
325.29603808	
325.29997836	
325.30408819	
325.30819156	
325.31268329	
325.31659349	
325.32076482	
325.32491453	
325.32923182	
325.33301587	
325.33713030	
325.34158640	
325.34583475	
325.35030052	
325.35445845	
325.35839013	
325.36187710	
325.36555489	
325.36916669	
325.37311380	
325.37680601	
325.38028513	
325.38456009	
325.38860872	
325.39224875	
325.39578118	
325.40003996	
325.40412975	
325.40808211	
325.41158182	
325.41503618	
325.41908783	
325.42261405	
325.42639593	
325.43053062	
325.43397246	
325.43745333	
325.44123230	
325.44493658	
325.44868256	
325.45238233	
325.45616076	
325.45979477	
325.46314922	
325.46671205	
325.47052212	
325.47436957	
325.47829211	
325.48202648	
325.48554526	
325.48966405	
325.49356409	
325.49736868	
325.50105705	
325.50480887	
325.50855641	
325.51188586	
325.51540536	
325.51913577	
325.52345455	
325.52742900	
325.53129077	
325.53522784	
325.53907389	
325.54327375	
325.54720722	
325.55120297	
325.55494347	
325.55844049	
325.56271076	
325.56613422	
325.56973332	
325.57379245	
325.57766305	
325.58127784	
325.58473070	
325.58826013	
325.59172523	
325.59579321	
325.59928708	
325.60259030	
325.60615608	
325.60967884	
325.61305187	
325.61704979	
325.62073277	
325.62378238	
325.62735575	
325.63085383	
325.63492314	
325.63870355	
325.64239793	
325.64608277	
325.65017666	
325.65365773	
325.65672717	
325.66061458	
325.66383468	
325.66747902	
325.67167212	
325.67521361	
325.67838232	
325.68180742	
325.68535797	
325.68932138	
325.69297442	
325.69694362	
325.70060481	
325.70357272	
325.70711257	
325.71119803	
325.71512065	
325.71863152	
325.72266467	
325.72684760	
325.73049901	
325.73403679	
325.73807317	
325.74133585	
325.74437104	
325.74847028	
325.75193723	
325.75565488	
325.75990224	
325.76329964	
325.76670196	
325.77053221	
325.77413122	
325.77784376	
325.78134776	
325.78518178	
325.78929974	
325.79320606	
325.79748970	
325.80107346	
325.80435381	
325.80780910	
325.81163732	
325.81544258	
325.81951186	
325.82366794	
325.82760599	
325.83083414	
325.83409341	
325.83752128	
325.84143924	
325.84488866	
325.84817154	
325.85208763	
325.85515546	
325.85823821	
325.86212624	
325.86614423	
325.86989851	
325.87403168	
325.87801507	
325.88164602	
325.88555358	
325.88933329	
325.89254756	
325.89568733	
325.89882536	
325.90257826	
325.90615307	
325.91001293	
325.91368148	
325.91678958	
325.92036895	
325.92359990	
325.92749937	
325.93143268	
325.93478562	
325.93882003	
325.94231981	
325.94571917	
325.94903153	
325.95197513	
325.95575711	
325.95909068	
325.96227669	
325.96584242	
325.96906307	
325.97227006	
325.97566146	
325.97928235	
325.98258762	
325.98579042	
325.98896296	
325.99279664	
325.99663460	
326.00032621	
326.00444124	
326.00836587	
326.01229842	
326.01541680	
326.01835053	
326.02219406	
326.02567884	
326.02948695	
326.03365822	
326.03684923	
326.03996293	
326.04331709	
326.04727202	
326.05048345	
326.05408218	
326.05788187	
326.06142154	
326.06533547	
326.06839368	
326.07204677	
326.07555654	
326.07931402	
326.08263318	
326.08546380	
326.08878943	
326.09236009	
326.09570341	
326.09859823	
326.10169474	
326.10488593	
326.10856352	
326.11188377	
326.11568582	
326.11936341	
326.12231385	
326.12607955	
326.12981263	
326.13279444	
326.13590300	
326.13942989	
326.14270280	
326.14639766	
326.14986533	
326.15288515	
326.15673863	
326.16049056	
326.16435816	
326.16812228	
326.17113392	
326.17425954	
326.17801758	
326.18143956	
326.18512090	
326.18891076	
326.19258775	
326.19652702	
326.19985656	
326.20335288	
326.20643998	
326.21001685	
326.21390545	
326.21693871	
326.22057563	
326.22408128	
326.22763454	
326.23131423	
326.23494031	
326.23819403	
326.24152926	
326.24511034	
326.24893248	
326.25250633	
326.25571531	
326.25947068	
326.26270451	
326.26611302	
326.27002331	
326.27337858	
326.27655105	
326.27962439	
326.28270008	
326.28567839	
326.28907458	
326.29267975	
326.29612791	
326.29929033	
326.30202336	
326.30501381	
326.30853782	
326.31166374	
326.31448948	
326.31837914	
326.32203055	
326.32561015	
326.32949443	
326.33263703	
326.33540098	
326.33845099	
326.34179955	
326.34488869	
326.34779301	
326.35077872	
326.35445248	
326.35797020	
326.36130833	
326.36513074	
326.36888881	
326.37276460	
326.37629202	
326.37932530	
326.38249296	
326.38593681	
326.38944450	
326.39295248	
326.39610769	
326.39975580	
326.40302748	
326.40627242	
326.40989360	
326.41275008	
326.41606852	
326.41914439	
326.42254078	
326.42650531	
326.42953482	
326.43236001	
326.43572177	
326.43951083	
326.44306342	
326.44641317	
326.44926440	
326.45271851	
326.45593164	
326.45896976	
326.46261926	
326.46640143	
326.46949728	
326.47227999	
326.47603401	
326.47956329	
326.48247937	
326.48614771	
326.48999181	
326.49282374	
326.49621180	
326.49991709	
326.50308201	
326.50670705	
326.51055531	
326.51430309	
326.51738823	
326.52030077	
326.52347905	
326.52620477	
326.52900907	
326.53188482	
326.53495600	
326.53866479	
326.54233302	
326.54560268	
326.54910713	
326.55292194	
326.55655461	
326.55956761	
326.56244009	
326.56604696	
326.56940392	
326.57218439	
326.57514431	
326.57823893	
326.58183150	
326.58503286	
326.58780219	
326.59117844	
326.59455749	
326.59777270	
326.60140628	
326.60509220	
326.60808741	
326.61105506	
326.61418729	
326.61697727	
326.61991590	
326.62287244	
326.62586679	
326.62908283	
326.63194378	
326.63481080	
326.63819632	
326.64107421	
326.64415853	
326.64762265	
326.65059582	
326.65382428	
326.65670810	
326.65993088	
326.66306907	
326.66630048	
326.66976402	
326.67271801	
326.67603411	
326.67894034	
326.68178496	
326.68502258	
326.68787006	
326.69109644	
326.69406136	
326.69666253	
326.70032007	
326.70338568	
326.70611425	
326.70969800	
326.71258539	
326.71567674	
326.71876152	
326.72178928	
326.72494094	
326.72784283	
326.73140859	
326.73489705	
326.73804570	
326.74147714	
326.74493885	
326.74780623	
326.75109552	
326.75411039	
326.75703570	
326.76007187	
326.76285514	
326.76631721	
326.77009111	
326.77350682	
326.77707952	
326.78041993	
326.78353635	
326.78706284	
326.78996762	
326.79275465	
326.79579790	
326.79905479	
326.80263241	
326.80594997	
326.80925189	
326.81216511	
326.81489984	
326.81835392	
326.82167262	
326.82484460	
326.82857120	
326.83220041	
326.83498292	
326.83774669	
326.84094616	
326.84394061	
326.84672884	
326.85015638	
326.85335599	
326.85625151	
326.85980602	
326.86282374	
326.86587229	
326.86859439	
326.87110680	
326.87441699	
326.87723893	
326.88051876	
326.88436957	
326.88778909	
326.89054856	
326.89351739	
326.89687219	
326.89994504	
326.90318932	
326.90588097	
326.90906958	
326.91192277	
326.91481452	
326.91848864	
326.92145766	
326.92419511	
326.92724954	
326.93033152	
326.93356906	
326.93668434	
326.93977845	
326.94312025	
326.94631814	
326.94965656	
326.95329729	
326.95678089	
326.95998681	
326.96265070	
326.96536643	
326.96876944	
326.97189474	
326.97495379	
326.97779706	
326.98091743	
326.98458433	
326.98733514	
326.98990165	
326.99286246	
326.99590394	
326.99905113	
327.00200811	
327.00539423	
327.00860633	
327.01132716	
327.01438762	
327.01773097	
327.02131879	
327.02468374	
327.02807485	
327.03153605	
327.03445532	
327.03777774	
327.04130841	
327.04433759	
327.04771648	
327.05072284	
327.05354529	
327.05636622	
327.05951408	
327.06287659	
327.06571663	
327.06868987	
327.07160247	
327.07485947	
327.07794656	
327.08124981	
327.08449977	
327.08730099	
327.09044016	
327.09333177	
327.09604790	
327.09863253	
327.10170706	
327.10489616	
327.10740063	
327.11029501	
327.11319656	
327.11569827	
327.11847993	
327.12198294	
327.12504847	
327.12833867	
327.13173606	
327.13435594	
327.13705751	
327.13975684	
327.14250135	
327.14576710	
327.14893649	
327.15222725	
327.15514549	
327.15794741	
327.16074749	
327.16309944	
327.16592294	
327.16890962	
327.17166002	
327.17460485	
327.17799303	
327.18080656	
327.18332155	
327.18655887	
327.18950882	
327.19188999	
327.19526049	
327.19883517	
327.20156817	
327.20454457	
327.20779466	
327.21054374	
327.21359564	
327.21668510	
327.21963426	
327.22233152	
327.22481196	
327.22747695	
327.23011477	
327.23289724	
327.23583169	
327.23924041	
327.24226983	
327.24499362	
327.24832019	
327.25087421	
327.25380546	
327.25700033	
327.25953458	
327.26259768	
327.26600545	
327.26887679	
327.27182679	
327.27505687	
327.27843085	
327.28119789	
327.28393427	
327.28748081	
327.29077919	
327.29358483	
327.29665531	
327.29984914	
327.30311296	
327.30648962	
327.30934545	
327.31210474	
327.31525604	
327.31798803	
327.32032105	
327.32344839	
327.32599944	
327.32911664	
327.33240159	
327.33563482	
327.33862438	
327.34129984	
327.34419462	
327.34696233	
327.35021354	
327.35321100	
327.35594866	
327.35856133	
327.36122659	
327.36435311	
327.36777474	
327.37048117	
327.37306152	
327.37566977	
327.37823959	
327.38141204	
327.38410926	
327.38725764	
327.39035920	
327.39284935	
327.39550614	
327.39828179	
327.40162927	
327.40485422	
327.40733253	
327.41019029	
327.41367293	
327.41646552	
327.41937036	
327.42251195	
327.42513963	
327.42795953	
327.43111890	
327.43369117	
327.43639141	
327.43920048	
327.44224825	
327.44528747	
327.44805650	
327.45062171	
327.45301130	
327.45628617	
327.45924548	
327.46224925	
327.46551715	
327.46855143	
327.47128265	
327.47354472	
327.47589288	
327.47872440	
327.48206838	
327.48502918	
327.48761571	
327.49024314	
327.49296362	
327.49622464	
327.49885472	
327.50180793	
327.50529084	
327.50763949	
327.51024020	
327.51302394	
327.51554204	
327.51879704	
327.52147412	
327.52436925	
327.52766445	
327.52998885	
327.53302107	
327.53613279	
327.53925253	
327.54227069	
327.54504657	
327.54753028	
327.55055846	
327.55322849	
327.55595781	
327.55881011	
327.56154500	
327.56476845	
327.56752963	
327.57012609	
327.57295754	
327.57579106	
327.57843072	
327.58163159	
327.58478994	
327.58756548	
327.58990824	
327.59231319	
327.59462337	
327.59736124	
327.60030711	
327.60302119	
327.60626224	
327.60883607	
327.61123624	
327.61368621	
327.61637643	
327.61896036	
327.62150545	
327.62488276	
327.62814366	
327.63091600	
327.63358289	
327.63673701	
327.63987534	
327.64232335	
327.64457863	
327.64705417	
327.65018102	
327.65311385	
327.65613235	
327.65876789	
327.66086925	
327.66398401	
327.66712364	
327.66990511	
327.67249646	
327.67501441	
327.67738794	
327.67994523	
327.68260225	
327.68564802	
327.68895155	
327.69138783	
327.69359251	
327.69616607	
327.69848295	
327.70143689	
327.70433327	
327.70744143	
327.71018206	
327.71243991	
327.71547484	
327.71866908	
327.72140568	
327.72446600	
327.72763013	
327.73040826	
327.73344387	
327.73624516	
327.73864082	
327.74108017	
327.74405139	
327.74709916	
327.74998520	
327.75298405	
327.75541661	
327.75775306	
327.76085091	
327.76319452	
327.76600198	
327.76874135	
327.77171961	
327.77490308	
327.77709312	
327.77952467	
327.78257602	
327.78535452	
327.78801094	
327.79055955	
327.79327999	
327.79588347	
327.79802367	
327.80123393	
327.80419809	
327.80646476	
327.80918962	
327.81211929	
327.81524086	
327.81822985	
327.82109568	
327.82370045	
327.82623222	
327.82856605	
327.83104220	
327.83347635	
327.83582176	
327.83855628	
327.84121814	
327.84387778	
327.84614329	
327.84925138	
327.85202633	
327.85440553	
327.85721214	
327.85950719	
327.86167305	
327.86451772	
327.86764359	
327.87063795	
327.87380852	
327.87679945	
327.87939377	
327.88187038	
327.88479854	
327.88769879	
327.89019816	
327.89265469	
327.89559474	
327.89817138	
327.90102579	
327.90349138	
327.90557132	
327.90880389	
327.91185005	
327.91472171	
327.91699241	
327.91909737	
327.92182604	
327.92479639	
327.92732460	
327.92977276	
327.93284862	
327.93584125	
327.93871207	
327.94097746	
327.94384119	
327.94634291	
327.94889994	
327.95144024	
327.95414808	
327.95708166	
327.95948940	
327.96194662	
327.96456589	
327.96789691	
327.97062606	
327.97301033	
327.97520513	
327.97776948	
327.98071031	
327.98343945	
327.98617729	
327.98922956	
327.99214255	
327.99445767	
327.99671082	
327.99983349	
328.00245198	
328.00463912	
328.00709845	
328.01009573	
328.01334597	
328.01633219	
328.01948199	
328.02219142	
328.02486908	
328.02723201	
328.02991620	
328.03274065	
328.03527276	
328.03810152	
328.04066181	
328.04355366	
328.04657763	
328.04915178	
328.05186103	
328.05482165	
328.05746400	
328.06021831	
328.06297748	
328.06516210	
328.06757937	
328.07010925	
328.07256769	
328.07476806	
328.07731542	
328.08047941	
328.08303291	
328.08530003	
328.08775256	
328.08994379	
328.09240764	
328.09471322	
328.09745458	
328.09987240	
328.10223982	
328.10461655	
328.10649029	
328.10948495	
328.11218983	
328.11477618	
328.11745283	
328.12004001	
328.12240334	
328.12526924	
328.12805800	
328.13093693	
328.13336892	
328.13557832	
328.13799324	
328.14058532	
328.14350455	
328.14567740	
328.14848601	
328.15079326	
328.15285648	
328.15567206	
328.15855329	
328.16111440	
328.16334519	
328.16549993	
328.16797712	
328.17077182	
328.17289399	
328.17520393	
328.17733809	
328.17930382	
328.18188479	
328.18454541	
328.18689004	
328.18936995	
328.19231764	
328.19459676	
328.19709666	
328.19987355	
328.20238206	
328.20469852	
328.20709240	
328.20943801	
328.21229535	
328.21507040	
328.21790671	
328.22097847	
328.22370649	
328.22614135	
328.22818159	
328.23043116	
328.23325081	
328.23634706	
328.23922050	
328.24173914	
328.24376608	
328.24670590	
328.24900040	
328.25098474	
328.25375128	
328.25586054	
328.25773248	
328.26049696	
328.26349979	
328.26557894	
328.26788624	
328.27082726	
328.27384038	
328.27645184	
328.27847607	
328.28099806	
328.28386393	
328.28676789	
328.28945872	
328.29163343	
328.29443495	
328.29743057	
328.30021879	
328.30248087	
328.30504145	
328.30764952	
328.31035757	
328.31310733	
328.31531711	
328.31804656	
328.32016354	
328.32234130	
328.32519194	
328.32788731	
328.33047585	
328.33271887	
328.33469898	
328.33696677	
328.33905737	
328.34180114	
328.34407771	
328.34642308	
328.34878185	
328.35125684	
328.35373165	
328.35607184	
328.35834165	
328.36096815	
328.36334693	
328.36540602	
328.36765475	
328.37028670	
328.37313333	
328.37503975	
328.37735599	
328.38003295	
328.38294291	
328.38513937	
328.38755311	
328.38973778	
328.39184862	
328.39412229	
328.39633044	
328.39898176	
328.40155621	
328.40396094	
328.40674199	
328.40926537	
328.41200417	
328.41460416	
328.41677228	
328.41944454	
328.42158246	
328.42369238	
328.42660035	
328.42919693	
328.43185265	
328.43468624	
328.43691306	
328.43969329	
328.44251338	
328.44449438	
328.44641727	
328.44834107	
328.45057647	
328.45281085	
328.45535767	
328.45805195	
328.46044017	
328.46327974	
328.46606559	
328.46848817	
328.47074633	
328.47342078	
328.47568197	
328.47799626	
328.48096406	
328.48328338	
328.48575125	
328.48782265	
328.49007080	
328.49290976	
328.49509833	
328.49740475	
328.49969746	
328.50195631	
328.50453686	
328.50712026	
328.50982445	
328.51187317	
328.51375828	
328.51618977	
328.51866210	
328.52099414	
328.52303068	
328.52493637	
328.52674707	
328.52946465	
328.53162576	
328.53340203	
328.53535050	
328.53800877	
328.54070764	
328.54254270	
328.54455982	
328.54676094	
328.54963514	
328.55245759	
328.55532084	
328.55799050	
328.55992001	
328.56194649	
328.56434390	
328.56678490	
328.56891164	
328.57081279	
328.57311638	
328.57587860	
328.57810985	
328.58068923	
328.58302725	
328.58532609	
328.58817076	
328.59046912	
328.59325667	
328.59578794	
328.59760192	
328.60030558	
328.60308558	
328.60487785	
328.60749028	
328.61024653	
328.61265075	
328.61532377	
328.61795731	
328.61992912	
328.62162200	
328.62388203	
328.62613959	
328.62821064	
328.63004477	
328.63221356	
328.63435491	
328.63687512	
328.63895741	
328.64077474	
328.64275179	
328.64486159	
328.64746071	
328.64945262	
328.65196005	
328.65427994	
328.65695562	
328.65994418	
328.66252242	
328.66493624	
328.66695444	
328.66909308	
328.67109587	
328.67303581	
328.67547730	
328.67781585	
328.67993370	
328.68234514	
328.68440253	
328.68704462	
328.68970378	
328.69191585	
328.69417614	
328.69602831	
328.69787033	
328.69987271	
328.70258448	
328.70469428	
328.70677204	
328.70933099	
328.71141715	
328.71340888	
328.71540077	
328.71732420	
328.71934364	
328.72153331	
328.72369363	
328.72595428	
328.72858284	
328.73063841	
328.73274788	
328.73555019	
328.73798732	
328.74077333	
328.74341269	
328.74536950	
328.74722194	
328.74903521	
328.75121428	
328.75367945	
328.75553645	
328.75795564	
328.76042840	
328.76301885	
328.76553407	
328.76784237	
328.77000842	
328.77173598	
328.77444673	
328.77709514	
328.77921647	
328.78176541	
328.78420741	
328.78671255	
328.78885712	
328.79074880	
328.79312919	
328.79573584	
328.79830874	
328.80079702	
328.80328087	
328.80548797	
328.80736022	
328.80973262	
328.81217051	
328.81407190	
328.81647914	
328.81905728	
328.82105730	
328.82350520	
328.82625892	
328.82850720	
328.83110518	
328.83300506	
328.83540695	
328.83759250	
328.83965781	
328.84210484	
328.84436333	
328.84709832	
328.84954058	
328.85213132	
328.85442057	
328.85701934	
328.85962065	
328.86188638	
328.86441435	
328.86636133	
328.86861745	
328.87128298	
328.87312921	
328.87498299	
328.87755741	
328.87979424	
328.88151971	
328.88331912	
328.88562613	
328.88793777	
328.88980794	
328.89165597	
328.89401398	
328.89664519	
328.89886313	
328.90142775	
328.90380101	
328.90555921	
328.90752831	
328.90952234	
328.91183261	
328.91455424	
328.91720053	
328.91931609	
328.92109769	
328.92323288	
328.92557644	
328.92803074	
328.93047317	
328.93223515	
328.93413228	
328.93650696	
328.93859597	
328.94101067	
328.94317183	
328.94489113	
328.94664344	
328.94850207	
328.95103799	
328.95350629	
328.95554673	
328.95773411	
328.96019254	
328.96263892	
328.96502506	
328.96764012	
328.96984182	
328.97232227	
328.97483741	
328.97721262	
328.97971277	
328.98194455	
328.98441040	
328.98650186	
328.98816975	
328.98986573	
328.99229996	
328.99441778	
328.99669279	
328.99881372	
329.00065699	
329.00302894	
329.00496979	
329.00689796	
329.00944387	
329.01208520	
329.01411243	
329.01656727	
329.01913771	
329.02123757	
329.02331409	
329.02578838	
329.02785546	
329.03007463	
329.03274577	
329.03448895	
329.03684823	
329.03889790	
329.04045631	
329.04281504	
329.04457683	
329.04653458	
329.04916571	
329.05160912	
329.05398512	
329.05590273	
329.05742538	
329.05955196	
329.06182759	
329.06384786	
329.06556539	
329.06782909	
329.07017358	
329.07257593	
329.07483013	
329.07695853	
329.07960698	
329.08190082	
329.08373618	
329.08543252	
329.08734884	
329.08928933	
329.09135035	
329.09387523	
329.09611016	
329.09858369	
329.10067177	
329.10228147	
329.10491563	
329.10730752	
329.10974726	
329.11246475	
329.11426730	
329.11575600	
329.11748942	
329.11959243	
329.12169987	
329.12409295	
329.12610048	
329.12833439	
329.13081673	
329.13276938	
329.13522995	
329.13776731	
329.14026810	
329.14234137	
329.14416458	
329.14660784	
329.14860492	
329.15039739	
329.15301480	
329.15487505	
329.15718358	
329.15949652	
329.16114035	
329.16369626	
329.16581102	
329.16798493	
329.17043882	
329.17237608	
329.17455089	
329.17667273	
329.17863086	
329.18070946	
329.18270534	
329.18518173	
329.18754525	
329.18941488	
329.19149373	
329.19395239	
329.19644189	
329.19894630	
329.20129963	
329.20354795	
329.20556369	
329.20757979	
329.20997035	
329.21242464	
329.21502904	
329.21678114	
329.21849880	
329.22090103	
329.22257329	
329.22412070	
329.22638870	
329.22833974	
329.23043885	
329.23292356	
329.23535661	
329.23795439	
329.23989909	
329.24147072	
329.24325170	
329.24553396	
329.24747324	
329.24948574	
329.25126337	
329.25279189	
329.25515175	
329.25726726	
329.25939335	
329.26173759	
329.26388421	
329.26594268	
329.26821923	
329.27068543	
329.27262892	
329.27493576	
329.27744927	
329.27981152	
329.28181289	
329.28322440	
329.28566383	
329.28749465	
329.28968324	
329.29227232	
329.29446225	
329.29658094	
329.29834920	
329.30006181	
329.30162543	
329.30335710	
329.30493146	
329.30666469	
329.30848394	
329.31071129	
329.31286603	
329.31490536	
329.31702843	
329.31886725	
329.32047599	
329.32275077	
329.32467537	
329.32604115	
329.32841638	
329.33025444	
329.33186469	
329.33368920	
329.33550071	
329.33746363	
329.33920106	
329.34083533	
329.34302512	
329.34497924	
329.34666245	
329.34835849	
329.34995355	
329.35238033	
329.35410581	
329.35575001	
329.35797580	
329.35973307	
329.36214198	
329.36431016	
329.36619119	
329.36864833	
329.37034997	
329.37223055	
329.37392854	
329.37551539	
329.37784640	
329.37975000	
329.38159807	
329.38353337	
329.38571998	
329.38764485	
329.38987566	
329.39175464	
329.39320436	
329.39536730	
329.39739245	
329.39966466	
329.40174892	
329.40353384	
329.40554691	
329.40728710	
329.40874042	
329.41028155	
329.41249781	
329.41487460	
329.41683524	
329.41899864	
329.42091547	
329.42273774	
329.42464588	
329.42640249	
329.42880750	
329.43078846	
329.43299428	
329.43510891	
329.43671348	
329.43879877	
329.44030566	
329.44250132	
329.44474553	
329.44658589	
329.44866150	
329.45029754	
329.45201466	
329.45402096	
329.45626976	
329.45812266	
329.46023394	
329.46192712	
329.46381112	
329.46573909	
329.46734950	
329.46987895	
329.47156949	
329.47378901	
329.47613245	
329.47819329	
329.48061110	
329.48211965	
329.48363481	
329.48561820	
329.48797775	
329.49038859	
329.49200770	
329.49359426	
329.49587301	
329.49795673	
329.49979354	
329.50206237	
329.50374558	
329.50590143	
329.50825421	
329.51019739	
329.51261831	
329.51436395	
329.51633428	
329.51805114	
329.52003817	
329.52184121	
329.52337820	
329.52539542	
329.52762520	
329.52978569	
329.53186898	
329.53389882	
329.53526135	
329.53755646	
329.53999770	
329.54199539	
329.54420031	
329.54575597	
329.54734683	
329.54918954	
329.55095262	
329.55307623	
329.55528350	
329.55738916	
329.55969130	
329.56153897	
329.56299619	
329.56488055	
329.56640870	
329.56788384	
329.57010686	
329.57239678	
329.57465200	
329.57640892	
329.57851892	
329.58078310	
329.58227866	
329.58421422	
329.58625340	
329.58829245	
329.58988246	
329.59126898	
329.59342420	
329.59528667	
329.59710780	
329.59867834	
329.60053568	
329.60248603	
329.60455522	
329.60663612	
329.60852703	
329.61049605	
329.61198826	
329.61433145	
329.61668378	
329.61870414	
329.62022499	
329.62238689	
329.62403213	
329.62564723	
329.62779133	
329.62979596	
329.63188536	
329.63319071	
329.63505175	
329.63725145	
329.63944114	
329.64126769	
329.64316902	
329.64508428	
329.64647808	
329.64815519	
329.64985561	
329.65188923	
329.65363585	
329.65499131	
329.65727104	
329.65942887	
329.66136859	
329.66309904	
329.66504136	
329.66741880	
329.66959665	
329.67197431	
329.67352096	
329.67505390	
329.67696425	
329.67896039	
329.68070276	
329.68272489	
329.68524989	
329.68754953	
329.68938332	
329.69102291	
329.69265407	
329.69468637	
329.69716237	
329.69911486	
329.70121167	
329.70319454	
329.70545377	
329.70721134	
329.70884261	
329.71112346	
329.71273192	
329.71427115	
329.71613297	
329.71758574	
329.71960346	
329.72183577	
329.72338779	
329.72564330	
329.72780643	
329.72921672	
329.73134979	
329.73299244	
329.73413811	
329.73562598	
329.73769229	
329.73993048	
329.74135790	
329.74297941	
329.74515292	
329.74691700	
329.74895094	
329.75084265	
329.75251046	
329.75490070	
329.75710543	
329.75901634	
329.76102135	
329.76269404	
329.76433314	
329.76670452	
329.76868664	
329.77041828	
329.77230473	
329.77433178	
329.77635980	
329.77798722	
329.77946108	
329.78148340	
329.78322002	
329.78472965	
329.78705177	
329.78946740	
329.79161551	
329.79373554	
329.79571056	
329.79706312	
329.79869052	
329.80076185	
329.80247735	
329.80467235	
329.80618152	
329.80734123	
329.80949820	
329.81121509	
329.81274961	
329.81444751	
329.81572435	
329.81722645	
329.81902606	
329.82042655	
329.82250918	
329.82418703	
329.82562124	
329.82793833	
329.83021978	
329.83248986	
329.83425974	
329.83602941	
329.83797382	
329.84005628	
329.84211502	
329.84385672	
329.84609246	
329.84780303	
329.84894548	
329.85075744	
329.85283567	
329.85450330	
329.85651667	
329.85890395	
329.86083743	
329.86216832	
329.86382073	
329.86574932	
329.86735698	
329.86929344	
329.87120380	
329.87288357	
329.87426823	
329.87626706	
329.87802679	
329.87985407	
329.88172922	
329.88366663	
329.88521693	
329.88642365	
329.88869668	
329.89081231	
329.89232867	
329.89391753	
329.89606787	
329.89780545	
329.89944627	
329.90152967	
329.90357920	
329.90562044	
329.90772317	
329.90991486	
329.91207909	
329.91417913	
329.91622030	
329.91764337	
329.91906657	
329.92039781	
329.92165539	
329.92346582	
329.92492291	
329.92617096	
329.92787436	
329.92969264	
329.93174468	
329.93396375	
329.93554056	
329.93709337	
329.93890072	
329.94068367	
329.94285196	
329.94477682	
329.94688645	
329.94868909	
329.94982947	
329.95141282	
329.95284273	
329.95460385	
329.95678287	
329.95812253	
329.95946807	
329.96114584	
329.96320580	
329.96464092	
329.96612159	
329.96839774	
329.97057886	
329.97211779	
329.97389206	
329.97589103	
329.97718692	
329.97845403	
329.97961284	
329.98089068	
329.98230895	
329.98422604	
329.98603857	
329.98761499	
329.98977969	
329.99143962	
329.99264519	
329.99435708	
329.99594856	
329.99771586	
329.99926838	
330.00110425	
330.00306255	
330.00478100	
330.00635212	
330.00759999	
330.00899427	
330.01036191	
330.01206248	
330.01340550	
330.01527452	
330.01758307	
330.01878390	
330.02022234	
330.02211462	
330.02350174	
330.02495880	
330.02626579	
330.02799911	
330.02984302	
330.03138687	
330.03310869	
330.03468702	
330.03687305	
330.03885571	
330.04026791	
330.04216957	
330.04366352	
330.04534423	
330.04695027	
330.04805142	
330.04931448	
330.05058487	
330.05263731	
330.05422844	
330.05617266	
330.05784710	
330.05885418	
330.06017057	
330.06175819	
330.06344723	
330.06521428	
330.06729222	
330.06878668	
330.07070029	
330.07273115	
330.07477935	
330.07675485	
330.07814661	
330.07943592	
330.08089489	
330.08231711	
330.08357020	
330.08531682	
330.08711484	
330.08905298	
330.09083088	
330.09235595	
330.09415965	
330.09610748	
330.09819129	
330.10034670	
330.10244963	
330.10372782	
330.10561662	
330.10787489	
330.10908634	
330.11032286	
330.11198488	
330.11418486	
330.11571021	
330.11725261	
330.11915050	
330.12047982	
330.12209588	
330.12404857	
330.12619696	
330.12824808	
330.12962353	
330.13098809	
330.13274635	
330.13428816	
330.13592715	
330.13751701	
330.13896359	
330.14062997	
330.14222089	
330.14415014	
330.14570311	
330.14755879	
330.14909242	
330.15048899	
330.15264196	
330.15413022	
330.15578336	
330.15793108	
330.15962751	
330.16146384	
330.16344371	
330.16532202	
330.16669124	
330.16789380	
330.16949527	
330.17069752	
330.17255950	
330.17448644	
330.17606865	
330.17787086	
330.17977862	
330.18112178	
330.18299640	
330.18461456	
330.18584204	
330.18748443	
330.18872330	
330.19070488	
330.19259223	
330.19429982	
330.19645031	
330.19772088	
330.19874118	
330.20049976	
330.20230678	
330.20408110	
330.20545246	
330.20712797	
330.20869146	
330.21017030	
330.21209205	
330.21408541	
330.21571773	
330.21689095	
330.21812309	
330.21971882	
330.22152272	
330.22298318	
330.22462077	
330.22583724	
330.22758399	
330.22899943	
330.23079550	
330.23295779	
330.23469008	
330.23668267	
330.23814567	
330.24014607	
330.24139046	
330.24270101	
330.24486645	
330.24605589	
330.24719304	
330.24902049	
330.25109899	
330.25305023	
330.25422633	
330.25534157	
330.25732070	
330.25926562	
330.26066058	
330.26231981	
330.26408684	
330.26547106	
330.26667928	
330.26804005	
330.26951035	
330.27080323	
330.27185368	
330.27349700	
330.27503715	
330.27644912	
330.27788707	
330.27976083	
330.28188653	
330.28303562	
330.28462758	
330.28612395	
330.28772323	
330.28948995	
330.29075185	
330.29229183	
330.29411034	
330.29543299	
330.29679750	
330.29831336	
330.30006888	
330.30159542	
330.30344008	
330.30560262	
330.30696810	
330.30876833	
330.30995399	
330.31130464	
330.31342814	
330.31474834	
330.31635582	
330.31771795	
330.31952484	
330.32183431	
330.32378539	
330.32571071	
330.32721147	
330.32925782	
330.33071436	
330.33250125	
330.33465116	
330.33598177	
330.33738361	
330.33931165	
330.34128438	
330.34243077	
330.34424017	
330.34580861	
330.34743505	
330.34890767	
330.34972405	
330.35158619	
330.35315656	
330.35448487	
330.35616285	
330.35752813	
330.35878730	
330.36042965	
330.36242115	
330.36424901	
330.36561821	
330.36745381	
330.36885097	
330.36994994	
330.37142943	
330.37260271	
330.37442986	
330.37604307	
330.37729459	
330.37906670	
330.38100149	
330.38259138	
330.38364911	
330.38554083	
330.38698510	
330.38844714	
330.39012290	
330.39124151	
330.39288889	
330.39477687	
330.39628339	
330.39781044	
330.39944177	
330.40055748	
330.40212631	
330.40333781	
330.40511907	
330.40719689	
330.40907800	
330.41093579	
330.41264800	
330.41474004	
330.41623025	
330.41771495	
330.41946238	
330.42057509	
330.42199185	
330.42384914	
330.42524511	
330.42630196	
330.42726989	
330.42902692	
330.43102089	
330.43286265	
330.43482292	
330.43609386	
330.43732388	
330.43843332	
330.43940150	
330.44122210	
330.44292110	
330.44488926	
330.44615247	
330.44753024	
330.44933528	
330.45096900	
330.45309141	
330.45479389	
330.45634143	
330.45787607	
330.45980290	
330.46166512	
330.46312419	
330.46447319	
330.46611117	
330.46770072	
330.46939412	
330.47124977	
330.47307357	
330.47511960	
330.47652315	
330.47753016	
330.47922833	
330.48080284	
330.48231419	
330.48437797	
330.48555307	
330.48694022	
330.48844413	
330.48993139	
330.49144172	
330.49288992	
330.49485000	
330.49620728	
330.49799747	
330.50005260	
330.50120906	
330.50236698	
330.50345996	
330.50456321	
330.50611274	
330.50751743	
330.50869146	
330.50994830	
330.51187298	
330.51329190	
330.51462356	
330.51587870	
330.51731801	
330.51883098	
330.52054614	
330.52261726	
330.52412418	
330.52556578	
330.52692033	
330.52878025	
330.53006374	
330.53165691	
330.53368585	
330.53506618	
330.53674383	
330.53838676	
330.53978302	
330.54124258	
330.54313246	
330.54447212	
330.54557349	
330.54722475	
330.54838035	
330.54993204	
330.55139278	
330.55236742	
330.55418582	
330.55544419	
330.55641042	
330.55782867	
330.55919615	
330.56055678	
330.56169510	
330.56340129	
330.56480332	
330.56622190	
330.56825074	
330.57013490	
330.57144413	
330.57231634	
330.57322532	
330.57438462	
330.57565326	
330.57734648	
330.57930720	
330.58065598	
330.58184144	
330.58286699	
330.58437073	
330.58577837	
330.58672528	
330.58842558	
330.58967724	
330.59094407	
330.59287821	
330.59406594	
330.59509471	
330.59654701	
330.59766105	
330.59863106	
330.60030089	
330.60173993	
330.60291604	
330.60437311	
330.60536943	
330.60702137	
330.60847163	
330.60929048	
330.61072806	
330.61265200	
330.61436611	
330.61557157	
330.61675797	
330.61768967	
330.61880564	
330.62018462	
330.62122040	
330.62273099	
330.62468751	
330.62637038	
330.62753957	
330.62838476	
