288.00000700	
288.00000700	
288.00000700	
288.00000700	
288.00000699	
288.00000699	
288.00000699	
288.00000699	
288.00000698	
288.00000698	
288.00000698	
288.00000697	
288.00000697	
288.00000697	
288.00000697	
288.00000696	
288.00000696	
288.00000696	
288.00000695	
288.00000695	
288.00000695	
288.00000695	
288.00000694	
288.00000694	
288.00000694	
288.00000693	
288.00000693	
288.00000693	
288.00000693	
288.00000692	
288.00000692	
288.00000692	
288.00000692	
288.00000691	
288.00000691	
288.00000691	
288.00000690	
288.00000690	
288.00000690	
288.00000690	
288.00000689	
288.00000689	
288.00000689	
288.00000689	
288.00000688	
288.00000688	
288.00000688	
288.00000687	
288.00000687	
288.00000687	
288.00000687	
288.00000686	
288.00000686	
288.00000686	
288.00000685	
288.00000685	
288.00000685	
288.00000685	
288.00000684	
288.00000684	
288.00000684	
288.00000684	
288.00000683	
288.00000683	
288.00000683	
288.00000682	
288.00000682	
288.00000682	
288.00000682	
288.00000681	
288.00000681	
288.00000681	
288.00000681	
288.00000680	
288.00000680	
288.00000680	
288.00000679	
288.00000679	
288.00000679	
288.00000679	
288.00000678	
288.00000678	
288.00000678	
288.00000678	
288.00000677	
288.00000677	
288.00000677	
288.00000677	
288.00000676	
288.00000676	
288.00000676	
288.00000675	
288.00000675	
288.00000675	
288.00000675	
288.00000674	
288.00000674	
288.00000674	
288.00000674	
288.00000673	
288.00000673	
288.00000673	
288.00000672	
288.00000672	
288.00000672	
288.00000672	
288.00000671	
288.00000671	
288.00000671	
288.00000671	
288.00000670	
288.00000670	
288.00000670	
288.00000670	
288.00000669	
288.00000669	
288.00000669	
288.00000668	
288.00000668	
288.00000668	
288.00000668	
288.00000667	
288.00000667	
288.00000667	
288.00000667	
288.00000666	
288.00000666	
288.00000666	
288.00000666	
288.00000665	
288.00000665	
288.00000665	
288.00000664	
288.00000664	
288.00000664	
288.00000664	
288.00000663	
288.00000663	
288.00000663	
288.00000663	
288.00000662	
288.00000662	
288.00000662	
288.00000662	
288.00000661	
288.00000661	
288.00000661	
288.00000660	
288.00000660	
288.00000660	
288.00000660	
288.00000659	
288.00000659	
288.00000659	
288.00000659	
288.00000658	
288.00000658	
288.00000658	
288.00000658	
288.00000657	
288.00000657	
288.00000657	
288.00000657	
288.00000656	
288.00000656	
288.00000656	
288.00000655	
288.00000655	
288.00000655	
288.00000655	
288.00000654	
288.00000654	
288.00000654	
288.00000654	
288.00000653	
288.00000653	
288.00000653	
288.00000653	
288.00000652	
288.00000652	
288.00000652	
288.00000652	
288.00000651	
288.00000651	
288.00000651	
288.00000650	
288.00000650	
288.00000650	
288.00000650	
288.00000649	
288.00000649	
288.00000649	
288.00000649	
288.00000648	
288.00000648	
288.00000648	
288.00000648	
288.00000647	
288.00000647	
288.00000647	
288.00000647	
288.00000646	
288.00000646	
288.00000646	
288.00000646	
288.00000645	
288.00000645	
288.00000645	
288.00000645	
288.00000644	
288.00000644	
288.00000644	
288.00000644	
288.00000643	
288.00000643	
288.00000643	
288.00000642	
288.00000642	
288.00000642	
288.00000642	
288.00000641	
288.00000641	
288.00000641	
288.00000641	
288.00000640	
288.00000640	
288.00000640	
288.00000640	
288.00000639	
288.00000639	
288.00000639	
288.00000639	
288.00000638	
288.00000638	
288.00000638	
288.00000638	
288.00000637	
288.00000637	
288.00000637	
288.00000637	
288.00000636	
288.00000636	
288.00000636	
288.00000636	
288.00000635	
288.00000635	
288.00000635	
288.00000635	
288.00000634	
288.00000634	
288.00000634	
288.00000634	
288.00000633	
288.00000633	
288.00000633	
288.00000633	
288.00000632	
288.00000632	
288.00000632	
288.00000632	
288.00000631	
288.00000631	
288.00000631	
288.00000631	
288.00000630	
288.00000630	
288.00000630	
288.00000630	
288.00000629	
288.00000629	
288.00000629	
288.00000628	
288.00000628	
288.00000628	
288.00000628	
288.00000627	
288.00000627	
288.00000627	
288.00000627	
288.00000626	
288.00000626	
288.00000626	
288.00000626	
288.00000625	
288.00000625	
288.00000625	
288.00000625	
288.00000624	
288.00000624	
288.00000624	
288.00000624	
288.00000623	
288.00000623	
288.00000623	
288.00000623	
288.00000622	
288.00000622	
288.00000622	
288.00000622	
288.00000621	
288.00000621	
288.00000621	
288.00000621	
288.00000621	
288.00000620	
288.00000620	
288.00000620	
288.00000620	
288.00000619	
288.00000619	
288.00000619	
288.00000619	
288.00000618	
288.00000618	
288.00000618	
288.00000618	
288.00000617	
288.00000617	
288.00000617	
288.00000617	
288.00000616	
288.00000616	
288.00000616	
288.00000616	
288.00000615	
288.00000615	
288.00000615	
288.00000615	
288.00000614	
288.00000614	
288.00000614	
288.00000614	
288.00000613	
288.00000613	
288.00000613	
288.00000613	
288.00000612	
288.00000612	
288.00000612	
288.00000612	
288.00000611	
288.00000611	
288.00000611	
288.00000611	
288.00000610	
288.00000610	
288.00000610	
288.00000610	
288.00000609	
288.00000609	
288.00000609	
288.00000609	
288.00000608	
288.00000608	
288.00000608	
288.00000608	
288.00000607	
288.00000607	
288.00000607	
288.00000607	
288.00000607	
288.00000606	
288.00000606	
288.00000606	
288.00000606	
288.00000605	
288.00000605	
288.00000605	
288.00000605	
288.00000604	
288.00000604	
288.00000604	
288.00000604	
288.00000603	
288.00000603	
288.00000603	
288.00000603	
288.00000602	
288.00000602	
288.00000602	
288.00000602	
288.00000601	
288.00000601	
288.00000601	
288.00000601	
288.00000600	
288.00000600	
288.00000600	
288.00000600	
288.00000600	
288.00000599	
288.00000599	
288.00000599	
288.00000599	
288.00000598	
288.00000598	
288.00000598	
288.00000598	
288.00000597	
288.00000597	
288.00000597	
288.00000597	
288.00000596	
288.00000596	
288.00000596	
288.00000596	
288.00000595	
288.00000595	
288.00000595	
288.00000595	
288.00000594	
288.00000594	
288.00000594	
288.00000594	
288.00000594	
288.00000593	
288.00000593	
288.00000593	
288.00000593	
288.00000592	
288.00000592	
288.00000592	
288.00000592	
288.00000591	
288.00000591	
288.00000591	
288.00000591	
288.00000590	
288.00000590	
288.00000590	
288.00000590	
288.00000590	
288.00000589	
288.00000589	
288.00000589	
288.00000589	
288.00000588	
288.00000588	
288.00000588	
288.00000588	
288.00000587	
288.00000587	
288.00000587	
288.00000587	
288.00000586	
288.00000586	
288.00000586	
288.00000586	
288.00000586	
288.00000585	
288.00000585	
288.00000585	
288.00000585	
288.00000584	
288.00000584	
288.00000584	
288.00000584	
288.00000583	
288.00000583	
288.00000583	
288.00000583	
288.00000582	
288.00000582	
288.00000582	
288.00000582	
288.00000582	
288.00000581	
288.00000581	
288.00000581	
288.00000581	
288.00000580	
288.00000580	
288.00000580	
288.00000580	
288.00000579	
288.00000579	
288.00000579	
288.00000579	
288.00000579	
288.00000578	
288.00000578	
288.00000578	
288.00000578	
288.00000577	
288.00000577	
288.00000577	
288.00000577	
288.00000576	
288.00000576	
288.00000576	
288.00000576	
288.00000576	
288.00000575	
288.00000575	
288.00000575	
288.00000575	
288.00000574	
288.00000574	
288.00000574	
288.00000574	
288.00000573	
288.00000573	
288.00000573	
288.00000573	
288.00000573	
288.00000572	
288.00000572	
288.00000572	
288.00000572	
288.00000571	
288.00000571	
288.00000571	
288.00000571	
288.00000570	
288.00000570	
288.00000570	
288.00000570	
288.00000570	
288.00000569	
288.00000569	
288.00000569	
288.00000569	
288.00000568	
288.00000568	
288.00000568	
288.00000568	
288.00000568	
288.00000567	
288.00000567	
288.00000567	
288.00000567	
288.00000566	
288.00000566	
288.00000566	
288.00000566	
288.00000565	
288.00000565	
288.00000565	
288.00000565	
288.00000565	
288.00000564	
288.00000564	
288.00000564	
288.00000564	
288.00000563	
288.00000563	
288.00000563	
288.00000563	
288.00000563	
288.00000562	
288.00000562	
288.00000562	
288.00000562	
288.00000561	
288.00000561	
288.00000561	
288.00000561	
288.00000561	
288.00000560	
288.00000560	
288.00000560	
288.00000560	
288.00000559	
288.00000559	
288.00000559	
288.00000559	
288.00000559	
288.00000558	
288.00000558	
288.00000558	
288.00000558	
288.00000557	
288.00000557	
288.00000557	
288.00000557	
288.00000557	
288.00000556	
288.00000556	
288.00000556	
288.00000556	
288.00000555	
288.00000555	
288.00000555	
288.00000555	
288.00000555	
288.00000554	
288.00000554	
288.00000554	
288.00000554	
288.00000553	
288.00000553	
288.00000553	
288.00000553	
288.00000553	
288.00000552	
288.00000552	
288.00000552	
288.00000552	
288.00000551	
288.00000551	
288.00000551	
288.00000551	
288.00000551	
288.00000550	
288.00000550	
288.00000550	
288.00000550	
288.00000549	
288.00000549	
288.00000549	
288.00000549	
288.00000549	
288.00000548	
288.00000548	
288.00000548	
288.00000548	
288.00000547	
288.00000547	
288.00000547	
288.00000547	
288.00000547	
288.00000546	
288.00000546	
288.00000546	
288.00000546	
288.00000545	
288.00000545	
288.00000545	
288.00000545	
288.00000545	
288.00000544	
288.00000544	
288.00000544	
288.00000544	
288.00000544	
288.00000543	
288.00000543	
288.00000543	
288.00000543	
288.00000542	
288.00000542	
288.00000542	
288.00000542	
288.00000542	
288.00000541	
288.00000541	
288.00000541	
288.00000541	
288.00000541	
288.00000540	
288.00000540	
288.00000540	
288.00000540	
288.00000539	
288.00000539	
288.00000539	
288.00000539	
288.00000539	
288.00000538	
288.00000538	
288.00000538	
288.00000538	
288.00000537	
288.00000537	
288.00000537	
288.00000537	
288.00000537	
288.00000536	
288.00000536	
288.00000536	
288.00000536	
288.00000536	
288.00000535	
288.00000535	
288.00000535	
288.00000535	
288.00000534	
288.00000534	
288.00000534	
288.00000534	
288.00000534	
288.00000533	
288.00000533	
288.00000533	
288.00000533	
288.00000533	
288.00000532	
288.00000532	
288.00000532	
288.00000532	
288.00000531	
288.00000531	
288.00000531	
288.00000531	
288.00000531	
288.00000530	
288.00000530	
288.00000530	
288.00000530	
288.00000530	
288.00000529	
288.00000529	
288.00000529	
288.00000529	
288.00000529	
288.00000528	
288.00000528	
288.00000528	
288.00000528	
288.00000527	
288.00000527	
288.00000527	
288.00000527	
288.00000527	
288.00000526	
288.00000526	
288.00000526	
288.00000526	
288.00000526	
288.00000525	
288.00000525	
288.00000525	
288.00000525	
288.00000525	
288.00000524	
288.00000524	
288.00000524	
288.00000524	
288.00000523	
288.00000523	
288.00000523	
288.00000523	
288.00000523	
288.00000522	
288.00000522	
288.00000522	
288.00000522	
288.00000522	
288.00000521	
288.00000521	
288.00000521	
288.00000521	
288.00000521	
288.00000520	
288.00000520	
288.00000520	
288.00000520	
288.00000520	
288.00000519	
288.00000519	
288.00000519	
288.00000519	
288.00000518	
288.00000518	
288.00000518	
288.00000518	
288.00000518	
288.00000517	
288.00000517	
288.00000517	
288.00000517	
288.00000517	
288.00000516	
288.00000516	
288.00000516	
288.00000516	
288.00000516	
288.00000515	
288.00000515	
288.00000515	
288.00000515	
288.00000515	
288.00000514	
288.00000514	
288.00000514	
288.00000514	
288.00000514	
288.00000513	
288.00000513	
288.00000513	
288.00000513	
288.00000512	
288.00000512	
288.00000512	
288.00000512	
288.00000512	
288.00000511	
288.00000511	
288.00000511	
288.00000511	
288.00000511	
288.00000510	
288.00000510	
288.00000510	
288.00000510	
288.00000510	
288.00000509	
288.00000509	
288.00000509	
288.00000509	
288.00000509	
288.00000508	
288.00000508	
288.00000508	
288.00000508	
288.00000508	
288.00000507	
288.00000507	
288.00000507	
288.00000507	
288.00000507	
288.00000506	
288.00000506	
288.00000506	
288.00000506	
288.00000506	
288.00000505	
288.00000505	
288.00000505	
288.00000505	
288.00000505	
288.00000504	
288.00000504	
288.00000504	
288.00000504	
288.00000504	
288.00000503	
288.00000503	
288.00000503	
288.00000503	
288.00000503	
288.00000502	
288.00000502	
288.00000502	
288.00000502	
288.00000502	
288.00000501	
288.00000501	
288.00000501	
288.00000501	
288.00000501	
288.00000500	
288.00000500	
288.00000500	
288.00000500	
288.00000500	
288.00000499	
288.00000499	
288.00000499	
288.00000499	
288.00000499	
288.00000498	
288.00000498	
288.00000498	
288.00000498	
288.00000498	
288.00000497	
288.00000497	
288.00000497	
288.00000497	
288.00000497	
288.00000496	
288.00000496	
288.00000496	
288.00000496	
288.00000496	
288.00000495	
288.00000495	
288.00000495	
288.00000495	
288.00000495	
288.00000494	
288.00000494	
288.00000494	
288.00000494	
288.00000494	
288.00000493	
288.00000493	
288.00000493	
288.00000493	
288.00000493	
288.00000492	
288.00000492	
288.00000492	
288.00000492	
288.00000492	
288.00000491	
288.00000491	
288.00000491	
288.00000491	
288.00000491	
288.00000490	
288.00000490	
288.00000490	
288.00000490	
288.00000490	
288.00000489	
288.00000489	
288.00000489	
288.00000489	
288.00000489	
288.00000488	
288.00000488	
288.00000488	
288.00000488	
288.00000488	
288.00000487	
288.00000487	
288.00000487	
288.00000487	
288.00000487	
288.00000487	
288.00000486	
288.00000486	
288.00000486	
288.00000486	
288.00000486	
288.00000485	
288.00000485	
288.00000485	
288.00000485	
288.00000485	
288.00000484	
288.00000484	
288.00000484	
288.00000484	
288.00000484	
288.00000483	
288.00000483	
288.00000483	
288.00000483	
288.00000483	
288.00000482	
288.00000482	
288.00000482	
288.00000482	
288.00000482	
288.00000481	
288.00000481	
288.00000481	
288.00000481	
288.00000481	
288.00000481	
288.00000480	
288.00000480	
288.00000480	
288.00000480	
288.00000480	
288.00000479	
288.00000479	
288.00000479	
288.00000479	
288.00000479	
288.00000478	
288.00000478	
288.00000478	
288.00000478	
288.00000478	
288.00000477	
288.00000477	
288.00000477	
288.00000477	
288.00000477	
288.00000477	
288.00000476	
288.00000476	
288.00000476	
288.00000476	
288.00000476	
288.00000475	
288.00000475	
288.00000475	
288.00000475	
288.00000475	
288.00000474	
288.00000474	
288.00000474	
288.00000474	
288.00000474	
288.00000473	
288.00000473	
288.00000473	
288.00000473	
288.00000473	
288.00000473	
288.00000472	
288.00000472	
288.00000472	
288.00000472	
288.00000472	
288.00000471	
288.00000471	
288.00000471	
288.00000471	
288.00000471	
288.00000470	
288.00000470	
288.00000470	
288.00000470	
288.00000470	
288.00000470	
288.00000469	
288.00000469	
288.00000469	
288.00000469	
288.00000469	
288.00000468	
288.00000468	
288.00000468	
288.00000468	
288.00000468	
288.00000467	
288.00000467	
288.00000467	
288.00000467	
288.00000467	
288.00000467	
288.00000466	
288.00000466	
288.00000466	
288.00000466	
288.00000466	
288.00000465	
288.00000465	
288.00000465	
288.00000465	
288.00000465	
288.00000464	
288.00000464	
288.00000464	
288.00000464	
288.00000464	
288.00000464	
288.00000463	
288.00000463	
288.00000463	
288.00000463	
288.00000463	
288.00000462	
288.00000462	
288.00000462	
288.00000462	
288.00000462	
288.00000461	
288.00000461	
288.00000461	
288.00000461	
288.00000461	
288.00000461	
288.00000460	
288.00000460	
288.00000460	
288.00000460	
288.00000460	
288.00000459	
288.00000459	
288.00000459	
288.00000459	
288.00000459	
288.00000459	
288.00000458	
288.00000458	
288.00000458	
288.00000458	
288.00000458	
288.00000457	
288.00000457	
288.00000457	
288.00000457	
288.00000457	
288.00000457	
288.00000456	
288.00000456	
288.00000456	
288.00000456	
288.00000456	
288.00000455	
288.00000455	
288.00000455	
288.00000455	
288.00000455	
288.00000455	
288.00000454	
288.00000454	
288.00000454	
288.00000454	
288.00000454	
288.00000453	
288.00000453	
288.00000453	
288.00000453	
288.00000453	
288.00000453	
288.00000452	
288.00000452	
288.00000452	
288.00000452	
288.00000452	
288.00000451	
288.00000451	
288.00000451	
288.00000451	
288.00000451	
288.00000451	
288.00000450	
288.00000450	
288.00000450	
288.00000450	
288.00000450	
288.00000449	
288.00000449	
288.00000449	
288.00000449	
288.00000449	
288.00000449	
288.00000448	
288.00000448	
288.00000448	
288.00000448	
288.00000448	
288.00000447	
288.00000447	
288.00000447	
288.00000447	
288.00000447	
288.00000447	
288.00000446	
288.00000446	
288.00000446	
288.00000446	
288.00000446	
288.00000446	
288.00000445	
288.00000445	
288.00000445	
288.00000445	
288.00000445	
288.00000444	
288.00000444	
288.00000444	
288.00000444	
288.00000444	
288.00000444	
288.00000443	
288.00000443	
288.00000443	
288.00000443	
288.00000443	
288.00000443	
288.00000442	
288.00000442	
288.00000442	
288.00000442	
288.00000442	
288.00000441	
288.00000441	
288.00000441	
288.00000441	
288.00000441	
288.00000441	
288.00000440	
288.00000440	
288.00000440	
288.00000440	
288.00000440	
288.00000440	
288.00000439	
288.00000439	
288.00000439	
288.00000439	
288.00000439	
288.00000438	
288.00000438	
288.00000438	
288.00000438	
288.00000438	
288.00000438	
288.00000437	
288.00000437	
288.00000437	
288.00000437	
288.00000437	
288.00000437	
288.00000436	
288.00000436	
288.00000436	
288.00000436	
288.00000436	
288.00000435	
288.00000435	
288.00000435	
288.00000435	
288.00000435	
288.00000435	
288.00000434	
288.00000434	
288.00000434	
288.00000434	
288.00000434	
288.00000434	
288.00000433	
288.00000433	
288.00000433	
288.00000433	
288.00000433	
288.00000433	
288.00000432	
288.00000432	
288.00000432	
288.00000432	
288.00000432	
288.00000431	
288.00000431	
288.00000431	
288.00000431	
288.00000431	
288.00000431	
288.00000430	
288.00000430	
288.00000430	
288.00000430	
288.00000430	
288.00000430	
288.00000429	
288.00000429	
288.00000429	
288.00000429	
288.00000429	
288.00000429	
288.00000428	
288.00000428	
288.00000428	
288.00000428	
288.00000428	
288.00000428	
288.00000427	
288.00000427	
288.00000427	
288.00000427	
288.00000427	
288.00000427	
288.00000426	
288.00000426	
288.00000426	
288.00000426	
288.00000426	
288.00000425	
288.00000425	
288.00000425	
288.00000425	
288.00000425	
288.00000425	
288.00000424	
288.00000424	
288.00000424	
288.00000424	
288.00000424	
288.00000424	
288.00000423	
288.00000423	
288.00000423	
288.00000423	
288.00000423	
288.00000423	
288.00000422	
288.00000422	
288.00000422	
288.00000422	
288.00000422	
288.00000422	
288.00000421	
288.00000421	
288.00000421	
288.00000421	
288.00000421	
288.00000421	
288.00000420	
288.00000420	
288.00000420	
288.00000420	
288.00000420	
288.00000420	
288.00000419	
288.00000419	
288.00000419	
288.00000419	
288.00000419	
288.00000419	
288.00000418	
288.00000418	
288.00000418	
288.00000418	
288.00000418	
288.00000418	
288.00000417	
288.00000417	
288.00000417	
288.00000417	
288.00000417	
288.00000417	
288.00000416	
288.00000416	
288.00000416	
288.00000416	
288.00000416	
288.00000416	
288.00000415	
288.00000415	
288.00000415	
288.00000415	
288.00000415	
288.00000415	
288.00000414	
288.00000414	
288.00000414	
288.00000414	
288.00000414	
288.00000414	
288.00000413	
288.00000413	
288.00000413	
288.00000413	
288.00000413	
288.00000413	
288.00000412	
288.00000412	
288.00000412	
288.00000412	
288.00000412	
288.00000412	
288.00000411	
288.00000411	
288.00000411	
288.00000411	
288.00000411	
288.00000411	
288.00000410	
288.00000410	
288.00000410	
288.00000410	
288.00000410	
288.00000410	
288.00000409	
288.00000409	
288.00000409	
288.00000409	
288.00000409	
288.00000409	
288.00000408	
288.00000408	
288.00000408	
288.00000408	
288.00000408	
288.00000408	
288.00000408	
288.00000407	
288.00000407	
288.00000407	
288.00000407	
288.00000407	
288.00000407	
288.00000406	
288.00000406	
288.00000406	
288.00000406	
288.00000406	
288.00000406	
288.00000405	
288.00000405	
288.00000405	
288.00000405	
288.00000405	
288.00000405	
288.00000404	
288.00000404	
288.00000404	
288.00000404	
288.00000404	
288.00000404	
288.00000403	
288.00000403	
288.00000403	
288.00000403	
288.00000403	
288.00000403	
288.00000402	
288.00000402	
288.00000402	
288.00000402	
288.00000402	
288.00000402	
288.00000402	
288.00000401	
288.00000401	
288.00000401	
288.00000401	
288.00000401	
288.00000401	
288.00000400	
288.00000400	
288.00000400	
288.00000400	
288.00000400	
288.00000400	
288.00000399	
288.00000399	
288.00000399	
288.00000399	
288.00000399	
288.00000399	
288.00000398	
288.00000398	
288.00000398	
288.00000398	
288.00000398	
288.00000398	
288.00000398	
288.00000397	
288.00000397	
288.00000397	
288.00000397	
288.00000397	
288.00000397	
288.00000396	
288.00000396	
288.00000396	
288.00000396	
288.00000396	
288.00000396	
288.00000395	
288.00000395	
288.00000395	
288.00000395	
288.00000395	
288.00000395	
288.00000395	
288.00000394	
288.00000394	
288.00000394	
288.00000394	
288.00000394	
288.00000394	
288.00000393	
288.00000393	
288.00000393	
288.00000393	
288.00000393	
288.00000393	
288.00000392	
288.00000392	
288.00000392	
288.00000392	
288.00000392	
288.00000392	
288.00000392	
288.00000391	
288.00000391	
288.00000391	
288.00000391	
288.00000391	
288.00000391	
288.00000390	
288.00000390	
288.00000390	
288.00000390	
288.00000390	
288.00000390	
288.00000389	
288.00000389	
288.00000389	
288.00000389	
288.00000389	
288.00000389	
288.00000389	
288.00000388	
288.00000388	
288.00000388	
288.00000388	
288.00000388	
288.00000388	
288.00000387	
288.00000387	
288.00000387	
288.00000387	
288.00000387	
288.00000387	
288.00000387	
288.00000386	
288.00000386	
288.00000386	
288.00000386	
288.00000386	
288.00000386	
288.00000385	
288.00000385	
288.00000385	
288.00000385	
288.00000385	
288.00000385	
288.00000385	
288.00000384	
288.00000384	
288.00000384	
288.00000384	
288.00000384	
288.00000384	
288.00000383	
288.00000383	
288.00000383	
288.00000383	
288.00000383	
288.00000383	
288.00000383	
288.00000382	
288.00000382	
288.00000382	
288.00000382	
288.00000382	
288.00000382	
288.00000381	
288.00000381	
288.00000381	
288.00000381	
288.00000381	
288.00000381	
288.00000381	
288.00000380	
288.00000380	
288.00000380	
288.00000380	
288.00000380	
288.00000380	
288.00000379	
288.00000379	
288.00000379	
288.00000379	
288.00000379	
288.00000379	
288.00000379	
288.00000378	
288.00000378	
288.00000378	
288.00000378	
288.00000378	
288.00000378	
288.00000378	
288.00000377	
288.00000377	
288.00000377	
288.00000377	
288.00000377	
288.00000377	
288.00000376	
288.00000376	
288.00000376	
288.00000376	
288.00000376	
288.00000376	
288.00000376	
288.00000375	
288.00000375	
288.00000375	
288.00000375	
288.00000375	
288.00000375	
288.00000375	
288.00000374	
288.00000374	
288.00000374	
288.00000374	
288.00000374	
288.00000374	
288.00000373	
288.00000373	
288.00000373	
288.00000373	
288.00000373	
288.00000373	
288.00000373	
288.00000372	
288.00000372	
288.00000372	
288.00000372	
288.00000372	
288.00000372	
288.00000372	
288.00000371	
288.00000371	
288.00000371	
288.00000371	
288.00000371	
288.00000371	
288.00000370	
288.00000370	
288.00000370	
288.00000370	
288.00000370	
288.00000370	
288.00000370	
288.00000369	
288.00000369	
288.00000369	
288.00000369	
288.00000369	
288.00000369	
288.00000369	
288.00000368	
288.00000368	
288.00000368	
288.00000368	
288.00000368	
288.00000368	
288.00000368	
288.00000367	
288.00000367	
288.00000367	
288.00000367	
288.00000367	
288.00000367	
288.00000367	
288.00000366	
288.00000366	
288.00000366	
288.00000366	
288.00000366	
288.00000366	
288.00000365	
288.00000365	
288.00000365	
288.00000365	
288.00000365	
288.00000365	
288.00000365	
288.00000364	
288.00000364	
288.00000364	
288.00000364	
288.00000364	
288.00000364	
288.00000364	
288.00000363	
288.00000363	
288.00000363	
288.00000363	
288.00000363	
288.00000363	
288.00000363	
288.00000362	
288.00000362	
288.00000362	
288.00000362	
288.00000362	
288.00000362	
288.00000362	
288.00000361	
288.00000361	
288.00000361	
288.00000361	
288.00000361	
288.00000361	
288.00000361	
288.00000360	
288.00000360	
288.00000360	
288.00000360	
288.00000360	
288.00000360	
288.00000360	
288.00000359	
288.00000359	
288.00000359	
288.00000359	
288.00000359	
288.00000359	
288.00000359	
288.00000358	
288.00000358	
288.00000358	
288.00000358	
288.00000358	
288.00000358	
288.00000358	
288.00000357	
288.00000357	
288.00000357	
288.00000357	
288.00000357	
288.00000357	
288.00000357	
288.00000356	
288.00000356	
288.00000356	
288.00000356	
288.00000356	
288.00000356	
288.00000356	
288.00000355	
288.00000355	
288.00000355	
288.00000355	
288.00000355	
288.00000355	
288.00000355	
288.00000354	
288.00000354	
288.00000354	
288.00000354	
288.00000354	
288.00000354	
288.00000354	
288.00000353	
288.00000353	
288.00000353	
288.00000353	
288.00000353	
288.00000353	
288.00000353	
288.00000352	
288.00000352	
288.00000352	
288.00000352	
288.00000352	
288.00000352	
288.00000352	
288.00000351	
288.00000351	
288.00000351	
288.00000351	
288.00000351	
288.00000351	
288.00000351	
288.00000350	
288.00000350	
288.00000350	
288.00000350	
288.00000350	
288.00000350	
288.00000350	
288.00000349	
288.00000349	
288.00000349	
288.00000349	
288.00000349	
288.00000349	
288.00000349	
288.00000348	
288.00000348	
288.00000348	
288.00000348	
288.00000348	
288.00000348	
288.00000348	
288.00000348	
288.00000347	
288.00000347	
288.00000347	
288.00000347	
288.00000347	
288.00000347	
288.00000347	
288.00000346	
288.00000346	
288.00000346	
288.00000346	
288.00000346	
288.00000346	
288.00000346	
288.00000345	
288.00000345	
288.00000345	
288.00000345	
288.00000345	
288.00000345	
288.00000345	
288.00000344	
288.00000344	
288.00000344	
288.00000344	
288.00000344	
288.00000344	
288.00000344	
288.00000344	
288.00000343	
288.00000343	
288.00000343	
288.00000343	
288.00000343	
288.00000343	
288.00000343	
288.00000342	
288.00000342	
288.00000342	
288.00000342	
288.00000342	
288.00000342	
288.00000342	
288.00000341	
288.00000341	
288.00000341	
288.00000341	
288.00000341	
288.00000341	
288.00000341	
288.00000340	
288.00000340	
288.00000340	
288.00000340	
288.00000340	
288.00000340	
288.00000340	
288.00000340	
288.00000339	
288.00000339	
288.00000339	
288.00000339	
288.00000339	
288.00000339	
288.00000339	
288.00000338	
288.00000338	
288.00000338	
288.00000338	
288.00000338	
288.00000338	
288.00000338	
288.00000338	
288.00000337	
288.00000337	
288.00000337	
288.00000337	
288.00000337	
288.00000337	
288.00000337	
288.00000336	
288.00000336	
288.00000336	
288.00000336	
288.00000336	
288.00000336	
288.00000336	
288.00000335	
288.00000335	
288.00000335	
288.00000335	
288.00000335	
288.00000335	
288.00000335	
288.00000335	
288.00000334	
288.00000334	
288.00000334	
288.00000334	
288.00000334	
288.00000334	
288.00000334	
288.00000333	
288.00000333	
288.00000333	
288.00000333	
288.00000333	
288.00000333	
288.00000333	
288.00000333	
288.00000332	
288.00000332	
288.00000332	
288.00000332	
288.00000332	
288.00000332	
288.00000332	
288.00000331	
288.00000331	
288.00000331	
288.00000331	
288.00000331	
288.00000331	
288.00000331	
288.00000331	
288.00000330	
288.00000330	
288.00000330	
288.00000330	
288.00000330	
288.00000330	
288.00000330	
288.00000330	
288.00000329	
288.00000329	
288.00000329	
288.00000329	
288.00000329	
288.00000329	
288.00000329	
288.00000328	
288.00000328	
288.00000328	
288.00000328	
288.00000328	
288.00000328	
288.00000328	
288.00000328	
288.00000327	
288.00000327	
288.00000327	
288.00000327	
288.00000327	
288.00000327	
288.00000327	
288.00000326	
288.00000326	
288.00000326	
288.00000326	
288.00000326	
288.00000326	
288.00000326	
288.00000326	
288.00000325	
288.00000325	
288.00000325	
288.00000325	
288.00000325	
288.00000325	
288.00000325	
288.00000325	
288.00000324	
288.00000324	
288.00000324	
288.00000324	
288.00000324	
288.00000324	
288.00000324	
288.00000323	
288.00000323	
288.00000323	
288.00000323	
288.00000323	
288.00000323	
288.00000323	
288.00000323	
288.00000322	
288.00000322	
288.00000322	
288.00000322	
288.00000322	
288.00000322	
288.00000322	
288.00000322	
288.00000321	
288.00000321	
288.00000321	
288.00000321	
288.00000321	
288.00000321	
288.00000321	
288.00000321	
288.00000320	
288.00000320	
288.00000320	
288.00000320	
288.00000320	
288.00000320	
288.00000320	
288.00000320	
288.00000319	
288.00000319	
288.00000319	
288.00000319	
288.00000319	
288.00000319	
288.00000319	
288.00000318	
288.00000318	
288.00000318	
288.00000318	
288.00000318	
288.00000318	
288.00000318	
288.00000318	
288.00000317	
288.00000317	
288.00000317	
288.00000317	
288.00000317	
288.00000317	
288.00000317	
288.00000317	
288.00000316	
288.00000316	
288.00000316	
288.00000316	
288.00000316	
288.00000316	
288.00000316	
288.00000316	
288.00000315	
288.00000315	
288.00000315	
288.00000315	
288.00000315	
288.00000315	
288.00000315	
288.00000315	
288.00000314	
288.00000314	
288.00000314	
288.00000314	
288.00000314	
288.00000314	
288.00000314	
288.00000314	
288.00000313	
288.00000313	
288.00000313	
288.00000313	
288.00000313	
288.00000313	
288.00000313	
288.00000313	
288.00000312	
288.00000312	
288.00000312	
288.00000312	
288.00000312	
288.00000312	
288.00000312	
288.00000312	
288.00000311	
288.00000311	
288.00000311	
288.00000311	
288.00000311	
288.00000311	
288.00000311	
288.00000311	
288.00000310	
288.00000310	
288.00000310	
288.00000310	
288.00000310	
288.00000310	
288.00000310	
288.00000310	
288.00000309	
288.00000309	
288.00000309	
288.00000309	
288.00000309	
288.00000309	
288.00000309	
288.00000309	
288.00000308	
288.00000308	
288.00000308	
288.00000308	
288.00000308	
288.00000308	
288.00000308	
288.00000308	
288.00000307	
288.00000307	
288.00000307	
288.00000307	
288.00000307	
288.00000307	
288.00000307	
288.00000307	
288.00000306	
288.00000306	
288.00000306	
288.00000306	
288.00000306	
288.00000306	
288.00000306	
288.00000306	
288.00000306	
288.00000305	
288.00000305	
288.00000305	
288.00000305	
288.00000305	
288.00000305	
288.00000305	
288.00000305	
288.00000304	
288.00000304	
288.00000304	
288.00000304	
288.00000304	
288.00000304	
288.00000304	
288.00000304	
288.00000303	
288.00000303	
288.00000303	
288.00000303	
288.00000303	
288.00000303	
288.00000303	
288.00000303	
288.00000302	
288.00000302	
288.00000302	
288.00000302	
288.00000302	
288.00000302	
288.00000302	
288.00000302	
288.00000302	
288.00000301	
288.00000301	
288.00000301	
288.00000301	
288.00000301	
288.00000301	
288.00000301	
288.00000301	
288.00000300	
288.00000300	
288.00000300	
288.00000300	
288.00000300	
288.00000300	
288.00000300	
288.00000300	
288.00000299	
288.00000299	
288.00000299	
288.00000299	
288.00000299	
288.00000299	
288.00000299	
288.00000299	
288.00000299	
288.00000298	
288.00000298	
288.00000298	
288.00000298	
288.00000298	
288.00000298	
288.00000298	
288.00000298	
288.00000297	
288.00000297	
288.00000297	
288.00000297	
288.00000297	
288.00000297	
288.00000297	
288.00000297	
288.00000296	
288.00000296	
288.00000296	
288.00000296	
288.00000296	
288.00000296	
288.00000296	
288.00000296	
288.00000296	
288.00000295	
288.00000295	
288.00000295	
288.00000295	
288.00000295	
288.00000295	
288.00000295	
288.00000295	
288.00000294	
288.00000294	
288.00000294	
288.00000294	
288.00000294	
288.00000294	
288.00000294	
288.00000294	
288.00000294	
288.00000293	
288.00000293	
288.00000293	
288.00000293	
288.00000293	
288.00000293	
288.00000293	
288.00000293	
288.00000292	
288.00000292	
288.00000292	
288.00000292	
288.00000292	
288.00000292	
288.00000292	
288.00000292	
288.00000292	
288.00000291	
288.00000291	
288.00000291	
288.00000291	
288.00000291	
288.00000291	
288.00000291	
288.00000291	
288.00000290	
288.00000290	
288.00000290	
288.00000290	
288.00000290	
288.00000290	
288.00000290	
288.00000290	
288.00000290	
288.00000289	
288.00000289	
288.00000289	
288.00000289	
288.00000289	
288.00000289	
288.00000289	
288.00000289	
288.00000289	
288.00000288	
288.00000288	
288.00000288	
288.00000288	
288.00000288	
288.00000288	
288.00000288	
288.00000288	
288.00000287	
288.00000287	
288.00000287	
288.00000287	
288.00000287	
288.00000287	
288.00000287	
288.00000287	
288.00000287	
288.00000286	
288.00000286	
288.00000286	
288.00000286	
288.00000286	
288.00000286	
288.00000286	
288.00000286	
288.00000286	
288.00000285	
288.00000285	
288.00000285	
288.00000285	
288.00000285	
288.00000285	
288.00000285	
288.00000285	
288.00000285	
288.00000284	
288.00000284	
288.00000284	
288.00000284	
288.00000284	
288.00000284	
288.00000284	
288.00000284	
288.00000283	
288.00000283	
288.00000283	
288.00000283	
288.00000283	
288.00000283	
288.00000283	
288.00000283	
288.00000283	
288.00000282	
288.00000282	
288.00000282	
288.00000282	
288.00000282	
288.00000282	
288.00000282	
288.00000282	
288.00000282	
288.00000281	
288.00000281	
288.00000281	
288.00000281	
288.00000281	
288.00000281	
288.00000281	
288.00000281	
288.00000281	
288.00000280	
288.00000280	
288.00000280	
288.00000280	
288.00000280	
288.00000280	
288.00000280	
288.00000280	
288.00000280	
288.00000279	
288.00000279	
288.00000279	
288.00000279	
288.00000279	
288.00000279	
288.00000279	
288.00000279	
288.00000279	
288.00000278	
288.00000278	
288.00000278	
288.00000278	
288.00000278	
288.00000278	
288.00000278	
288.00000278	
288.00000278	
288.00000277	
288.00000277	
288.00000277	
288.00000277	
288.00000277	
288.00000277	
288.00000277	
288.00000277	
288.00000277	
288.00000276	
288.00000276	
288.00000276	
288.00000276	
288.00000276	
288.00000276	
288.00000276	
288.00000276	
288.00000276	
288.00000275	
288.00000275	
288.00000275	
288.00000275	
288.00000275	
288.00000275	
288.00000275	
288.00000275	
288.00000275	
288.00000274	
288.00000274	
288.00000274	
288.00000274	
288.00000274	
288.00000274	
288.00000274	
288.00000274	
288.00000274	
288.00000273	
288.00000273	
288.00000273	
288.00000273	
288.00000273	
288.00000273	
288.00000273	
288.00000273	
288.00000273	
288.00000272	
288.00000272	
288.00000272	
288.00000272	
288.00000272	
288.00000272	
288.00000272	
288.00000272	
288.00000272	
288.00000271	
288.00000271	
288.00000271	
288.00000271	
288.00000271	
288.00000271	
288.00000271	
288.00000271	
288.00000271	
288.00000271	
288.00000270	
288.00000270	
288.00000270	
288.00000270	
288.00000270	
288.00000270	
288.00000270	
288.00000270	
288.00000270	
288.00000269	
288.00000269	
288.00000269	
288.00000269	
288.00000269	
288.00000269	
288.00000269	
288.00000269	
288.00000269	
288.00000268	
288.00000268	
288.00000268	
288.00000268	
288.00000268	
288.00000268	
288.00000268	
288.00000268	
288.00000268	
288.00000268	
288.00000267	
288.00000267	
288.00000267	
288.00000267	
288.00000267	
288.00000267	
288.00000267	
288.00000267	
288.00000267	
288.00000266	
288.00000266	
288.00000266	
288.00000266	
288.00000266	
288.00000266	
288.00000266	
288.00000266	
288.00000266	
288.00000265	
288.00000265	
288.00000265	
288.00000265	
288.00000265	
288.00000265	
288.00000265	
288.00000265	
288.00000265	
288.00000265	
288.00000264	
288.00000264	
288.00000264	
288.00000264	
288.00000264	
288.00000264	
288.00000264	
288.00000264	
288.00000264	
288.00000263	
288.00000263	
288.00000263	
288.00000263	
288.00000263	
288.00000263	
288.00000263	
288.00000263	
288.00000263	
288.00000263	
288.00000262	
288.00000262	
288.00000262	
288.00000262	
288.00000262	
288.00000262	
288.00000262	
288.00000262	
288.00000262	
288.00000261	
288.00000261	
288.00000261	
288.00000261	
288.00000261	
288.00000261	
288.00000261	
288.00000261	
288.00000261	
288.00000261	
288.00000260	
288.00000260	
288.00000260	
288.00000260	
288.00000260	
288.00000260	
288.00000260	
288.00000260	
288.00000260	
288.00000259	
288.00000259	
288.00000259	
288.00000259	
288.00000259	
288.00000259	
288.00000259	
288.00000259	
288.00000259	
288.00000259	
288.00000258	
288.00000258	
288.00000258	
288.00000258	
288.00000258	
288.00000258	
288.00000258	
288.00000258	
288.00000258	
288.00000258	
288.00000257	
288.00000257	
288.00000257	
288.00000257	
288.00000257	
288.00000257	
288.00000257	
288.00000257	
288.00000257	
288.00000257	
288.00000256	
288.00000256	
288.00000256	
288.00000256	
288.00000256	
288.00000256	
288.00000256	
288.00000256	
288.00000256	
288.00000255	
288.00000255	
288.00000255	
288.00000255	
288.00000255	
288.00000255	
288.00000255	
288.00000255	
288.00000255	
288.00000255	
288.00000254	
288.00000254	
288.00000254	
288.00000254	
288.00000254	
288.00000254	
288.00000254	
288.00000254	
288.00000254	
288.00000254	
288.00000253	
288.00000253	
288.00000253	
288.00000253	
288.00000253	
288.00000253	
288.00000253	
288.00000253	
288.00000253	
288.00000253	
288.00000252	
288.00000252	
288.00000252	
288.00000252	
288.00000252	
288.00000252	
288.00000252	
288.00000252	
288.00000252	
288.00000252	
288.00000251	
288.00000251	
288.00000251	
288.00000251	
288.00000251	
288.00000251	
288.00000251	
288.00000251	
288.00000251	
288.00000251	
288.00000250	
288.00000250	
288.00000250	
288.00000250	
288.00000250	
288.00000250	
288.00000250	
288.00000250	
288.00000250	
288.00000250	
288.00000249	
288.00000249	
288.00000249	
288.00000249	
288.00000249	
288.00000249	
288.00000249	
288.00000249	
288.00000249	
288.00000249	
288.00000248	
288.00000248	
288.00000248	
288.00000248	
288.00000248	
288.00000248	
288.00000248	
288.00000248	
288.00000248	
288.00000248	
288.00000247	
288.00000247	
288.00000247	
288.00000247	
288.00000247	
288.00000247	
288.00000247	
288.00000247	
288.00000247	
288.00000247	
288.00000246	
288.00000246	
288.00000246	
288.00000246	
288.00000246	
288.00000246	
288.00000246	
288.00000246	
288.00000246	
288.00000246	
288.00000245	
288.00000245	
288.00000245	
288.00000245	
288.00000245	
288.00000245	
288.00000245	
288.00000245	
288.00000245	
288.00000245	
288.00000244	
288.00000244	
288.00000244	
288.00000244	
288.00000244	
288.00000244	
288.00000244	
288.00000244	
288.00000244	
288.00000244	
288.00000244	
288.00000243	
288.00000243	
288.00000243	
288.00000243	
288.00000243	
288.00000243	
288.00000243	
288.00000243	
288.00000243	
288.00000243	
288.00000242	
288.00000242	
288.00000242	
288.00000242	
288.00000242	
288.00000242	
288.00000242	
288.00000242	
288.00000242	
288.00000242	
288.00000241	
288.00000241	
288.00000241	
288.00000241	
288.00000241	
288.00000241	
288.00000241	
288.00000241	
288.00000241	
288.00000241	
288.00000241	
288.00000240	
288.00000240	
288.00000240	
288.00000240	
288.00000240	
288.00000240	
288.00000240	
288.00000240	
288.00000240	
288.00000240	
288.00000239	
288.00000239	
288.00000239	
288.00000239	
288.00000239	
288.00000239	
288.00000239	
288.00000239	
288.00000239	
288.00000239	
288.00000238	
288.00000238	
288.00000238	
288.00000238	
288.00000238	
288.00000238	
288.00000238	
288.00000238	
288.00000238	
288.00000238	
288.00000238	
288.00000237	
288.00000237	
288.00000237	
288.00000237	
288.00000237	
288.00000237	
288.00000237	
288.00000237	
288.00000237	
288.00000237	
288.00000236	
288.00000236	
288.00000236	
288.00000236	
288.00000236	
288.00000236	
288.00000236	
288.00000236	
288.00000236	
288.00000236	
288.00000236	
288.00000235	
288.00000235	
288.00000235	
288.00000235	
288.00000235	
288.00000235	
288.00000235	
288.00000235	
288.00000235	
288.00000235	
288.00000235	
288.00000234	
288.00000234	
288.00000234	
288.00000234	
288.00000234	
288.00000234	
288.00000234	
288.00000234	
288.00000234	
288.00000234	
288.00000233	
288.00000233	
288.00000233	
288.00000233	
288.00000233	
288.00000233	
288.00000233	
288.00000233	
288.00000233	
288.00000233	
288.00000233	
288.00000232	
288.00000232	
288.00000232	
288.00000232	
288.00000232	
288.00000232	
288.00000232	
288.00000232	
288.00000232	
288.00000232	
288.00000232	
288.00000231	
288.00000231	
288.00000231	
288.00000231	
288.00000231	
288.00000231	
288.00000231	
288.00000231	
288.00000231	
288.00000231	
288.00000231	
288.00000230	
288.00000230	
288.00000230	
288.00000230	
288.00000230	
288.00000230	
288.00000230	
288.00000230	
288.00000230	
288.00000230	
288.00000230	
288.00000229	
288.00000229	
288.00000229	
288.00000229	
288.00000229	
288.00000229	
288.00000229	
288.00000229	
288.00000229	
288.00000229	
288.00000228	
288.00000228	
288.00000228	
288.00000228	
288.00000228	
288.00000228	
288.00000228	
288.00000228	
288.00000228	
288.00000228	
288.00000228	
288.00000227	
288.00000227	
288.00000227	
288.00000227	
288.00000227	
288.00000227	
288.00000227	
288.00000227	
288.00000227	
288.00000227	
288.00000227	
288.00000226	
288.00000226	
288.00000226	
288.00000226	
288.00000226	
288.00000226	
288.00000226	
288.00000226	
288.00000226	
288.00000226	
288.00000226	
288.00000226	
288.00000225	
288.00000225	
288.00000225	
288.00000225	
288.00000225	
288.00000225	
288.00000225	
288.00000225	
288.00000225	
288.00000225	
288.00000225	
288.00000224	
288.00000224	
288.00000224	
288.00000224	
288.00000224	
288.00000224	
288.00000224	
288.00000224	
288.00000224	
288.00000224	
288.00000224	
288.00000223	
288.00000223	
288.00000223	
288.00000223	
288.00000223	
288.00000223	
288.00000223	
288.00000223	
288.00000223	
288.00000223	
288.00000223	
288.00000222	
288.00000222	
288.00000222	
288.00000222	
288.00000222	
288.00000222	
288.00000222	
288.00000222	
288.00000222	
288.00000222	
288.00000222	
288.00000221	
288.00000221	
288.00000221	
288.00000221	
288.00000221	
288.00000221	
288.00000221	
288.00000221	
288.00000221	
288.00000221	
288.00000221	
288.00000221	
288.00000220	
288.00000220	
288.00000220	
288.00000220	
288.00000220	
288.00000220	
288.00000220	
288.00000220	
288.00000220	
288.00000220	
288.00000220	
288.00000219	
288.00000219	
288.00000219	
288.00000219	
288.00000219	
288.00000219	
288.00000219	
288.00000219	
288.00000219	
288.00000219	
288.00000219	
288.00000218	
288.00000218	
288.00000218	
288.00000218	
288.00000218	
288.00000218	
288.00000218	
288.00000218	
288.00000218	
288.00000218	
288.00000218	
288.00000218	
288.00000217	
288.00000217	
288.00000217	
288.00000217	
288.00000217	
288.00000217	
288.00000217	
288.00000217	
288.00000217	
288.00000217	
288.00000217	
288.00000216	
288.00000216	
288.00000216	
288.00000216	
288.00000216	
288.00000216	
288.00000216	
288.00000216	
288.00000216	
288.00000216	
288.00000216	
288.00000216	
288.00000215	
288.00000215	
288.00000215	
288.00000215	
288.00000215	
288.00000215	
288.00000215	
288.00000215	
288.00000215	
288.00000215	
288.00000215	
288.00000215	
288.00000214	
288.00000214	
288.00000214	
288.00000214	
288.00000214	
288.00000214	
288.00000214	
288.00000214	
288.00000214	
288.00000214	
288.00000214	
288.00000213	
288.00000213	
288.00000213	
288.00000213	
288.00000213	
288.00000213	
288.00000213	
288.00000213	
288.00000213	
288.00000213	
288.00000213	
288.00000213	
288.00000212	
288.00000212	
288.00000212	
288.00000212	
288.00000212	
288.00000212	
288.00000212	
288.00000212	
288.00000212	
288.00000212	
288.00000212	
288.00000212	
288.00000211	
288.00000211	
288.00000211	
288.00000211	
288.00000211	
288.00000211	
288.00000211	
288.00000211	
288.00000211	
288.00000211	
288.00000211	
288.00000211	
288.00000210	
288.00000210	
288.00000210	
288.00000210	
288.00000210	
288.00000210	
288.00000210	
288.00000210	
288.00000210	
288.00000210	
288.00000210	
288.00000209	
288.00000209	
288.00000209	
288.00000209	
288.00000209	
288.00000209	
288.00000209	
288.00000209	
288.00000209	
288.00000209	
288.00000209	
288.00000209	
288.00000208	
288.00000208	
288.00000208	
288.00000208	
288.00000208	
288.00000208	
288.00000208	
288.00000208	
288.00000208	
288.00000208	
288.00000208	
288.00000208	
288.00000207	
288.00000207	
288.00000207	
288.00000207	
288.00000207	
288.00000207	
288.00000207	
288.00000207	
288.00000207	
288.00000207	
288.00000207	
288.00000207	
288.00000207	
288.00000206	
288.00000206	
288.00000206	
288.00000206	
288.00000206	
288.00000206	
288.00000206	
288.00000206	
288.00000206	
288.00000206	
288.00000206	
288.00000206	
288.00000205	
288.00000205	
288.00000205	
288.00000205	
288.00000205	
288.00000205	
288.00000205	
288.00000205	
288.00000205	
288.00000205	
288.00000205	
288.00000205	
288.00000204	
288.00000204	
288.00000204	
288.00000204	
288.00000204	
288.00000204	
288.00000204	
288.00000204	
288.00000204	
288.00000204	
288.00000204	
288.00000204	
288.00000203	
288.00000203	
288.00000203	
288.00000203	
288.00000203	
288.00000203	
288.00000203	
288.00000203	
288.00000203	
288.00000203	
288.00000203	
288.00000203	
288.00000202	
288.00000202	
288.00000202	
288.00000202	
288.00000202	
288.00000202	
288.00000202	
288.00000202	
288.00000202	
288.00000202	
288.00000202	
288.00000202	
288.00000202	
288.00000201	
288.00000201	
288.00000201	
288.00000201	
288.00000201	
288.00000201	
288.00000201	
288.00000201	
288.00000201	
288.00000201	
288.00000201	
288.00000201	
288.00000200	
288.00000200	
288.00000200	
288.00000200	
288.00000200	
288.00000200	
288.00000200	
288.00000200	
288.00000200	
288.00000200	
288.00000200	
288.00000200	
288.00000200	
288.00000199	
288.00000199	
288.00000199	
288.00000199	
288.00000199	
288.00000199	
288.00000199	
288.00000199	
288.00000199	
288.00000199	
288.00000199	
288.00000199	
288.00000198	
288.00000198	
288.00000198	
288.00000198	
288.00000198	
288.00000198	
288.00000198	
288.00000198	
288.00000198	
288.00000198	
288.00000198	
288.00000198	
288.00000198	
288.00000197	
288.00000197	
288.00000197	
288.00000197	
288.00000197	
288.00000197	
288.00000197	
288.00000197	
288.00000197	
288.00000197	
288.00000197	
288.00000197	
288.00000197	
288.00000196	
288.00000196	
288.00000196	
288.00000196	
288.00000196	
288.00000196	
288.00000196	
288.00000196	
288.00000196	
288.00000196	
288.00000196	
288.00000196	
288.00000195	
288.00000195	
288.00000195	
288.00000195	
288.00000195	
288.00000195	
288.00000195	
288.00000195	
288.00000195	
288.00000195	
288.00000195	
288.00000195	
288.00000195	
288.00000194	
288.00000194	
288.00000194	
288.00000194	
288.00000194	
288.00000194	
288.00000194	
288.00000194	
288.00000194	
288.00000194	
288.00000194	
288.00000194	
288.00000194	
288.00000193	
288.00000193	
288.00000193	
288.00000193	
288.00000193	
288.00000193	
288.00000193	
288.00000193	
288.00000193	
288.00000193	
288.00000193	
288.00000193	
288.00000193	
288.00000192	
288.00000192	
288.00000192	
288.00000192	
288.00000192	
288.00000192	
288.00000192	
288.00000192	
288.00000192	
288.00000192	
288.00000192	
288.00000192	
288.00000192	
288.00000191	
288.00000191	
288.00000191	
288.00000191	
288.00000191	
288.00000191	
288.00000191	
288.00000191	
288.00000191	
288.00000191	
288.00000191	
288.00000191	
288.00000191	
288.00000190	
288.00000190	
288.00000190	
288.00000190	
288.00000190	
288.00000190	
288.00000190	
288.00000190	
288.00000190	
288.00000190	
288.00000190	
288.00000190	
288.00000190	
288.00000189	
288.00000189	
288.00000189	
288.00000189	
288.00000189	
288.00000189	
288.00000189	
288.00000189	
288.00000189	
288.00000189	
288.00000189	
288.00000189	
288.00000189	
288.00000188	
288.00000188	
288.00000188	
288.00000188	
288.00000188	
288.00000188	
288.00000188	
288.00000188	
288.00000188	
288.00000188	
288.00000188	
288.00000188	
288.00000188	
288.00000188	
288.00000187	
288.00000187	
288.00000187	
288.00000187	
288.00000187	
288.00000187	
288.00000187	
288.00000187	
288.00000187	
288.00000187	
288.00000187	
288.00000187	
288.00000187	
288.00000186	
288.00000186	
288.00000186	
288.00000186	
288.00000186	
288.00000186	
288.00000186	
288.00000186	
288.00000186	
288.00000186	
288.00000186	
288.00000186	
288.00000186	
288.00000186	
288.00000185	
288.00000185	
288.00000185	
288.00000185	
288.00000185	
288.00000185	
288.00000185	
288.00000185	
288.00000185	
288.00000185	
288.00000185	
288.00000185	
288.00000185	
288.00000184	
288.00000184	
288.00000184	
288.00000184	
288.00000184	
288.00000184	
288.00000184	
288.00000184	
288.00000184	
288.00000184	
288.00000184	
288.00000184	
288.00000184	
288.00000184	
288.00000183	
288.00000183	
288.00000183	
288.00000183	
288.00000183	
288.00000183	
288.00000183	
288.00000183	
288.00000183	
288.00000183	
288.00000183	
288.00000183	
288.00000183	
288.00000182	
288.00000182	
288.00000182	
288.00000182	
288.00000182	
288.00000182	
288.00000182	
288.00000182	
288.00000182	
288.00000182	
288.00000182	
288.00000182	
288.00000182	
288.00000182	
288.00000181	
288.00000181	
288.00000181	
288.00000181	
288.00000181	
288.00000181	
288.00000181	
288.00000181	
288.00000181	
288.00000181	
288.00000181	
288.00000181	
288.00000181	
288.00000181	
288.00000180	
288.00000180	
288.00000180	
288.00000180	
288.00000180	
288.00000180	
288.00000180	
288.00000180	
288.00000180	
288.00000180	
288.00000180	
288.00000180	
288.00000180	
288.00000180	
288.00000179	
288.00000179	
288.00000179	
288.00000179	
288.00000179	
288.00000179	
288.00000179	
288.00000179	
288.00000179	
288.00000179	
288.00000179	
288.00000179	
288.00000179	
288.00000179	
288.00000178	
288.00000178	
288.00000178	
288.00000178	
288.00000178	
288.00000178	
288.00000178	
288.00000178	
288.00000178	
288.00000178	
288.00000178	
288.00000178	
288.00000178	
288.00000178	
288.00000177	
288.00000177	
288.00000177	
288.00000177	
288.00000177	
288.00000177	
288.00000177	
288.00000177	
288.00000177	
288.00000177	
288.00000177	
288.00000177	
288.00000177	
288.00000177	
288.00000176	
288.00000176	
288.00000176	
288.00000176	
288.00000176	
288.00000176	
288.00000176	
288.00000176	
288.00000176	
288.00000176	
288.00000176	
288.00000176	
288.00000176	
288.00000176	
288.00000175	
288.00000175	
288.00000175	
288.00000175	
288.00000175	
288.00000175	
288.00000175	
288.00000175	
288.00000175	
288.00000175	
288.00000175	
288.00000175	
288.00000175	
288.00000175	
288.00000174	
288.00000174	
288.00000174	
288.00000174	
288.00000174	
288.00000174	
288.00000174	
288.00000174	
288.00000174	
288.00000174	
288.00000174	
288.00000174	
288.00000174	
288.00000174	
288.00000174	
288.00000173	
288.00000173	
288.00000173	
288.00000173	
288.00000173	
288.00000173	
288.00000173	
288.00000173	
288.00000173	
288.00000173	
288.00000173	
288.00000173	
288.00000173	
288.00000173	
288.00000172	
288.00000172	
288.00000172	
288.00000172	
288.00000172	
288.00000172	
288.00000172	
288.00000172	
288.00000172	
288.00000172	
288.00000172	
288.00000172	
288.00000172	
288.00000172	
288.00000172	
288.00000171	
288.00000171	
288.00000171	
288.00000171	
288.00000171	
288.00000171	
288.00000171	
288.00000171	
288.00000171	
288.00000171	
288.00000171	
288.00000171	
288.00000171	
288.00000171	
288.00000170	
288.00000170	
288.00000170	
288.00000170	
288.00000170	
288.00000170	
288.00000170	
288.00000170	
288.00000170	
288.00000170	
288.00000170	
288.00000170	
288.00000170	
288.00000170	
288.00000170	
288.00000169	
288.00000169	
288.00000169	
288.00000169	
288.00000169	
288.00000169	
288.00000169	
288.00000169	
288.00000169	
288.00000169	
288.00000169	
288.00000169	
288.00000169	
288.00000169	
288.00000169	
288.00000168	
288.00000168	
288.00000168	
288.00000168	
288.00000168	
288.00000168	
288.00000168	
288.00000168	
288.00000168	
288.00000168	
288.00000168	
288.00000168	
288.00000168	
288.00000168	
288.00000168	
288.00000167	
288.00000167	
288.00000167	
288.00000167	
288.00000167	
288.00000167	
288.00000167	
288.00000167	
288.00000167	
288.00000167	
288.00000167	
288.00000167	
288.00000167	
288.00000167	
288.00000167	
288.00000166	
288.00000166	
288.00000166	
288.00000166	
288.00000166	
288.00000166	
288.00000166	
288.00000166	
