297.23752109	
297.23382608	
297.23013255	
297.22644050	
297.22274992	
297.21906082	
297.21537320	
297.21168705	
297.20800237	
297.20431917	
297.20063744	
297.19695719	
297.19327841	
297.18960110	
297.18592525	
297.18225088	
297.17857798	
297.17490655	
297.17123659	
297.16756810	
297.16390107	
297.16023551	
297.15657141	
297.15290879	
297.14924762	
297.14558792	
297.14192969	
297.13827292	
297.13461761	
297.13096376	
297.12731137	
297.12366045	
297.12001099	
297.11636298	
297.11271644	
297.10907135	
297.10542772	
297.10178555	
297.09814484	
297.09450558	
297.09086778	
297.08723143	
297.08359654	
297.07996310	
297.07633111	
297.07270058	
297.06907150	
297.06544387	
297.06181769	
297.05819297	
297.05456969	
297.05094786	
297.04732748	
297.04370855	
297.04009107	
297.03647503	
297.03286044	
297.02924730	
297.02563560	
297.02202534	
297.01841653	
297.01480917	
297.01120324	
297.00759876	
297.00399572	
297.00039412	
296.99679397	
296.99319525	
296.98959797	
296.98600213	
296.98240773	
296.97881477	
296.97522324	
296.97163315	
296.96804450	
296.96445728	
296.96087150	
296.95728715	
296.95370423	
296.95012275	
296.94654270	
296.94296409	
296.93938690	
296.93581115	
296.93223682	
296.92866393	
296.92509246	
296.92152242	
296.91795382	
296.91438663	
296.91082088	
296.90725655	
296.90369365	
296.90013217	
296.89657212	
296.89301349	
296.88945628	
296.88590050	
296.88234614	
296.87879320	
296.87524169	
296.87169159	
296.86814291	
296.86459566	
296.86104982	
296.85750540	
296.85396239	
296.85042081	
296.84688064	
296.84334189	
296.83980455	
296.83626863	
296.83273412	
296.82920103	
296.82566935	
296.82213908	
296.81861023	
296.81508278	
296.81155675	
296.80803213	
296.80450891	
296.80098711	
296.79746671	
296.79394773	
296.79043015	
296.78691398	
296.78339921	
296.77988585	
296.77637390	
296.77286335	
296.76935420	
296.76584646	
296.76234012	
296.75883519	
296.75533165	
296.75182952	
296.74832879	
296.74482946	
296.74133152	
296.73783499	
296.73433986	
296.73084612	
296.72735378	
296.72386284	
296.72037330	
296.71688515	
296.71339839	
296.70991303	
296.70642907	
296.70294650	
296.69946532	
296.69598553	
296.69250714	
296.68903014	
296.68555452	
296.68208030	
296.67860747	
296.67513603	
296.67166597	
296.66819731	
296.66473003	
296.66126413	
296.65779963	
296.65433651	
296.65087477	
296.64741442	
296.64395546	
296.64049788	
296.63704168	
296.63358686	
296.63013343	
296.62668137	
296.62323070	
296.61978141	
296.61633350	
296.61288696	
296.60944181	
296.60599803	
296.60255563	
296.59911461	
296.59567496	
296.59223669	
296.58879980	
296.58536428	
296.58193013	
296.57849736	
296.57506596	
296.57163594	
296.56820728	
296.56478000	
296.56135409	
296.55792954	
296.55450637	
296.55108457	
296.54766414	
296.54424507	
296.54082737	
296.53741104	
296.53399608	
296.53058248	
296.52717025	
296.52375938	
296.52034987	
296.51694173	
296.51353496	
296.51012954	
296.50672549	
296.50332280	
296.49992147	
296.49652150	
296.49312289	
296.48972565	
296.48632976	
296.48293522	
296.47954205	
296.47615023	
296.47275977	
296.46937067	
296.46598292	
296.46259653	
296.45921149	
296.45582780	
296.45244547	
296.44906449	
296.44568487	
296.44230659	
296.43892967	
296.43555410	
296.43217988	
296.42880701	
296.42543548	
296.42206531	
296.41869648	
296.41532901	
296.41196287	
296.40859809	
296.40523465	
296.40187256	
296.39851181	
296.39515240	
296.39179434	
296.38843762	
296.38508225	
296.38172821	
296.37837552	
296.37502417	
296.37167416	
296.36832549	
296.36497816	
296.36163217	
296.35828752	
296.35494420	
296.35160223	
296.34826159	
296.34492228	
296.34158431	
296.33824768	
296.33491238	
296.33157841	
296.32824578	
296.32491449	
296.32158452	
296.31825589	
296.31492858	
296.31160261	
296.30827797	
296.30495466	
296.30163268	
296.29831202	
296.29499270	
296.29167470	
296.28835803	
296.28504269	
296.28172867	
296.27841598	
296.27510461	
296.27179457	
296.26848585	
296.26517846	
296.26187239	
296.25856764	
296.25526421	
296.25196211	
296.24866132	
296.24536186	
296.24206371	
296.23876689	
296.23547138	
296.23217719	
296.22888432	
296.22559277	
296.22230253	
296.21901361	
296.21572600	
296.21243971	
296.20915474	
296.20587108	
296.20258873	
296.19930769	
296.19602797	
296.19274956	
296.18947246	
296.18619667	
296.18292219	
296.17964902	
296.17637716	
296.17310661	
296.16983737	
296.16656943	
296.16330281	
296.16003748	
296.15677347	
296.15351076	
296.15024936	
296.14698926	
296.14373046	
296.14047297	
296.13721678	
296.13396189	
296.13070831	
296.12745602	
296.12420504	
296.12095536	
296.11770698	
296.11445990	
296.11121411	
296.10796963	
296.10472644	
296.10148455	
296.09824395	
296.09500466	
296.09176665	
296.08852995	
296.08529454	
296.08206042	
296.07882759	
296.07559606	
296.07236582	
296.06913688	
296.06590922	
296.06268286	
296.05945779	
296.05623400	
296.05301151	
296.04979030	
296.04657039	
296.04335176	
296.04013442	
296.03691837	
296.03370360	
296.03049012	
296.02727792	
296.02406701	
296.02085738	
296.01764904	
296.01444198	
296.01123620	
296.00803171	
296.00482850	
296.00162657	
295.99842591	
295.99522654	
295.99202845	
295.98883164	
295.98563611	
295.98244185	
295.97924888	
295.97605718	
295.97286676	
295.96967761	
295.96648974	
295.96330314	
295.96011782	
295.95693377	
295.95375100	
295.95056950	
295.94738927	
295.94421032	
295.94103263	
295.93785622	
295.93468108	
295.93150720	
295.92833460	
295.92516327	
295.92199320	
295.91882440	
295.91565688	
295.91249061	
295.90932562	
295.90616189	
295.90299942	
295.89983822	
295.89667829	
295.89351961	
295.89036221	
295.88720606	
295.88405118	
295.88089756	
295.87774520	
295.87459410	
295.87144426	
295.86829569	
295.86514837	
295.86200231	
295.85885751	
295.85571397	
295.85257168	
295.84943065	
295.84629088	
295.84315236	
295.84001510	
295.83687910	
295.83374434	
295.83061085	
295.82747860	
295.82434761	
295.82121787	
295.81808938	
295.81496215	
295.81183616	
295.80871143	
295.80558794	
295.80246571	
295.79934472	
295.79622498	
295.79310650	
295.78998925	
295.78687326	
295.78375851	
295.78064500	
295.77753275	
295.77442173	
295.77131196	
295.76820344	
295.76509616	
295.76199012	
295.75888532	
295.75578177	
295.75267946	
295.74957838	
295.74647855	
295.74337996	
295.74028261	
295.73718650	
295.73409162	
295.73099799	
295.72790559	
295.72481442	
295.72172450	
295.71863581	
295.71554835	
295.71246214	
295.70937715	
295.70629340	
295.70321088	
295.70012960	
295.69704955	
295.69397073	
295.69089314	
295.68781678	
295.68474165	
295.68166776	
295.67859509	
295.67552365	
295.67245344	
295.66938446	
295.66631671	
295.66325018	
295.66018488	
295.65712081	
295.65405796	
295.65099634	
295.64793594	
295.64487676	
295.64181881	
295.63876208	
295.63570658	
295.63265230	
295.62959924	
295.62654740	
295.62349678	
295.62044738	
295.61739920	
295.61435224	
295.61130650	
295.60826198	
295.60521867	
295.60217658	
295.59913571	
295.59609606	
295.59305762	
295.59002040	
295.58698439	
295.58394960	
295.58091602	
295.57788365	
295.57485250	
295.57182255	
295.56879383	
295.56576631	
295.56274000	
295.55971491	
295.55669102	
295.55366834	
295.55064688	
295.54762662	
295.54460757	
295.54158972	
295.53857309	
295.53555766	
295.53254344	
295.52953042	
295.52651861	
295.52350800	
295.52049860	
295.51749040	
295.51448340	
295.51147761	
295.50847302	
295.50546963	
295.50246744	
295.49946645	
295.49646666	
295.49346808	
295.49047069	
295.48747450	
295.48447951	
295.48148572	
295.47849313	
295.47550173	
295.47251153	
295.46952252	
295.46653472	
295.46354810	
295.46056268	
295.45757846	
295.45459543	
295.45161359	
295.44863294	
295.44565349	
295.44267523	
295.43969816	
295.43672228	
295.43374759	
295.43077409	
295.42780178	
295.42483066	
295.42186073	
295.41889198	
295.41592443	
295.41295806	
295.40999287	
295.40702888	
295.40406606	
295.40110444	
295.39814400	
295.39518474	
295.39222666	
295.38926977	
295.38631407	
295.38335954	
295.38040620	
295.37745403	
295.37450305	
295.37155325	
295.36860463	
295.36565719	
295.36271093	
295.35976584	
295.35682193	
295.35387921	
295.35093765	
295.34799728	
295.34505808	
295.34212006	
295.33918321	
295.33624754	
295.33331304	
295.33037971	
295.32744756	
295.32451658	
295.32158677	
295.31865814	
295.31573068	
295.31280438	
295.30987926	
295.30695531	
295.30403253	
295.30111092	
295.29819047	
295.29527119	
295.29235309	
295.28943615	
295.28652037	
295.28360576	
295.28069232	
295.27778004	
295.27486893	
295.27195898	
295.26905020	
295.26614258	
295.26323612	
295.26033083	
295.25742670	
295.25452373	
295.25162192	
295.24872127	
295.24582178	
295.24292345	
295.24002628	
295.23713027	
295.23423542	
295.23134172	
295.22844919	
295.22555781	
295.22266758	
295.21977852	
295.21689061	
295.21400385	
295.21111825	
295.20823380	
295.20535051	
295.20246837	
295.19958738	
295.19670754	
295.19382886	
295.19095133	
295.18807495	
295.18519972	
295.18232564	
295.17945271	
295.17658093	
295.17371030	
295.17084081	
295.16797248	
295.16510529	
295.16223924	
295.15937435	
295.15651060	
295.15364799	
295.15078654	
295.14792622	
295.14506705	
295.14220902	
295.13935214	
295.13649640	
295.13364180	
295.13078834	
295.12793603	
295.12508485	
295.12223482	
295.11938593	
295.11653817	
295.11369156	
295.11084608	
295.10800174	
295.10515854	
295.10231648	
295.09947555	
295.09663576	
295.09379711	
295.09095959	
295.08812320	
295.08528795	
295.08245384	
295.07962086	
295.07678901	
295.07395829	
295.07112871	
295.06830026	
295.06547294	
295.06264675	
295.05982169	
295.05699776	
295.05417496	
295.05135329	
295.04853275	
295.04571334	
295.04289505	
295.04007790	
295.03726186	
295.03444696	
295.03163318	
295.02882053	
295.02600900	
295.02319860	
295.02038932	
295.01758116	
295.01477413	
295.01196822	
295.00916343	
295.00635977	
295.00355722	
295.00075580	
294.99795550	
294.99515631	
294.99235825	
294.98956131	
294.98676548	
294.98397078	
294.98117719	
294.97838472	
294.97559336	
294.97280313	
294.97001401	
294.96722600	
294.96443911	
294.96165333	
294.95886867	
294.95608513	
294.95330269	
294.95052137	
294.94774116	
294.94496207	
294.94218408	
294.93940721	
294.93663144	
294.93385679	
294.93108325	
294.92831082	
294.92553949	
294.92276928	
294.92000017	
294.91723217	
294.91446528	
294.91169949	
294.90893481	
294.90617124	
294.90340877	
294.90064740	
294.89788714	
294.89512799	
294.89236994	
294.88961299	
294.88685714	
294.88410240	
294.88134876	
294.87859622	
294.87584478	
294.87309445	
294.87034521	
294.86759707	
294.86485003	
294.86210409	
294.85935925	
294.85661551	
294.85387286	
294.85113131	
294.84839086	
294.84565150	
294.84291324	
294.84017608	
294.83744000	
294.83470503	
294.83197115	
294.82923836	
294.82650666	
294.82377606	
294.82104655	
294.81831813	
294.81559080	
294.81286457	
294.81013942	
294.80741537	
294.80469240	
294.80197052	
294.79924973	
294.79653003	
294.79381142	
294.79109390	
294.78837746	
294.78566211	
294.78294784	
294.78023467	
294.77752257	
294.77481156	
294.77210164	
294.76939280	
294.76668504	
294.76397837	
294.76127278	
294.75856827	
294.75586484	
294.75316249	
294.75046123	
294.74776104	
294.74506194	
294.74236391	
294.73966697	
294.73697110	
294.73427631	
294.73158260	
294.72888997	
294.72619841	
294.72350793	
294.72081853	
294.71813020	
294.71544295	
294.71275677	
294.71007167	
294.70738764	
294.70470469	
294.70202281	
294.69934200	
294.69666226	
294.69398360	
294.69130600	
294.68862948	
294.68595403	
294.68327965	
294.68060633	
294.67793409	
294.67526292	
294.67259281	
294.66992378	
294.66725581	
294.66458890	
294.66192307	
294.65925830	
294.65659460	
294.65393196	
294.65127039	
294.64860988	
294.64595043	
294.64329205	
294.64063474	
294.63797848	
294.63532329	
294.63266916	
294.63001609	
294.62736409	
294.62471314	
294.62206326	
294.61941443	
294.61676667	
294.61411996	
294.61147431	
294.60882972	
294.60618619	
294.60354371	
294.60090230	
294.59826194	
294.59562263	
294.59298438	
294.59034719	
294.58771105	
294.58507597	
294.58244193	
294.57980896	
294.57717703	
294.57454616	
294.57191635	
294.56928758	
294.56665986	
294.56403320	
294.56140759	
294.55878302	
294.55615951	
294.55353705	
294.55091563	
294.54829527	
294.54567595	
294.54305768	
294.54044045	
294.53782428	
294.53520915	
294.53259506	
294.52998203	
294.52737003	
294.52475909	
294.52214918	
294.51954032	
294.51693251	
294.51432573	
294.51172000	
294.50911531	
294.50651167	
294.50390906	
294.50130750	
294.49870698	
294.49610749	
294.49350905	
294.49091165	
294.48831528	
294.48571996	
294.48312567	
294.48053242	
294.47794021	
294.47534903	
294.47275889	
294.47016979	
294.46758172	
294.46499469	
294.46240869	
294.45982372	
294.45723980	
294.45465690	
294.45207504	
294.44949421	
294.44691441	
294.44433564	
294.44175791	
294.43918121	
294.43660553	
294.43403089	
294.43145728	
294.42888470	
294.42631314	
294.42374262	
294.42117312	
294.41860465	
294.41603721	
294.41347079	
294.41090541	
294.40834104	
294.40577771	
294.40321540	
294.40065411	
294.39809385	
294.39553461	
294.39297640	
294.39041921	
294.38786304	
294.38530789	
294.38275377	
294.38020067	
294.37764859	
294.37509753	
294.37254749	
294.36999847	
294.36745047	
294.36490349	
294.36235753	
294.35981259	
294.35726866	
294.35472575	
294.35218386	
294.34964299	
294.34710313	
294.34456429	
294.34202647	
294.33948966	
294.33695386	
294.33441908	
294.33188531	
294.32935256	
294.32682082	
294.32429009	
294.32176037	
294.31923167	
294.31670397	
294.31417729	
294.31165162	
294.30912696	
294.30660331	
294.30408067	
294.30155904	
294.29903841	
294.29651880	
294.29400019	
294.29148259	
294.28896600	
294.28645041	
294.28393583	
294.28142226	
294.27890969	
294.27639812	
294.27388756	
294.27137801	
294.26886946	
294.26636191	
294.26385537	
294.26134982	
294.25884528	
294.25634175	
294.25383921	
294.25133767	
294.24883714	
294.24633760	
294.24383907	
294.24134153	
294.23884500	
294.23634946	
294.23385492	
294.23136138	
294.22886883	
294.22637728	
294.22388673	
294.22139718	
294.21890862	
294.21642106	
294.21393449	
294.21144891	
294.20896433	
294.20648075	
294.20399816	
294.20151656	
294.19903595	
294.19655634	
294.19407771	
294.19160008	
294.18912344	
294.18664779	
294.18417313	
294.18169946	
294.17922678	
294.17675509	
294.17428439	
294.17181468	
294.16934595	
294.16687821	
294.16441146	
294.16194570	
294.15948092	
294.15701713	
294.15455432	
294.15209250	
294.14963166	
294.14717181	
294.14471294	
294.14225506	
294.13979815	
294.13734223	
294.13488730	
294.13243334	
294.12998037	
294.12752838	
294.12507737	
294.12262733	
294.12017828	
294.11773021	
294.11528312	
294.11283701	
294.11039187	
294.10794772	
294.10550454	
294.10306233	
294.10062111	
294.09818086	
294.09574159	
294.09330329	
294.09086597	
294.08842962	
294.08599425	
294.08355985	
294.08112643	
294.07869398	
294.07626250	
294.07383200	
294.07140246	
294.06897390	
294.06654631	
294.06411970	
294.06169405	
294.05926937	
294.05684566	
294.05442292	
294.05200115	
294.04958035	
294.04716052	
294.04474166	
294.04232376	
294.03990683	
294.03749087	
294.03507587	
294.03266184	
294.03024878	
294.02783668	
294.02542554	
294.02301537	
294.02060617	
294.01819792	
294.01579065	
294.01338433	
294.01097898	
294.00857458	
294.00617115	
294.00376869	
294.00136718	
293.99896663	
293.99656704	
293.99416842	
293.99177075	
293.98937404	
293.98697829	
293.98458350	
293.98218967	
293.97979679	
293.97740487	
293.97501391	
293.97262391	
293.97023486	
293.96784676	
293.96545962	
293.96307344	
293.96068821	
293.95830394	
293.95592061	
293.95353825	
293.95115683	
293.94877637	
293.94639686	
293.94401830	
293.94164069	
293.93926403	
293.93688833	
293.93451357	
293.93213977	
293.92976691	
293.92739501	
293.92502405	
293.92265404	
293.92028498	
293.91791686	
293.91554970	
293.91318348	
293.91081820	
293.90845387	
293.90609049	
293.90372806	
293.90136657	
293.89900602	
293.89664642	
293.89428776	
293.89193004	
293.88957327	
293.88721744	
293.88486255	
293.88250861	
293.88015561	
293.87780354	
293.87545242	
293.87310224	
293.87075300	
293.86840470	
293.86605734	
293.86371091	
293.86136543	
293.85902088	
293.85667728	
293.85433460	
293.85199287	
293.84965207	
293.84731221	
293.84497329	
293.84263530	
293.84029824	
293.83796213	
293.83562694	
293.83329269	
293.83095937	
293.82862699	
293.82629554	
293.82396502	
293.82163543	
293.81930678	
293.81697906	
293.81465227	
293.81232640	
293.81000147	
293.80767747	
293.80535440	
293.80303226	
293.80071105	
293.79839076	
293.79607141	
293.79375298	
293.79143548	
293.78911890	
293.78680326	
293.78448853	
293.78217474	
293.77986187	
293.77754992	
293.77523890	
293.77292881	
293.77061964	
293.76831139	
293.76600406	
293.76369766	
293.76139218	
293.75908763	
293.75678399	
293.75448128	
293.75217949	
293.74987861	
293.74757866	
293.74527963	
293.74298152	
293.74068433	
293.73838805	
293.73609270	
293.73379826	
293.73150474	
293.72921214	
293.72692045	
293.72462969	
293.72233983	
293.72005090	
293.71776288	
293.71547577	
293.71318958	
293.71090431	
293.70861995	
293.70633650	
293.70405396	
293.70177234	
293.69949163	
293.69721184	
293.69493295	
293.69265498	
293.69037792	
293.68810176	
293.68582652	
293.68355219	
293.68127877	
293.67900626	
293.67673466	
293.67446396	
293.67219418	
293.66992530	
293.66765733	
293.66539027	
293.66312411	
293.66085886	
293.65859452	
293.65633108	
293.65406855	
293.65180692	
293.64954620	
293.64728638	
293.64502747	
293.64276945	
293.64051235	
293.63825614	
293.63600084	
293.63374644	
293.63149294	
293.62924034	
293.62698865	
293.62473785	
293.62248796	
293.62023896	
293.61799087	
293.61574367	
293.61349737	
293.61125197	
293.60900747	
293.60676387	
293.60452116	
293.60227936	
293.60003844	
293.59779843	
293.59555931	
293.59332108	
293.59108376	
293.58884732	
293.58661178	
293.58437714	
293.58214339	
293.57991053	
293.57767857	
293.57544750	
293.57321732	
293.57098803	
293.56875963	
293.56653213	
293.56430552	
293.56207980	
293.55985496	
293.55763102	
293.55540797	
293.55318581	
293.55096453	
293.54874415	
293.54652465	
293.54430604	
293.54208832	
293.53987148	
293.53765553	
293.53544047	
293.53322629	
293.53101300	
293.52880060	
293.52658908	
293.52437844	
293.52216869	
293.51995982	
293.51775184	
293.51554474	
293.51333852	
293.51113319	
293.50892873	
293.50672516	
293.50452247	
293.50232066	
293.50011973	
293.49791969	
293.49572052	
293.49352223	
293.49132482	
293.48912829	
293.48693264	
293.48473787	
293.48254397	
293.48035095	
293.47815881	
293.47596755	
293.47377716	
293.47158765	
293.46939902	
293.46721126	
293.46502437	
293.46283836	
293.46065323	
293.45846897	
293.45628558	
293.45410306	
293.45192142	
293.44974065	
293.44756076	
293.44538173	
293.44320358	
293.44102630	
293.43884989	
293.43667435	
293.43449968	
293.43232588	
293.43015295	
293.42798089	
293.42580970	
293.42363937	
293.42146992	
293.41930133	
293.41713361	
293.41496675	
293.41280077	
293.41063565	
293.40847139	
293.40630800	
293.40414548	
293.40198382	
293.39982303	
293.39766310	
293.39550403	
293.39334583	
293.39118849	
293.38903202	
293.38687641	
293.38472166	
293.38256777	
293.38041474	
293.37826257	
293.37611127	
293.37396082	
293.37181124	
293.36966252	
293.36751465	
293.36536765	
293.36322150	
293.36107621	
293.35893178	
293.35678821	
293.35464549	
293.35250363	
293.35036263	
293.34822249	
293.34608320	
293.34394476	
293.34180719	
293.33967046	
293.33753460	
293.33539958	
293.33326542	
293.33113212	
293.32899966	
293.32686806	
293.32473732	
293.32260742	
293.32047838	
293.31835019	
293.31622285	
293.31409636	
293.31197072	
293.30984593	
293.30772199	
293.30559890	
293.30347666	
293.30135527	
293.29923473	
293.29711504	
293.29499619	
293.29287819	
293.29076104	
293.28864474	
293.28652928	
293.28441467	
293.28230090	
293.28018798	
293.27807591	
293.27596468	
293.27785429	
293.27974315	
293.28163125	
293.28351860	
293.28540519	
293.28729103	
293.28917611	
293.29106044	
293.29294402	
293.29482684	
293.29670891	
293.29859023	
293.30047079	
293.30235060	
293.30422966	
293.30610797	
293.30798553	
293.30986233	
293.31173839	
293.31361369	
293.31548825	
293.31736205	
293.31923511	
293.32110741	
293.32297897	
293.32484978	
293.32671984	
293.32858915	
293.33045771	
293.33232553	
293.33419260	
293.33605892	
293.33792450	
293.33978933	
293.34165341	
293.34351675	
293.34537935	
293.34724119	
293.34910230	
293.35096266	
293.35282227	
293.35468114	
293.35653927	
293.35839665	
293.36025330	
293.36210919	
293.36396435	
293.36581877	
293.36767244	
293.36952537	
293.37137756	
293.37322901	
293.37507972	
293.37692968	
293.37877891	
293.38062740	
293.38247515	
293.38432216	
293.38616843	
293.38801396	
293.38985876	
293.39170281	
293.39354613	
293.39538871	
293.39723056	
293.39907167	
293.40091204	
293.40275167	
293.40459057	
293.40642874	
293.40826617	
293.41010286	
293.41193882	
293.41377404	
293.41560853	
293.41744229	
293.41927531	
293.42110760	
293.42293916	
293.42476998	
293.42660008	
293.42842944	
293.43025806	
293.43208596	
293.43391313	
293.43573956	
293.43756526	
293.43939024	
293.44121448	
293.44303800	
293.44486078	
293.44668284	
293.44850416	
293.45032476	
293.45214463	
293.45396377	
293.45578219	
293.45759988	
293.45941684	
293.46123307	
293.46304858	
293.46486336	
293.46667741	
293.46849074	
293.47030334	
293.47211522	
293.47392638	
293.47573681	
293.47754651	
293.47935549	
293.48116375	
293.48297129	
293.48477810	
293.48658419	
293.48838955	
293.49019420	
293.49199812	
293.49380132	
293.49560380	
293.49740556	
293.49920659	
293.50100691	
293.50280651	
293.50460539	
293.50640354	
293.50820098	
293.50999770	
293.51179370	
293.51358899	
293.51538355	
293.51717740	
293.51897053	
293.52076294	
293.52255463	
293.52434561	
293.52613587	
293.52792542	
293.52971425	
293.53150236	
293.53328976	
293.53507645	
293.53686242	
293.53864767	
293.54043221	
293.54221604	
293.54399915	
293.54578155	
293.54756324	
293.54934421	
293.55112448	
293.55290403	
293.55468287	
293.55646099	
293.55823841	
293.56001511	
293.56179111	
293.56356639	
293.56534096	
293.56711483	
293.56888798	
293.57066043	
293.57243216	
293.57420319	
293.57597351	
293.57774312	
293.57951202	
293.58128022	
293.58304770	
293.58481448	
293.58658056	
293.58834593	
293.59011059	
293.59187454	
293.59363779	
293.59540034	
293.59716218	
293.59892331	
293.60068374	
293.60244347	
293.60420249	
293.60596081	
293.60771843	
293.60947534	
293.61123155	
293.61298706	
293.61474186	
293.61649597	
293.61824937	
293.62000207	
293.62175407	
293.62350537	
293.62525596	
293.62700586	
293.62875506	
293.63050356	
293.63225136	
293.63399846	
293.63574486	
293.63749056	
293.63923556	
293.64097987	
293.64272348	
293.64446639	
293.64620860	
293.64795012	
293.64969094	
293.65143106	
293.65317049	
293.65490922	
293.65664726	
293.65838460	
293.66012124	
293.66185719	
293.66359245	
293.66532701	
293.66706088	
293.66879406	
293.67052654	
293.67225833	
293.67398943	
293.67571983	
293.67744954	
293.67917856	
293.68090689	
293.68263453	
293.68436148	
293.68608773	
293.68781330	
293.68953817	
293.69126236	
293.69298585	
293.69470866	
293.69643077	
293.69815220	
293.69987294	
293.70159299	
293.70331235	
293.70503103	
293.70674902	
293.70846632	
293.71018293	
293.71189886	
293.71361410	
293.71532865	
293.71704252	
293.71875570	
293.72046820	
293.72218001	
293.72389114	
293.72560159	
293.72731134	
293.72902042	
293.73072881	
293.73243652	
293.73414355	
293.73584989	
293.73755555	
293.73926053	
293.74096482	
293.74266844	
293.74437137	
293.74607362	
293.74777519	
293.74947608	
293.75117629	
293.75287582	
293.75457467	
293.75627284	
293.75797033	
293.75966714	
293.76136328	
293.76305873	
293.76475351	
293.76644761	
293.76814103	
293.76983377	
293.77152584	
293.77321723	
293.77490794	
293.77659798	
293.77828734	
293.77997602	
293.78166403	
293.78335137	
293.78503803	
293.78672401	
293.78840932	
293.79009396	
293.79177792	
293.79346121	
293.79514382	
293.79682577	
293.79850704	
293.80018763	
293.80186756	
293.80354681	
293.80522539	
293.80690330	
293.80858054	
293.81025711	
293.81193301	
293.81360823	
293.81528279	
293.81695668	
293.81862989	
293.82030244	
293.82197432	
293.82364553	
293.82531607	
293.82698595	
293.82865515	
293.83032369	
293.83199156	
293.83365876	
293.83532530	
293.83699117	
293.83865637	
293.84032091	
293.84198478	
293.84364799	
293.84531053	
293.84697241	
293.84863362	
293.85029416	
293.85195405	
293.85361326	
293.85527182	
293.85692971	
293.85858694	
293.86024350	
293.86189941	
293.86355465	
293.86520922	
293.86686314	
293.86851639	
293.87016899	
293.87182092	
293.87347219	
293.87512280	
293.87677275	
293.87842205	
293.88007068	
293.88171865	
293.88336596	
293.88501261	
293.88665861	
293.88830395	
293.88994862	
293.89159264	
293.89323601	
293.89487871	
293.89652076	
293.89816215	
293.89980289	
293.90144297	
293.90308239	
293.90472116	
293.90635927	
293.90799673	
293.90963353	
293.91126967	
293.91290517	
293.91454000	
293.91617419	
293.91780772	
293.91944059	
293.92107282	
293.92270439	
293.92433531	
293.92596557	
293.92759519	
293.92922415	
293.93085246	
293.93248012	
293.93410713	
293.93573348	
293.93735919	
293.93898425	
293.94060865	
293.94223241	
293.94385552	
293.94547797	
293.94709978	
293.94872094	
293.95034145	
293.95196132	
293.95358053	
293.95519910	
293.95681702	
293.95843429	
293.96005092	
293.96166690	
293.96328223	
293.96489692	
293.96651096	
293.96812436	
293.96973711	
293.97134921	
293.97296067	
293.97457149	
293.97618166	
293.97779119	
293.97940007	
293.98100831	
293.98261591	
293.98422286	
293.98582917	
293.98743484	
293.98903987	
293.99064425	
293.99224799	
293.99385109	
293.99545355	
293.99705537	
293.99865655	
294.00025709	
294.00185698	
294.00345624	
294.00505486	
294.00665284	
294.00825018	
294.00984688	
294.01144294	
294.01303836	
294.01463314	
294.01622729	
294.01782080	
294.01941367	
294.02100591	
294.02259750	
294.02418847	
294.02577879	
294.02736848	
294.02895753	
294.03054595	
294.03213373	
294.03372088	
294.03530739	
294.03689327	
294.03847851	
294.04006312	
294.04164709	
294.04323043	
294.04481314	
294.04639521	
294.04797666	
294.04955747	
294.05113764	
294.05271719	
294.05429610	
294.05587438	
294.05745203	
294.05902905	
294.06060544	
294.06218120	
294.06375633	
294.06533082	
294.06690469	
294.06847793	
294.07005054	
294.07162252	
294.07319387	
294.07476459	
294.07633469	
294.07790415	
294.07947299	
294.08104120	
294.08260878	
294.08417574	
294.08574207	
294.08730777	
294.08887285	
294.09043730	
294.09200113	
294.09356433	
294.09512690	
294.09668885	
294.09825017	
294.09981087	
294.10137095	
294.10293040	
294.10448923	
294.10604743	
294.10760501	
294.10916197	
294.11071831	
294.11227402	
294.11382911	
294.11538358	
294.11693743	
294.11849065	
294.12004325	
294.12159524	
294.12314660	
294.12469734	
294.12624746	
294.12779696	
294.12934584	
294.13089411	
294.13244175	
294.13398877	
294.13553518	
294.13708096	
294.13862613	
294.14017068	
294.14171461	
294.14325792	
294.14480062	
294.14634270	
294.14788416	
294.14942501	
294.15096524	
294.15250485	
294.15404385	
294.15558223	
294.15712000	
294.15865715	
294.16019369	
294.16172961	
294.16326492	
294.16479962	
294.16633370	
294.16786716	
294.16940002	
294.17093226	
294.17246388	
294.17399490	
294.17552530	
294.17705509	
294.17858427	
294.18011283	
294.18164079	
294.18316813	
294.18469486	
294.18622099	
294.18774650	
294.18927140	
294.19079569	
294.19231937	
294.19384244	
294.19536491	
294.19688676	
294.19840801	
294.19992864	
294.20144867	
294.20296809	
294.20448691	
294.20600511	
294.20752271	
294.20903970	
294.21055608	
294.21207186	
294.21358703	
294.21510160	
294.21661556	
294.21812891	
294.21964166	
294.22115380	
294.22266534	
294.22417628	
294.22568660	
294.22719633	
294.22870545	
294.23021397	
294.23172188	
294.23322920	
294.23473590	
294.23624201	
294.23774751	
294.23925241	
294.24075671	
294.24226041	
294.24376351	
294.24526600	
294.24676789	
294.24826919	
294.24976988	
294.25126997	
294.25276946	
294.25426836	
294.25576665	
294.25726434	
294.25876144	
294.26025793	
294.26175383	
294.26324913	
294.26474383	
294.26623793	
294.26773143	
294.26922434	
294.27071665	
294.27220836	
294.27369948	
294.27519000	
294.27667993	
294.27816925	
294.27965799	
294.28114612	
294.28263366	
294.28412061	
294.28560696	
294.28709272	
294.28857788	
294.29006245	
294.29154643	
294.29302981	
294.29451260	
294.29599479	
294.29747639	
294.29895740	
294.30043782	
294.30191764	
294.30339688	
294.30487552	
294.30635357	
294.30783103	
294.30930789	
294.31078417	
294.31225986	
294.31373495	
294.31520946	
294.31668338	
294.31815670	
294.31962944	
294.32110159	
294.32257315	
294.32404412	
294.32551450	
294.32698429	
294.32845350	
294.32992212	
294.33139015	
294.33285759	
294.33432445	
294.33579072	
294.33725641	
294.33872150	
294.34018601	
294.34164994	
294.34311328	
294.34457603	
294.34603820	
294.34749979	
294.34896079	
294.35042121	
294.35188104	
294.35334028	
294.35479895	
294.35625703	
294.35771453	
294.35917144	
294.36062777	
294.36208352	
294.36353869	
294.36499327	
294.36644727	
294.36790070	
294.36935353	
294.37080579	
294.37225747	
294.37370857	
294.37515908	
294.37660902	
294.37805838	
294.37950715	
294.38095535	
294.38240297	
294.38385001	
294.38529647	
294.38674235	
294.38818765	
294.38963238	
294.39107652	
294.39252009	
294.39396309	
294.39540550	
294.39684734	
294.39828860	
294.39972928	
294.40116939	
294.40260892	
294.40404788	
294.40548626	
294.40692407	
294.40836130	
294.40979795	
294.41123403	
294.41266954	
294.41410447	
294.41553883	
294.41697262	
294.41840583	
294.41983846	
294.42127053	
294.42270202	
294.42413294	
294.42556329	
294.42699306	
294.42842226	
294.42985089	
294.43127895	
294.43270644	
294.43413336	
294.43555971	
294.43698548	
294.43841069	
294.43983532	
294.44125939	
294.44268289	
294.44410581	
294.44552817	
294.44694996	
294.44837118	
294.44979183	
294.45121191	
294.45263143	
294.45405038	
294.45546876	
294.45688657	
294.45830381	
294.45972049	
294.46113661	
294.46255215	
294.46396713	
294.46538154	
294.46679539	
294.46820867	
294.46962139	
294.47103354	
294.47244513	
294.47385615	
294.47526661	
294.47667650	
294.47808583	
294.47949459	
294.48090280	
294.48231044	
294.48371751	
294.48512402	
294.48652997	
294.48793536	
294.48934019	
294.49074445	
294.49214815	
294.49355130	
294.49495388	
294.49635589	
294.49775735	
294.49915825	
294.50055858	
294.50195836	
294.50335758	
294.50475624	
294.50615433	
294.50755187	
294.50894885	
294.51034527	
294.51174113	
294.51313644	
294.51453118	
294.51592537	
294.51731900	
294.51871207	
294.52010459	
294.52149654	
294.52288795	
294.52427879	
294.52566908	
294.52705881	
294.52844799	
294.52983661	
294.53122467	
294.53261218	
294.53399914	
294.53538554	
294.53677139	
294.53815668	
294.53954141	
294.54092560	
294.54230923	
294.54369230	
294.54507483	
294.54645680	
294.54783821	
294.54921908	
294.55059939	
294.55197915	
294.55335836	
294.55473702	
294.55611512	
294.55749268	
294.55886968	
294.56024613	
294.56162203	
294.56299738	
294.56437218	
294.56574644	
294.56712014	
294.56849329	
294.56986589	
294.57123795	
294.57260945	
294.57398041	
294.57535081	
294.57672067	
294.57808999	
294.57945875	
294.58082697	
294.58219464	
294.58356176	
294.58492833	
294.58629436	
294.58765984	
294.58902478	
294.59038917	
294.59175301	
294.59311631	
294.59447907	
294.59584127	
294.59720294	
294.59856406	
294.59992463	
294.60128466	
294.60264415	
294.60400309	
294.60536149	
294.60671934	
294.60807666	
294.60943343	
294.61078965	
294.61214534	
294.61350048	
294.61485508	
294.61620914	
294.61756265	
294.61891563	
294.62026806	
294.62161995	
294.62297131	
294.62432212	
294.62567239	
294.62702212	
294.62837131	
294.62971996	
294.63106807	
294.63241565	
294.63376268	
294.63510918	
294.63645513	
294.63780055	
294.63914543	
294.64048977	
294.64183358	
294.64317684	
294.64451957	
294.64586176	
294.64720342	
294.64854454	
294.64988512	
294.65122517	
294.65256468	
294.65390365	
294.65524209	
294.65657999	
294.65791736	
294.65925419	
294.66059049	
294.66192626	
294.66326148	
294.66459618	
294.66593034	
294.66726397	
294.66859706	
294.66992962	
294.67126165	
294.67259315	
294.67392411	
294.67525454	
294.67658444	
294.67791381	
294.67924264	
294.68057094	
294.68189871	
294.68322596	
294.68455267	
294.68587884	
294.68720449	
294.68852961	
294.68985420	
294.69117826	
294.69250179	
294.69382479	
294.69514726	
294.69646920	
294.69779061	
294.69911149	
294.70043185	
294.70175168	
294.70307097	
294.70438975	
294.70570799	
294.70702571	
294.70834290	
294.70965956	
294.71097570	
294.71229131	
294.71360639	
294.71492095	
294.71623498	
294.71754848	
294.71886146	
294.72017392	
294.72148585	
294.72279726	
294.72410814	
294.72541849	
294.72672833	
294.72803764	
294.72934642	
294.73065468	
294.73196242	
294.73326963	
294.73457633	
294.73588250	
294.73718814	
294.73849327	
294.73979787	
294.74110195	
294.74240551	
294.74370855	
294.74501107	
294.74631306	
294.74761454	
294.74891549	
294.75021592	
294.75151584	
294.75281523	
294.75411410	
294.75541246	
294.75671029	
294.75800761	
294.75930441	
294.76060069	
294.76189644	
294.76319169	
294.76448641	
294.76578062	
294.76707430	
294.76836747	
294.76966013	
294.77095226	
294.77224388	
294.77353498	
294.77482557	
294.77611564	
294.77740519	
294.77869423	
294.77998275	
294.78127076	
294.78255825	
294.78384523	
294.78513169	
294.78641764	
294.78770307	
294.78898799	
294.79027239	
294.79155629	
294.79283966	
294.79412253	
294.79540488	
294.79668672	
294.79796804	
294.79924885	
294.80052915	
294.80180894	
294.80308822	
294.80436698	
294.80564524	
294.80692298	
294.80820021	
294.80947693	
294.81075314	
294.81202884	
294.81330403	
294.81457870	
294.81585287	
294.81712653	
294.81839968	
294.81967232	
294.82094445	
294.82221608	
294.82348719	
294.82475779	
294.82602789	
294.82729748	
294.82856656	
294.82983513	
294.83110320	
294.83237076	
294.83363781	
294.83490436	
294.83617039	
294.83743593	
294.83870095	
294.83996547	
294.84122948	
294.84249299	
294.84375600	
294.84501849	
294.84628049	
294.84754197	
294.84880296	
294.85006344	
294.85132341	
294.85258288	
294.85384185	
294.85510031	
294.85635827	
294.85761573	
294.85887268	
294.86012913	
294.86138508	
294.86264053	
294.86389547	
294.86514991	
294.86640385	
294.86765729	
294.86891023	
294.87016266	
294.87141460	
294.87266603	
294.87391697	
294.87516740	
294.87641733	
294.87766677	
294.87891570	
294.88016413	
294.88141207	
294.88265950	
294.88390644	
294.88515288	
294.88639881	
294.88764425	
294.88888920	
294.89013364	
294.89137759	
294.89262104	
294.89386399	
294.89510644	
294.89634840	
294.89758986	
294.89883082	
294.90007129	
294.90131126	
294.90255074	
294.90378972	
294.90502820	
294.90626619	
294.90750369	
294.90874068	
294.90997719	
294.91121320	
294.91244871	
294.91368373	
294.91491826	
294.91615229	
294.91738583	
294.91861888	
294.91985143	
294.92108349	
294.92231505	
294.92354613	
294.92477671	
294.92600680	
294.92723640	
294.92846550	
294.92969412	
294.93092224	
294.93214987	
294.93337701	
294.93460366	
294.93582982	
294.93705549	
294.93828066	
294.93950535	
294.94072955	
294.94195326	
294.94317648	
294.94439921	
294.94562145	
294.94684320	
294.94806446	
294.94928523	
294.95050552	
294.95172532	
294.95294463	
294.95416345	
294.95538178	
294.95659963	
294.95781699	
294.95903386	
294.96025025	
294.96146615	
294.96268156	
294.96389649	
294.96511093	
294.96632489	
294.96753836	
294.96875134	
294.96996384	
294.97117586	
294.97238739	
294.97359843	
294.97480899	
294.97601907	
294.97722866	
294.97843777	
294.97964640	
294.98085454	
294.98206219	
294.98326937	
294.98447606	
294.98568227	
294.98688800	
294.98809324	
294.98929801	
294.99050229	
294.99170609	
294.99290940	
294.99411224	
294.99531460	
294.99651647	
294.99771786	
294.99891878	
295.00011921	
295.00131916	
295.00251863	
295.00371763	
295.00491614	
295.00611417	
295.00731173	
295.00850880	
295.00970540	
295.01090152	
295.01209716	
295.01329232	
295.01448700	
295.01568120	
295.01687493	
295.01806818	
295.01926095	
295.02045325	
295.02164507	
295.02283641	
295.02402728	
295.02521767	
295.02640758	
295.02759702	
295.02878598	
295.02997446	
295.03116247	
295.03235001	
295.03353707	
295.03472365	
295.03590976	
295.03709540	
295.03828056	
295.03946525	
295.04064946	
295.04183320	
295.04301647	
295.04419926	
295.04538158	
295.04656343	
295.04774481	
295.04892571	
295.05010614	
295.05128609	
295.05246558	
295.05364459	
295.05482314	
295.05600121	
295.05717881	
295.05835594	
295.05953259	
295.06070878	
295.06188450	
295.06305974	
295.06423452	
295.06540882	
295.06658266	
295.06775603	
295.06892893	
295.07010135	
295.07127331	
295.07244480	
295.07361583	
295.07478638	
295.07595647	
295.07712608	
295.07829523	
295.07946391	
295.08063213	
295.08179988	
295.08296716	
295.08413397	
295.08530032	
295.08646620	
295.08763161	
295.08879656	
295.08996104	
295.09112505	
295.09228860	
295.09345169	
295.09461431	
295.09577646	
295.09693815	
295.09809938	
295.09926014	
295.10042043	
295.10158026	
295.10273963	
295.10389854	
295.10505698	
295.10621495	
295.10737247	
295.10852952	
295.10968611	
295.11084223	
295.11199790	
295.11315310	
295.11430783	
295.11546211	
295.11661593	
295.11776928	
295.11892217	
295.12007460	
295.12122657	
295.12237808	
295.12352913	
295.12467972	
295.12582985	
295.12697952	
295.12812872	
295.12927747	
295.13042576	
295.13157359	
295.13272096	
295.13386787	
295.13501433	
295.13616032	
295.13730586	
295.13845093	
295.13959555	
295.14073972	
295.14188342	
295.14302667	
295.14416946	
295.14531179	
295.14645366	
295.14759508	
295.14873604	
295.14987655	
295.15101660	
295.15215619	
295.15329533	
295.15443401	
295.15557224	
295.15671001	
295.15784733	
295.15898419	
295.16012059	
295.16125654	
295.16239204	
295.16352709	
295.16466167	
295.16579581	
295.16692949	
295.16806272	
295.16919549	
295.17032782	
295.17145969	
295.17259110	
295.17372207	
295.17485258	
295.17598264	
295.17711224	
295.17824140	
295.17937010	
295.18049835	
295.18162615	
295.18275350	
295.18388040	
295.18500685	
295.18613285	
295.18725839	
295.18838349	
295.18950814	
295.19063233	
295.19175608	
295.19287938	
295.19400223	
295.19512463	
295.19624658	
295.19736808	
295.19848913	
295.19960973	
295.20072989	
295.20184960	
295.20296886	
295.20408767	
295.20520604	
295.20632395	
295.20744142	
295.20855845	
295.20967502	
295.21079115	
295.21190684	
295.21302207	
295.21413687	
295.21525121	
295.21636511	
295.21747856	
295.21859157	
295.21970414	
295.22081625	
295.22192793	
295.22303916	
295.22414994	
295.22526028	
295.22637018	
295.22747963	
295.22858864	
295.22969720	
295.23080532	
295.23191300	
295.23302024	
295.23412703	
295.23523338	
295.23633928	
295.23744475	
295.23854977	
295.23965435	
295.24075849	
295.24186218	
295.24296544	
295.24406825	
295.24517063	
295.24627256	
295.24737405	
295.24847510	
295.24957571	
295.25067588	
295.25177561	
295.25287490	
295.25397375	
295.25507216	
295.25617013	
295.25726766	
295.25836476	
295.25946141	
295.26055762	
295.26165340	
295.26274874	
295.26384364	
295.26493810	
295.26603213	
295.26712572	
295.26821887	
295.26931158	
295.27040385	
295.27149569	
295.27258709	
295.27367806	
295.27476859	
295.27585868	
295.27694834	
295.27803756	
295.27912634	
295.28021469	
295.28130261	
295.28239008	
295.28347713	
295.28456374	
295.28564991	
295.28673565	
295.28782096	
295.28890583	
295.28999027	
295.29107427	
295.29215784	
295.29324098	
295.29432368	
295.29540595	
295.29648779	
295.29756919	
295.29865017	
295.29973071	
295.30081081	
295.30189049	
295.30296973	
295.30404855	
295.30512693	
295.30620488	
295.30728239	
295.30835948	
295.30943614	
295.31051236	
295.31158816	
295.31266352	
295.31373846	
295.31481296	
295.31588704	
295.31696068	
295.31803390	
295.31910668	
295.32017904	
295.32125097	
295.32232247	
295.32339354	
295.32446418	
295.32553440	
295.32660418	
295.32767354	
295.32874247	
295.32981098	
295.33087905	
295.33194670	
295.33301392	
295.33408072	
295.33514708	
295.33621302	
295.33727854	
295.33834363	
295.33940829	
295.34047253	
295.34153634	
295.34259972	
295.34366268	
295.34472522	
295.34578733	
295.34684901	
295.34791027	
295.34897111	
295.35003152	
295.35109151	
295.35215107	
295.35321021	
295.35426893	
295.35532722	
295.35638509	
295.35744253	
295.35849956	
295.35955616	
295.36061234	
295.36166809	
295.36272342	
295.36377833	
295.36483282	
295.36588689	
295.36694053	
295.36799376	
295.36904656	
295.37009894	
295.37115090	
295.37220244	
295.37325356	
295.37430426	
295.37535454	
295.37640440	
295.37745383	
295.37850285	
295.37955145	
295.38059963	
295.38164739	
295.38269473	
295.38374165	
295.38478816	
295.38583424	
295.38687991	
295.38792516	
295.38896999	
295.39001440	
295.39105839	
295.39210197	
295.39314513	
295.39418787	
295.39523020	
295.39627210	
295.39731360	
295.39835467	
295.39939533	
295.40043557	
295.40147540	
295.40251481	
295.40355380	
295.40459238	
295.40563054	
295.40666829	
295.40770562	
295.40874254	
295.40977904	
295.41081513	
295.41185080	
295.41288606	
295.41392091	
295.41495534	
295.41598936	
295.41702296	
295.41805615	
295.41908893	
295.42012130	
295.42115325	
295.42218479	
295.42321591	
295.42424663	
295.42527693	
295.42630682	
295.42733629	
295.42836536	
295.42939401	
295.43042226	
295.43145009	
295.43247751	
295.43350452	
295.43453111	
295.43555730	
295.43658308	
295.43760845	
295.43863340	
295.43965795	
295.44068209	
295.44170581	
295.44272913	
295.44375204	
295.44477454	
295.44579663	
295.44681831	
295.44783958	
295.44886045	
295.44988090	
295.45090095	
295.45192059	
295.45293982	
295.45395865	
295.45497706	
295.45599507	
295.45701267	
295.45802987	
295.45904666	
295.46006304	
295.46107901	
295.46209458	
295.46310974	
295.46412450	
295.46513885	
295.46615279	
295.46716633	
295.46817947	
295.46919219	
295.47020452	
295.47121644	
295.47222795	
295.47323906	
295.47424976	
295.47526006	
295.47626996	
295.47727945	
295.47828854	
295.47929722	
295.48030550	
295.48131338	
295.48232086	
295.48332793	
295.48433460	
295.48534086	
295.48634673	
295.48735219	
295.48835725	
295.48936190	
295.49036616	
295.49137001	
295.49237346	
295.49337652	
295.49437916	
295.49538141	
295.49638326	
295.49738471	
295.49838575	
295.49938640	
295.50038664	
295.50138649	
295.50238594	
295.50338498	
295.50438363	
295.50538187	
295.50637972	
295.50737717	
295.50837422	
295.50937087	
295.51036712	
295.51136297	
295.51235843	
295.51335348	
295.51434814	
295.51534240	
295.51633627	
295.51732973	
295.51832280	
295.51931547	
295.52030775	
295.52129962	
295.52229110	
295.52328219	
295.52427287	
295.52526316	
295.52625306	
295.52724256	
295.52823166	
295.52922037	
295.53020868	
295.53119660	
295.53218412	
295.53317124	
295.53415798	
295.53514431	
295.53613025	
295.53711580	
295.53810096	
295.53908572	
295.54007008	
295.54105405	
295.54203763	
295.54302082	
295.54400361	
295.54498601	
295.54596801	
295.54694963	
295.54793085	
295.54891167	
295.54989211	
295.55087215	
295.55185180	
295.55283106	
295.55380993	
295.55478841	
295.55576649	
295.55674418	
295.55772149	
295.55869840	
295.55967492	
295.56065105	
295.56162679	
295.56260214	
295.56357710	
295.56455167	
295.56552584	
295.56649963	
295.56747303	
295.56844604	
295.56941867	
295.57039090	
295.57136274	
295.57233420	
295.57330526	
295.57427594	
295.57524623	
295.57621613	
295.57718565	
295.57815477	
295.57912351	
295.58009186	
295.58105982	
295.58202740	
295.58299459	
295.58396139	
295.58492781	
295.58589384	
295.58685948	
295.58782473	
295.58878960	
295.58975409	
295.59071819	
295.59168190	
295.59264523	
295.59360817	
295.59457073	
295.59553290	
295.59649468	
295.59745609	
295.59841710	
295.59937774	
295.60033799	
295.60129785	
295.60225733	
295.60321643	
295.60417514	
295.60513347	
295.60609142	
295.60704898	
295.60800616	
295.60896296	
295.60991937	
295.61087541	
295.61183106	
295.61278632	
295.61374121	
295.61469571	
295.61564984	
295.61660358	
295.61755693	
295.61850991	
295.61946251	
295.62041472	
295.62136656	
295.62231801	
295.62326908	
295.62421977	
295.62517009	
295.62612002	
295.62706957	
295.62801874	
295.62896754	
295.62991595	
295.63086398	
295.63181164	
295.63275891	
295.63370581	
295.63465233	
295.63559847	
295.63654423	
295.63748961	
295.63843461	
295.63937924	
295.64032349	
295.64126736	
295.64221085	
295.64315397	
295.64409670	
295.64503907	
295.64598105	
295.64692266	
295.64786389	
295.64880474	
295.64974522	
295.65068532	
295.65162505	
295.65256440	
295.65350337	
295.65444197	
295.65538019	
295.65631804	
295.65725552	
295.65819261	
295.65912934	
295.66006568	
295.66100166	
295.66193726	
295.66287248	
295.66380733	
295.66474181	
295.66567591	
295.66660964	
295.66754300	
295.66847598	
295.66940859	
295.67034083	
295.67127269	
295.67220418	
295.67313530	
295.67406605	
295.67499642	
295.67592642	
295.67685605	
295.67778531	
295.67871420	
295.67964271	
295.68057085	
295.68149862	
295.68242603	
295.68335305	
295.68427971	
295.68520600	
295.68613192	
295.68705747	
295.68798264	
295.68890745	
295.68983189	
295.69075595	
295.69167965	
295.69260298	
295.69352594	
295.69444853	
295.69537075	
295.69629260	
295.69721408	
295.69813520	
295.69905594	
295.69997632	
295.70089633	
295.70181597	
295.70273525	
295.70365415	
295.70457269	
295.70549086	
295.70640867	
295.70732610	
295.70824317	
295.70915987	
295.71007621	
295.71099218	
295.71190778	
295.71282302	
295.71373789	
295.71465240	
295.71556653	
295.71648031	
295.71739372	
295.71830676	
295.71921944	
295.72013175	
295.72104370	
295.72195528	
295.72286650	
295.72377735	
295.72468784	
295.72559796	
295.72650772	
295.72741712	
295.72832615	
295.72923482	
295.73014313	
295.73105107	
295.73195865	
295.73286587	
295.73377272	
295.73467921	
295.73558534	
295.73649111	
295.73739651	
295.73830155	
295.73920623	
295.74011055	
295.74101450	
295.74191810	
295.74282133	
295.74372420	
295.74462671	
295.74552886	
295.74643065	
295.74733208	
295.74823315	
295.74913385	
295.75003420	
295.75093419	
295.75183381	
295.75273308	
295.75363198	
295.75453053	
295.75542872	
295.75632655	
295.75722402	
295.75812113	
295.75901788	
295.75991427	
295.76081031	
295.76170598	
295.76260130	
295.76349626	
295.76439086	
295.76528511	
295.76617899	
295.76707252	
295.76796569	
295.76885850	
295.76975096	
295.77064306	
295.77153480	
295.77242619	
295.77331722	
295.77420789	
295.77509821	
295.77598817	
295.77687777	
295.77776702	
295.77865592	
295.77954445	
295.78043264	
295.78132046	
295.78220793	
295.78309505	
295.78398181	
295.78486822	
295.78575427	
295.78663997	
295.78752532	
295.78841031	
295.78929494	
295.79017922	
295.79106315	
295.79194673	
295.79282995	
295.79371282	
295.79459533	
295.79547749	
295.79635930	
295.79724076	
295.79812186	
295.79900261	
295.79988301	
295.80076306	
295.80164275	
295.80252210	
295.80340109	
295.80427973	
295.80515802	
295.80603595	
295.80691354	
295.80779077	
295.80866766	
295.80954419	
295.81042037	
295.81129620	
295.81217168	
295.81304682	
295.81392160	
295.81479603	
295.81567011	
295.81654384	
295.81741722	
295.81829026	
295.81916294	
295.82003528	
295.82090726	
295.82177890	
295.82265019	
295.82352113	
295.82439172	
295.82526196	
295.82613186	
295.82700141	
295.82787060	
295.82873946	
295.82960796	
295.83047612	
295.83134393	
295.83221139	
295.83307850	
295.83394527	
295.83481170	
295.83567777	
295.83654350	
295.83740888	
295.83827392	
295.83913861	
295.84000295	
295.84086695	
295.84173061	
295.84259391	
295.84345688	
295.84431949	
295.84518177	
295.84604369	
295.84690528	
295.84776651	
295.84862741	
295.84948796	
295.85034816	
295.85120802	
295.85206754	
295.85292671	
295.85378554	
295.85464403	
295.85550217	
295.85635997	
295.85721742	
295.85807454	
295.85893131	
295.85978773	
295.86064382	
295.86149956	
295.86235496	
295.86321002	
295.86406474	
295.86491911	
295.86577314	
295.86662683	
295.86748018	
295.86833319	
295.86918586	
295.87003818	
295.87089017	
295.87174181	
295.87259311	
295.87344408	
295.87429470	
295.87514498	
295.87599492	
295.87684453	
295.87769379	
295.87854271	
295.87939129	
295.88023954	
295.88108744	
295.88193501	
295.88278223	
295.88362912	
295.88447567	
295.88532188	
295.88616775	
295.88701328	
295.88785848	
295.88870333	
295.88954785	
295.89039203	
295.89123588	
295.89207938	
295.89292255	
295.89376538	
295.89460787	
295.89545003	
295.89629185	
295.89713333	
295.89797448	
295.89881529	
295.89965576	
295.90049590	
295.90133570	
295.90217517	
295.90301430	
295.90385309	
295.90469155	
295.90552968	
295.90636746	
295.90720492	
295.90804204	
295.90887882	
295.90971527	
295.91055138	
295.91138716	
295.91222261	
295.91305772	
295.91389249	
295.91472694	
295.91556105	
295.91639482	
295.91722826	
295.91806137	
295.91889415	
295.91972659	
295.92055870	
295.92139048	
295.92222192	
295.92305303	
295.92388381	
295.92471426	
295.92554437	
295.92637415	
295.92720360	
295.92803272	
295.92886151	
295.92968996	
295.93051809	
295.93134588	
295.93217334	
295.93300047	
295.93382727	
295.93465374	
295.93547988	
295.93630569	
295.93713117	
295.93795631	
295.93878113	
295.93960562	
295.94042978	
295.94125360	
295.94207710	
295.94290027	
295.94372311	
295.94454562	
295.94536780	
295.94618966	
295.94701118	
295.94783238	
295.94865324	
295.94947378	
295.95029399	
295.95111388	
295.95193343	
295.95275266	
295.95357156	
295.95439013	
295.95520837	
295.95602629	
295.95684388	
295.95766114	
295.95847808	
295.95929468	
295.96011097	
295.96092692	
295.96174255	
295.96255785	
295.96337283	
295.96418748	
295.96500181	
295.96581581	
295.96662948	
295.96744283	
295.96825585	
295.96906855	
295.96988092	
295.97069297	
295.97150469	
295.97231609	
295.97312716	
295.97393791	
295.97474834	
295.97555844	
295.97636821	
295.97717767	
295.97798680	
295.97879560	
295.97960408	
295.98041224	
295.98122008	
295.98202759	
295.98283478	
295.98364164	
295.98444819	
295.98525441	
295.98606031	
295.98686588	
295.98767114	
295.98847607	
295.98928068	
295.99008496	
295.99088893	
295.99169257	
295.99249590	
295.99329890	
295.99410158	
295.99490394	
295.99570598	
295.99650769	
295.99730909	
295.99811017	
295.99891092	
295.99971136	
296.00051148	
296.00131127	
296.00211075	
296.00290990	
296.00370874	
296.00450725	
296.00530545	
296.00610333	
296.00690089	
296.00769813	
296.00849505	
296.00929165	
296.01008793	
296.01088390	
296.01167955	
296.01247487	
296.01326988	
296.01406458	
296.01485895	
296.01565301	
296.01644674	
296.01724017	
296.01803327	
296.01882606	
296.01961853	
296.02041068	
296.02120251	
296.02199403	
296.02278524	
296.02357612	
296.02436669	
296.02515694	
296.02594688	
296.02673650	
296.02752581	
296.02831480	
296.02910347	
296.02989183	
296.03067987	
296.03146760	
296.03225502	
296.03304211	
296.03382890	
296.03461536	
296.03540152	
296.03618736	
296.03697288	
296.03775809	
296.03854299	
296.03932757	
296.04011184	
