288.16747618	
288.16740919	
288.16734222	
288.16727529	
288.16720838	
288.16714149	
288.16707464	
288.16700781	
288.16694100	
288.16687423	
288.16680748	
288.16674075	
288.16667406	
288.16660739	
288.16654074	
288.16647413	
288.16640754	
288.16634098	
288.16627444	
288.16620793	
288.16614145	
288.16607499	
288.16600856	
288.16594216	
288.16587578	
288.16580943	
288.16574311	
288.16567681	
288.16561054	
288.16554429	
288.16547808	
288.16541188	
288.16534572	
288.16527958	
288.16521347	
288.16514738	
288.16508133	
288.16501529	
288.16494929	
288.16488331	
288.16481735	
288.16475143	
288.16468553	
288.16461965	
288.16455380	
288.16448798	
288.16442219	
288.16435642	
288.16429068	
288.16422496	
288.16415927	
288.16409361	
288.16402797	
288.16396236	
288.16389677	
288.16383121	
288.16376568	
288.16370017	
288.16363469	
288.16356924	
288.16350381	
288.16343841	
288.16337304	
288.16330769	
288.16324236	
288.16317707	
288.16311180	
288.16304655	
288.16298133	
288.16291614	
288.16285097	
288.16278583	
288.16272072	
288.16265563	
288.16259057	
288.16252553	
288.16246052	
288.16239554	
288.16233058	
288.16226565	
288.16220074	
288.16213586	
288.16207101	
288.16200618	
288.16194138	
288.16187660	
288.16181185	
288.16174712	
288.16168243	
288.16161775	
288.16155310	
288.16148848	
288.16142389	
288.16135932	
288.16129478	
288.16123026	
288.16116577	
288.16110130	
288.16103686	
288.16097244	
288.16090805	
288.16084369	
288.16077935	
288.16071504	
288.16065076	
288.16058650	
288.16052226	
288.16045805	
288.16039387	
288.16032971	
288.16026558	
288.16020147	
288.16013739	
288.16007334	
288.16000931	
288.15994530	
288.15988133	
288.15981737	
288.15975345	
288.15968955	
288.15962567	
288.15956182	
288.15949799	
288.15943420	
288.15937042	
288.15930667	
288.15924295	
288.15917925	
288.15911558	
288.15905194	
288.15898832	
288.15892472	
288.15886115	
288.15879761	
288.15873409	
288.15867059	
288.15860712	
288.15854368	
288.15848026	
288.15841687	
288.15835351	
288.15829016	
288.15822685	
288.15816356	
288.15810029	
288.15803705	
288.15797384	
288.15791065	
288.15784748	
288.15778434	
288.15772123	
288.15765814	
288.15759508	
288.15753204	
288.15746903	
288.15740604	
288.15734308	
288.15728014	
288.15721723	
288.15715434	
288.15709148	
288.15702864	
288.15696583	
288.15690305	
288.15684028	
288.15677755	
288.15671484	
288.15665215	
288.15658949	
288.15652685	
288.15646424	
288.15640166	
288.15633910	
288.15627656	
288.15621405	
288.15615157	
288.15608911	
288.15602667	
288.15596426	
288.15590187	
288.15583951	
288.15577718	
288.15571487	
288.15565258	
288.15559032	
288.15552808	
288.15546587	
288.15540368	
288.15534152	
288.15527939	
288.15521728	
288.15515519	
288.15509313	
288.15503109	
288.15496908	
288.15490709	
288.15484513	
288.15478319	
288.15472127	
288.15465939	
288.15459752	
288.15453568	
288.15447387	
288.15441208	
288.15435031	
288.15428857	
288.15422686	
288.15416517	
288.15410350	
288.15404186	
288.15398024	
288.15391865	
288.15385708	
288.15379554	
288.15373402	
288.15367253	
288.15361106	
288.15354962	
288.15348820	
288.15342680	
288.15336543	
288.15330408	
288.15324276	
288.15318147	
288.15312019	
288.15305895	
288.15299772	
288.15293652	
288.15287535	
288.15281420	
288.15275307	
288.15269197	
288.15263089	
288.15256984	
288.15250881	
288.15244781	
288.15238683	
288.15232588	
288.15226495	
288.15220404	
288.15214316	
288.15208230	
288.15202147	
288.15196066	
288.15189988	
288.15183912	
288.15177838	
288.15171767	
288.15165698	
288.15159632	
288.15153568	
288.15147507	
288.15141448	
288.15135391	
288.15129337	
288.15123285	
288.15117236	
288.15111189	
288.15105144	
288.15099102	
288.15093063	
288.15087025	
288.15080991	
288.15074958	
288.15068928	
288.15062901	
288.15056876	
288.15050853	
288.15044832	
288.15038815	
288.15032799	
288.15026786	
288.15020775	
288.15014767	
288.15008761	
288.15002757	
288.14996756	
288.14990758	
288.14984761	
288.14978767	
288.14972776	
288.14966787	
288.14960800	
288.14954816	
288.14948834	
288.14942854	
288.14936877	
288.14930902	
288.14924930	
288.14918960	
288.14912993	
288.14907027	
288.14901065	
288.14895104	
288.14889146	
288.14883190	
288.14877237	
288.14871286	
288.14865338	
288.14859392	
288.14853448	
288.14847506	
288.14841567	
288.14835631	
288.14829697	
288.14823765	
288.14817835	
288.14811908	
288.14805983	
288.14800061	
288.14794141	
288.14788223	
288.14782308	
288.14776395	
288.14770484	
288.14764576	
288.14758670	
288.14752767	
288.14746866	
288.14740967	
288.14735071	
288.14729177	
288.14723285	
288.14717396	
288.14711509	
288.14705624	
288.14699742	
288.14693862	
288.14687984	
288.14682109	
288.14676236	
288.14670366	
288.14664498	
288.14658632	
288.14652769	
288.14646907	
288.14641049	
288.14635192	
288.14629338	
288.14623486	
288.14617637	
288.14611790	
288.14605945	
288.14600103	
288.14594263	
288.14588425	
288.14582590	
288.14576757	
288.14570926	
288.14565098	
288.14559272	
288.14553448	
288.14547627	
288.14541807	
288.14535991	
288.14530176	
288.14524364	
288.14518555	
288.14512747	
288.14506942	
288.14501139	
288.14495339	
288.14489541	
288.14483745	
288.14477951	
288.14472160	
288.14466371	
288.14460585	
288.14454800	
288.14449019	
288.14443239	
288.14437462	
288.14431687	
288.14425914	
288.14420144	
288.14414376	
288.14408610	
288.14402846	
288.14397085	
288.14391326	
288.14385570	
288.14379816	
288.14374064	
288.14368314	
288.14362567	
288.14356822	
288.14351079	
288.14345339	
288.14339600	
288.14333865	
288.14328131	
288.14322400	
288.14316671	
288.14310944	
288.14305220	
288.14299498	
288.14293778	
288.14288060	
288.14282345	
288.14276632	
288.14270922	
288.14265213	
288.14259507	
288.14253803	
288.14248102	
288.14242403	
288.14236706	
288.14231011	
288.14225319	
288.14219628	
288.14213941	
288.14208255	
288.14202572	
288.14196891	
288.14191212	
288.14185535	
288.14179861	
288.14174189	
288.14168520	
288.14162852	
288.14157187	
288.14151524	
288.14145864	
288.14140205	
288.14134549	
288.14128895	
288.14123244	
288.14117594	
288.14111947	
288.14106303	
288.14100660	
288.14095020	
288.14089382	
288.14083746	
288.14078113	
288.14072481	
288.14066852	
288.14061226	
288.14055601	
288.14049979	
288.14044359	
288.14038741	
288.14033126	
288.14027512	
288.14021901	
288.14016293	
288.14010686	
288.14005082	
288.13999480	
288.13993880	
288.13988282	
288.13982687	
288.13977094	
288.13971503	
288.13965915	
288.13960328	
288.13954744	
288.13949162	
288.13943583	
288.13938005	
288.13932430	
288.13926857	
288.13921286	
288.13915718	
288.13910151	
288.13904587	
288.13899026	
288.13893466	
288.13887909	
288.13882353	
288.13876800	
288.13871250	
288.13865701	
288.13860155	
288.13854611	
288.13849069	
288.13843529	
288.13837992	
288.13832457	
288.13826924	
288.13821393	
288.13815864	
288.13810338	
288.13804814	
288.13799292	
288.13793772	
288.13788255	
288.13782740	
288.13777226	
288.13771716	
288.13766207	
288.13760700	
288.13755196	
288.13749694	
288.13744194	
288.13738696	
288.13733201	
288.13727708	
288.13722217	
288.13716728	
288.13711241	
288.13705757	
288.13700274	
288.13694794	
288.13689316	
288.13683840	
288.13678367	
288.13672896	
288.13667426	
288.13661959	
288.13656495	
288.13651032	
288.13645572	
288.13640113	
288.13634657	
288.13629204	
288.13623752	
288.13618302	
288.13612855	
288.13607410	
288.13601967	
288.13596526	
288.13591088	
288.13585651	
288.13580217	
288.13574785	
288.13569355	
288.13563927	
288.13558502	
288.13553078	
288.13547657	
288.13542238	
288.13536821	
288.13531406	
288.13525994	
288.13520583	
288.13515175	
288.13509769	
288.13504365	
288.13498963	
288.13493564	
288.13488166	
288.13482771	
288.13477378	
288.13471987	
288.13466598	
288.13461212	
288.13455827	
288.13450445	
288.13445065	
288.13439687	
288.13434311	
288.13428937	
288.13423565	
288.13418196	
288.13412829	
288.13407463	
288.13402101	
288.13396740	
288.13391381	
288.13386024	
288.13380670	
288.13375318	
288.13369968	
288.13364620	
288.13359274	
288.13353930	
288.13348589	
288.13343249	
288.13337912	
288.13332577	
288.13327244	
288.13321913	
288.13316584	
288.13311257	
288.13305933	
288.13300610	
288.13295290	
288.13289972	
288.13284656	
288.13279342	
288.13274030	
288.13268721	
288.13263413	
288.13258108	
288.13252805	
288.13247504	
288.13242205	
288.13236908	
288.13231613	
288.13226320	
288.13221030	
288.13215741	
288.13210455	
288.13205171	
288.13199889	
288.13194609	
288.13189331	
288.13184055	
288.13178782	
288.13173510	
288.13168241	
288.13162973	
288.13157708	
288.13152445	
288.13147184	
288.13141925	
288.13136669	
288.13131414	
288.13126161	
288.13120911	
288.13115663	
288.13110416	
288.13105172	
288.13099930	
288.13094690	
288.13089452	
288.13084216	
288.13078983	
288.13073751	
288.13068522	
288.13063294	
288.13058069	
288.13052846	
288.13047625	
288.13042405	
288.13037189	
288.13031974	
288.13026761	
288.13021550	
288.13016342	
288.13011135	
288.13005931	
288.13000728	
288.12995528	
288.12990330	
288.12985134	
288.12979939	
288.12974747	
288.12969558	
288.12964370	
288.12959184	
288.12954000	
288.12948819	
288.12943639	
288.12938462	
288.12933286	
288.12928113	
288.12922942	
288.12917773	
288.12912606	
288.12907440	
288.12902278	
288.12897117	
288.12891958	
288.12886801	
288.12881646	
288.12876494	
288.12871343	
288.12866194	
288.12861048	
288.12855904	
288.12850761	
288.12845621	
288.12840483	
288.12835346	
288.12830212	
288.12825080	
288.12819950	
288.12814822	
288.12809696	
288.12804572	
288.12799451	
288.12794331	
288.12789213	
288.12784097	
288.12778984	
288.12773872	
288.12768763	
288.12763655	
288.12758550	
288.12753446	
288.12748345	
288.12743245	
288.12738148	
288.12733053	
288.12727960	
288.12722869	
288.12717779	
288.12712692	
288.12707607	
288.12702524	
288.12697443	
288.12692364	
288.12687287	
288.12682212	
288.12677139	
288.12672069	
288.12667000	
288.12661933	
288.12656868	
288.12651805	
288.12646745	
288.12641686	
288.12636629	
288.12631575	
288.12626522	
288.12621471	
288.12616423	
288.12611376	
288.12606332	
288.12601289	
288.12596249	
288.12591210	
288.12586174	
288.12581139	
288.12576107	
288.12571076	
288.12566048	
288.12561021	
288.12555997	
288.12550975	
288.12545954	
288.12540936	
288.12535920	
288.12530905	
288.12525893	
288.12520882	
288.12515874	
288.12510868	
288.12505863	
288.12500861	
288.12495861	
288.12490862	
288.12485866	
288.12480872	
288.12475879	
288.12470889	
288.12465901	
288.12460914	
288.12455930	
288.12450948	
288.12445967	
288.12440989	
288.12436012	
288.12431038	
288.12426066	
288.12421095	
288.12416127	
288.12411160	
288.12406196	
288.12401233	
288.12396273	
288.12391314	
288.12386358	
288.12381403	
288.12376451	
288.12371500	
288.12366551	
288.12361605	
288.12356660	
288.12351718	
288.12346777	
288.12341838	
288.12336901	
288.12331967	
288.12327034	
288.12322103	
288.12317174	
288.12312247	
288.12307322	
288.12302399	
288.12297479	
288.12292560	
288.12287643	
288.12282727	
288.12277814	
288.12272903	
288.12267994	
288.12263087	
288.12258182	
288.12253278	
288.12248377	
288.12243478	
288.12238580	
288.12233685	
288.12228791	
288.12223900	
288.12219010	
288.12214123	
288.12209237	
288.12204353	
288.12199472	
288.12194592	
288.12189714	
288.12184838	
288.12179964	
288.12175092	
288.12170222	
288.12165354	
288.12160488	
288.12155624	
288.12150762	
288.12145901	
288.12141043	
288.12136186	
288.12131332	
288.12126479	
288.12121629	
288.12116780	
288.12111933	
288.12107089	
288.12102246	
288.12097405	
288.12092566	
288.12087729	
288.12082894	
288.12078061	
288.12073230	
288.12068400	
288.12063573	
288.12058747	
288.12053924	
288.12049102	
288.12044283	
288.12039465	
288.12034649	
288.12029835	
288.12025023	
288.12020213	
288.12015405	
288.12010599	
288.12005795	
288.12000993	
288.11996192	
288.11991394	
288.11986597	
288.11981803	
288.11977010	
288.11972219	
288.11967430	
288.11962643	
288.11957858	
288.11953075	
288.11948294	
288.11943514	
288.11938737	
288.11933961	
288.11929188	
288.11924416	
288.11919646	
288.11914879	
288.11910113	
288.11905349	
288.11900586	
288.11895826	
288.11891068	
288.11886311	
288.11881557	
288.11876804	
288.11872054	
288.11867305	
288.11862558	
288.11857813	
288.11853070	
288.11848328	
288.11843589	
288.11838852	
288.11834116	
288.11829383	
288.11824651	
288.11819921	
288.11815193	
288.11810467	
288.11805743	
288.11801020	
288.11796300	
288.11791581	
288.11786865	
288.11782150	
288.11777437	
288.11772726	
288.11768017	
288.11763310	
288.11758605	
288.11753901	
288.11749200	
288.11744500	
288.11739802	
288.11735106	
288.11730412	
288.11725720	
288.11721030	
288.11716341	
288.11711655	
288.11706970	
288.11702287	
288.11697606	
288.11692927	
288.11688250	
288.11683575	
288.11678901	
288.11674230	
288.11669560	
288.11664892	
288.11660226	
288.11655562	
288.11650900	
288.11646240	
288.11641581	
288.11636925	
288.11632270	
288.11627617	
288.11622966	
288.11618317	
288.11613669	
288.11609024	
288.11604380	
288.11599739	
288.11595099	
288.11590461	
288.11585824	
288.11581190	
288.11576558	
288.11571927	
288.11567298	
288.11562671	
288.11558046	
288.11553423	
288.11548802	
288.11544182	
288.11539564	
288.11534949	
288.11530335	
288.11525723	
288.11521112	
288.11516504	
288.11511897	
288.11507292	
288.11502690	
288.11498088	
288.11493489	
288.11488892	
288.11484296	
288.11479703	
288.11475111	
288.11470521	
288.11465932	
288.11461346	
288.11456762	
288.11452179	
288.11447598	
288.11443019	
288.11438442	
288.11433866	
288.11429293	
288.11424721	
288.11420151	
288.11415583	
288.11411017	
288.11406452	
288.11401890	
288.11397329	
288.11392770	
288.11388213	
288.11383658	
288.11379104	
288.11374553	
288.11370003	
288.11365455	
288.11360909	
288.11356364	
288.11351822	
288.11347281	
288.11342742	
288.11338205	
288.11333670	
288.11329136	
288.11324605	
288.11320075	
288.11315547	
288.11311021	
288.11306496	
288.11301974	
288.11297453	
288.11292934	
288.11288417	
288.11283901	
288.11279388	
288.11274876	
288.11270366	
288.11265858	
288.11261351	
288.11256847	
288.11252344	
288.11247843	
288.11243344	
288.11238847	
288.11234351	
288.11229858	
288.11225366	
288.11220875	
288.11216387	
288.11211901	
288.11207416	
288.11202933	
288.11198452	
288.11193972	
288.11189495	
288.11185019	
288.11180545	
288.11176073	
288.11171602	
288.11167134	
288.11162667	
288.11158202	
288.11153738	
288.11149277	
288.11144817	
288.11140359	
288.11135903	
288.11131449	
288.11126996	
288.11122545	
288.11118096	
288.11113649	
288.11109204	
288.11104760	
288.11100318	
288.11095878	
288.11091440	
288.11087003	
288.11082568	
288.11078135	
288.11073704	
288.11069274	
288.11064847	
288.11060421	
288.11055997	
288.11051574	
288.11047154	
288.11042735	
288.11038318	
288.11033902	
288.11029489	
288.11025077	
288.11020667	
288.11016259	
288.11011852	
288.11007447	
288.11003044	
288.10998643	
288.10994244	
288.10989846	
288.10985450	
288.10981056	
288.10976663	
288.10972273	
288.10967884	
288.10963497	
288.10959111	
288.10954728	
288.10950346	
288.10945966	
288.10941587	
288.10937211	
288.10932836	
288.10928463	
288.10924091	
288.10919722	
288.10915354	
288.10910988	
288.10906623	
288.10902261	
288.10897900	
288.10893540	
288.10889183	
288.10884827	
288.10880473	
288.10876121	
288.10871771	
288.10867422	
288.10863075	
288.10858730	
288.10854386	
288.10850045	
288.10845705	
288.10841366	
288.10837030	
288.10832695	
288.10828362	
288.10824031	
288.10819701	
288.10815373	
288.10811047	
288.10806723	
288.10802400	
288.10798079	
288.10793760	
288.10789442	
288.10785126	
288.10780812	
288.10776500	
288.10772189	
288.10767881	
288.10763573	
288.10759268	
288.10754964	
288.10750662	
288.10746362	
288.10742063	
288.10737767	
288.10733472	
288.10729178	
288.10724886	
288.10720596	
288.10716308	
288.10712022	
288.10707737	
288.10703454	
288.10699172	
288.10694893	
288.10690615	
288.10686339	
288.10682064	
288.10677791	
288.10673520	
288.10669251	
288.10664983	
288.10660717	
288.10656453	
288.10652190	
288.10647929	
288.10643670	
288.10639413	
288.10635157	
288.10630903	
288.10626650	
288.10622400	
288.10618151	
288.10613904	
288.10609658	
288.10605414	
288.10601172	
288.10596931	
288.10592693	
288.10588456	
288.10584220	
288.10579987	
288.10575755	
288.10571524	
288.10567296	
288.10563069	
288.10558844	
288.10554620	
288.10550398	
288.10546178	
288.10541959	
288.10537743	
288.10533528	
288.10529314	
288.10525102	
288.10520892	
288.10516684	
288.10512477	
288.10508272	
288.10504069	
288.10499867	
288.10495668	
288.10491469	
288.10487273	
288.10483078	
288.10478885	
288.10474693	
288.10470503	
288.10466315	
288.10462128	
288.10457944	
288.10453760	
288.10449579	
288.10445399	
288.10441221	
288.10437044	
288.10432870	
288.10428696	
288.10424525	
288.10420355	
288.10416187	
288.10412020	
288.10407856	
288.10403693	
288.10399531	
288.10395371	
288.10391213	
288.10387057	
288.10382902	
288.10378749	
288.10374597	
288.10370447	
288.10366299	
288.10362153	
288.10358008	
288.10353865	
288.10349723	
288.10345583	
288.10341445	
288.10337308	
288.10333173	
288.10329040	
288.10324908	
288.10320779	
288.10316650	
288.10312524	
288.10308399	
288.10304275	
288.10300153	
288.10296033	
288.10291915	
288.10287798	
288.10283683	
288.10279570	
288.10275458	
288.10271348	
288.10267239	
288.10263132	
288.10259027	
288.10254923	
288.10250821	
288.10246721	
288.10242622	
288.10238525	
288.10234430	
288.10230336	
288.10226244	
288.10222153	
288.10218065	
288.10213977	
288.10209892	
288.10205808	
288.10201726	
288.10197645	
288.10193566	
288.10189488	
288.10185413	
288.10181338	
288.10177266	
288.10173195	
288.10169126	
288.10165058	
288.10160992	
288.10156928	
288.10152865	
288.10148804	
288.10144744	
288.10140686	
288.10136630	
288.10132575	
288.10128522	
288.10124471	
288.10120421	
288.10116373	
288.10112326	
288.10108281	
288.10104238	
288.10100196	
288.10096156	
288.10092118	
288.10088081	
288.10084046	
288.10080012	
288.10075980	
288.10071950	
288.10067921	
288.10063894	
288.10059868	
288.10055844	
288.10051822	
288.10047801	
288.10043782	
288.10039765	
288.10035749	
288.10031734	
288.10027722	
288.10023711	
288.10019701	
288.10015693	
288.10011687	
288.10007682	
288.10003679	
288.09999678	
288.09995678	
288.09991680	
288.09987683	
288.09983688	
288.09979694	
288.09975703	
288.09971712	
288.09967724	
288.09963737	
288.09959751	
288.09955767	
288.09951785	
288.09947804	
288.09943825	
288.09939847	
288.09935872	
288.09931897	
288.09927924	
288.09923953	
288.09919984	
288.09916016	
288.09912049	
288.09908084	
288.09904121	
288.09900160	
288.09896199	
288.09892241	
288.09888284	
288.09884329	
288.09880375	
288.09876423	
288.09872472	
288.09868523	
288.09864576	
288.09860630	
288.09856686	
288.09852743	
288.09848802	
288.09844863	
288.09840925	
288.09836988	
288.09833053	
288.09829120	
288.09825189	
288.09821259	
288.09817330	
288.09813403	
288.09809478	
288.09805554	
288.09801632	
288.09797711	
288.09793792	
288.09789874	
288.09785959	
288.09782044	
288.09778131	
288.09774220	
288.09770310	
288.09766402	
288.09762496	
288.09758591	
288.09754687	
288.09750785	
288.09746885	
288.09742986	
288.09739089	
288.09735193	
288.09731299	
288.09727407	
288.09723516	
288.09719627	
288.09715739	
288.09711852	
288.09707968	
288.09704084	
288.09700203	
288.09696323	
288.09692444	
288.09688567	
288.09684692	
288.09680818	
288.09676946	
288.09673075	
288.09669206	
288.09665338	
288.09661472	
288.09657607	
288.09653744	
288.09649883	
288.09646023	
288.09642164	
288.09638307	
288.09634452	
288.09630598	
288.09626746	
288.09622895	
288.09619046	
288.09615199	
288.09611352	
288.09607508	
288.09603665	
288.09599823	
288.09595984	
288.09592145	
288.09588308	
288.09584473	
288.09580639	
288.09576807	
288.09572976	
288.09569147	
288.09565319	
288.09561493	
288.09557669	
288.09553846	
288.09550024	
288.09546204	
288.09542386	
288.09538569	
288.09534753	
288.09530939	
288.09527127	
288.09523316	
288.09519507	
288.09515699	
288.09511893	
288.09508088	
288.09504285	
288.09500483	
288.09496683	
288.09492884	
288.09489087	
288.09485291	
288.09481497	
288.09477705	
288.09473913	
288.09470124	
288.09466336	
288.09462549	
288.09458764	
288.09454981	
288.09451199	
288.09447418	
288.09443639	
288.09439862	
288.09436086	
288.09432312	
288.09428539	
288.09424767	
288.09420997	
288.09417229	
288.09413462	
288.09409697	
288.09405933	
288.09402170	
288.09398409	
288.09394650	
288.09390892	
288.09387136	
288.09383381	
288.09379628	
288.09375876	
288.09372125	
288.09368377	
288.09364629	
288.09360883	
288.09357139	
288.09353396	
288.09349655	
288.09345915	
288.09342177	
288.09338440	
288.09334704	
288.09330971	
288.09327238	
288.09323507	
288.09319778	
288.09316050	
288.09312323	
288.09308599	
288.09304875	
288.09301153	
288.09297433	
288.09293714	
288.09289996	
288.09286280	
288.09282566	
288.09278853	
288.09275141	
288.09271431	
288.09267723	
288.09264015	
288.09260310	
288.09256606	
288.09252903	
288.09249202	
288.09245502	
288.09241804	
288.09238107	
288.09234412	
288.09230718	
288.09227026	
288.09223335	
288.09219646	
288.09215958	
288.09212272	
288.09208587	
288.09204903	
288.09201221	
288.09197541	
288.09193862	
288.09190184	
288.09186508	
288.09182834	
288.09179160	
288.09175489	
288.09171819	
288.09168150	
288.09164483	
288.09160817	
288.09157153	
288.09153490	
288.09149828	
288.09146168	
288.09142510	
288.09138853	
288.09135197	
288.09131543	
288.09127891	
288.09124239	
288.09120590	
288.09116942	
288.09113295	
288.09109649	
288.09106006	
288.09102363	
288.09098722	
288.09095083	
288.09091445	
288.09087808	
288.09084173	
288.09080539	
288.09076907	
288.09073276	
288.09069647	
288.09066019	
288.09062393	
288.09058768	
288.09055144	
288.09051522	
288.09047902	
288.09044282	
288.09040665	
288.09037049	
288.09033434	
288.09029820	
288.09026208	
288.09022598	
288.09018989	
288.09015381	
288.09011775	
288.09008170	
288.09004567	
288.09000965	
288.08997365	
288.08993766	
288.08990168	
288.08986572	
288.08982978	
288.08979385	
288.08975793	
288.08972203	
288.08968614	
288.08965026	
288.08961440	
288.08957856	
288.08954272	
288.08950691	
288.08947110	
288.08943532	
288.08939954	
288.08936378	
288.08932804	
288.08929231	
288.08925659	
288.08922089	
288.08918520	
288.08914952	
288.08911386	
288.08907822	
288.08904259	
288.08900697	
288.08897137	
288.08893578	
288.08890020	
288.08886464	
288.08882910	
288.08879357	
288.08875805	
288.08872255	
288.08868706	
288.08865158	
288.08861612	
288.08858068	
288.08854524	
288.08850982	
288.08847442	
288.08843903	
288.08840366	
288.08836829	
288.08833295	
288.08829761	
288.08826229	
288.08822699	
288.08819170	
288.08815642	
288.08812116	
288.08808591	
288.08805068	
288.08801546	
288.08798025	
288.08794506	
288.08790988	
288.08787472	
288.08783957	
288.08780443	
288.08776931	
288.08773420	
288.08769911	
288.08766403	
288.08762896	
288.08759391	
288.08755887	
288.08752385	
288.08748884	
288.08745384	
288.08741886	
288.08738390	
288.08734894	
288.08731400	
288.08727908	
288.08724416	
288.08720927	
288.08717438	
288.08713951	
288.08710466	
288.08706982	
288.08703499	
288.08700017	
288.08696537	
288.08693059	
288.08689582	
288.08686106	
288.08682631	
288.08679158	
288.08675687	
288.08672216	
288.08668747	
288.08665280	
288.08661814	
288.08658349	
288.08654886	
288.08651424	
288.08647963	
288.08644504	
288.08641046	
288.08637590	
288.08634135	
288.08630681	
288.08627229	
288.08623778	
288.08620328	
288.08616880	
288.08613434	
288.08609988	
288.08606544	
288.08603102	
288.08599660	
288.08596220	
288.08592782	
288.08589345	
288.08585909	
288.08582475	
288.08579042	
288.08575610	
288.08572180	
288.08568751	
288.08565324	
288.08561897	
288.08558473	
288.08555049	
288.08551627	
288.08548207	
288.08544787	
288.08541369	
288.08537953	
288.08534538	
288.08531124	
288.08527711	
288.08524300	
288.08520891	
288.08517482	
288.08514075	
288.08510670	
288.08507265	
288.08503862	
288.08500461	
288.08497061	
288.08493662	
288.08490264	
288.08486868	
288.08483474	
288.08480080	
288.08476688	
288.08473297	
288.08469908	
288.08466520	
288.08463134	
288.08459748	
288.08456364	
288.08452982	
288.08449601	
288.08446221	
288.08442842	
288.08439465	
288.08436089	
288.08432715	
288.08429342	
288.08425970	
288.08422600	
288.08419231	
288.08415863	
288.08412497	
288.08409132	
288.08405768	
288.08402406	
288.08399045	
288.08395685	
288.08392327	
288.08388970	
288.08385614	
288.08382260	
288.08378907	
288.08375556	
288.08372205	
288.08368857	
288.08365509	
288.08362163	
288.08358818	
288.08355474	
288.08352132	
288.08348791	
288.08345452	
288.08342114	
288.08338777	
288.08335441	
288.08332107	
288.08328774	
288.08325443	
288.08322113	
288.08318784	
288.08315456	
288.08312130	
288.08308805	
288.08305482	
288.08302160	
288.08298839	
288.08295519	
288.08292201	
288.08288884	
288.08285568	
288.08282254	
288.08278941	
288.08275630	
288.08272320	
288.08269011	
288.08265703	
288.08262397	
288.08259092	
288.08255788	
288.08252486	
288.08249185	
288.08245885	
288.08242587	
288.08239290	
288.08235994	
288.08232700	
288.08229407	
288.08226115	
288.08222824	
288.08219535	
288.08216247	
288.08212961	
288.08209676	
288.08206392	
288.08203109	
288.08199828	
288.08196548	
288.08193269	
288.08189992	
288.08186716	
288.08183441	
288.08180168	
288.08176896	
288.08173625	
288.08170356	
288.08167088	
288.08163821	
288.08160555	
288.08157291	
288.08154028	
288.08150767	
288.08147506	
288.08144247	
288.08140990	
288.08137733	
288.08134478	
288.08131224	
288.08127972	
288.08124721	
288.08121471	
288.08118222	
288.08114975	
288.08111729	
288.08108484	
288.08105241	
288.08101999	
288.08098758	
288.08095518	
288.08092280	
288.08089043	
288.08085808	
288.08082573	
288.08079340	
288.08076109	
288.08072878	
288.08069649	
288.08066421	
288.08063195	
288.08059969	
288.08056745	
288.08053523	
288.08050301	
288.08047081	
288.08043862	
288.08040645	
288.08037428	
288.08034213	
288.08031000	
288.08027787	
288.08024576	
288.08021366	
288.08018158	
288.08014951	
288.08011745	
288.08008540	
288.08005336	
288.08002134	
288.07998934	
288.07995734	
288.07992536	
288.07989339	
288.07986143	
288.07982948	
288.07979755	
288.07976563	
288.07973373	
288.07970183	
288.07966995	
288.07963809	
288.07960623	
288.07957439	
288.07954256	
288.07951074	
288.07947894	
288.07944714	
288.07941537	
288.07938360	
288.07935185	
288.07932011	
288.07928838	
288.07925666	
288.07922496	
288.07919327	
288.07916159	
288.07912993	
288.07909828	
288.07906664	
288.07903501	
288.07900340	
288.07897179	
288.07894021	
288.07890863	
288.07887707	
288.07884552	
288.07881398	
288.07878245	
288.07875094	
288.07871944	
288.07868795	
288.07865648	
288.07862501	
288.07859356	
288.07856213	
288.07853070	
288.07849929	
288.07846789	
288.07843650	
288.07840513	
288.07837376	
288.07834241	
288.07831108	
288.07827975	
288.07824844	
288.07821714	
288.07818586	
288.07815458	
288.07812332	
288.07809207	
288.07806083	
288.07802961	
288.07799840	
288.07796720	
288.07793601	
288.07790484	
288.07787367	
288.07784252	
288.07781139	
288.07778026	
288.07774915	
288.07771805	
288.07768696	
288.07765589	
288.07762483	
288.07759378	
288.07756274	
288.07753171	
288.07750070	
288.07746970	
288.07743871	
288.07740774	
288.07737678	
288.07734582	
288.07731489	
288.07728396	
288.07725305	
288.07722215	
288.07719126	
288.07716038	
288.07712952	
288.07709866	
288.07706782	
288.07703700	
288.07700618	
288.07697538	
288.07694459	
288.07691381	
288.07688305	
288.07685229	
288.07682155	
288.07679082	
288.07676011	
288.07672940	
288.07669871	
288.07666803	
288.07663737	
288.07660671	
288.07657607	
288.07654544	
288.07651482	
288.07648421	
288.07645362	
288.07642304	
288.07639247	
288.07636191	
288.07633137	
288.07630083	
288.07627031	
288.07623981	
288.07620931	
288.07617883	
288.07614835	
288.07611790	
288.07608745	
288.07605701	
288.07602659	
288.07599618	
288.07596578	
288.07593539	
288.07590502	
288.07587466	
288.07584431	
288.07581397	
288.07578365	
288.07575333	
288.07572303	
288.07569274	
288.07566246	
288.07563220	
288.07560195	
288.07557171	
288.07554148	
288.07551126	
288.07548106	
288.07545086	
288.07542068	
288.07539052	
288.07536036	
288.07533021	
288.07530008	
288.07526996	
288.07523985	
288.07520976	
288.07517967	
288.07514960	
288.07511954	
288.07508950	
288.07505946	
288.07502944	
288.07499942	
288.07496942	
288.07493944	
288.07490946	
288.07487950	
288.07484954	
288.07481961	
288.07478968	
288.07475976	
288.07472986	
288.07469997	
288.07467009	
288.07464022	
288.07461036	
288.07458052	
288.07455069	
288.07452086	
288.07449106	
288.07446126	
288.07443148	
288.07440170	
288.07437194	
288.07434219	
288.07431246	
288.07428273	
288.07425302	
288.07422332	
288.07419363	
288.07416395	
288.07413428	
288.07410463	
288.07407499	
288.07404536	
288.07401574	
288.07398613	
288.07395654	
288.07392696	
288.07389739	
288.07386783	
288.07383828	
288.07380875	
288.07377922	
288.07374971	
288.07372021	
288.07369072	
288.07366125	
288.07363178	
288.07360233	
288.07357289	
288.07354346	
288.07351404	
288.07348464	
288.07345524	
288.07342586	
288.07339649	
288.07336713	
288.07333778	
288.07330845	
288.07327913	
288.07324981	
288.07322051	
288.07319123	
288.07316195	
288.07313268	
288.07310343	
288.07307419	
288.07304496	
288.07301574	
288.07298654	
288.07295734	
288.07292816	
288.07289899	
288.07286983	
288.07284068	
288.07281154	
288.07278242	
288.07275331	
288.07272420	
288.07269512	
288.07266604	
288.07263697	
288.07260792	
288.07257887	
288.07254984	
288.07252082	
288.07249181	
288.07246282	
288.07243383	
288.07240486	
288.07237590	
288.07234695	
288.07231801	
288.07228908	
288.07226016	
288.07223126	
288.07220237	
288.07217349	
288.07214462	
288.07211576	
288.07208691	
288.07205808	
288.07202925	
288.07200044	
288.07197164	
288.07194285	
288.07191408	
288.07188531	
288.07185656	
288.07182781	
288.07179908	
288.07177036	
288.07174166	
288.07171296	
288.07168427	
288.07165560	
288.07162694	
288.07159829	
288.07156965	
288.07154102	
288.07151240	
288.07148380	
288.07145520	
288.07142662	
288.07139805	
288.07136949	
288.07134095	
288.07131241	
288.07128388	
288.07125537	
288.07122687	
288.07119838	
288.07116990	
288.07114143	
288.07111297	
288.07108453	
288.07105609	
288.07102767	
288.07099926	
288.07097086	
288.07094247	
288.07091410	
288.07088573	
288.07085738	
288.07082903	
288.07080070	
288.07077238	
288.07074407	
288.07071577	
288.07068749	
288.07065921	
288.07063095	
288.07060270	
288.07057446	
288.07054623	
288.07051801	
288.07048980	
288.07046160	
288.07043342	
288.07040525	
288.07037708	
288.07034893	
288.07032079	
288.07029267	
288.07026455	
288.07023644	
288.07020835	
288.07018027	
288.07015219	
288.07012413	
288.07009608	
288.07006804	
288.07004002	
288.07001200	
288.06998400	
288.06995600	
288.06992802	
288.06990005	
288.06987209	
288.06984414	
288.06981620	
288.06978828	
288.06976036	
288.06973246	
288.06970456	
288.06967668	
288.06964881	
288.06962095	
288.06959310	
288.06956527	
288.06953744	
288.06950962	
288.06948182	
288.06945403	
288.06942625	
288.06939848	
288.06937072	
288.06934297	
288.06931523	
288.06928751	
288.06925979	
288.06923209	
288.06920439	
288.06917671	
288.06914904	
288.06912138	
288.06909373	
288.06906610	
288.06903847	
288.06901085	
288.06898325	
288.06895566	
288.06892807	
288.06890050	
288.06887294	
288.06884539	
288.06881785	
288.06879033	
288.06876281	
288.06873531	
288.06870781	
288.06868033	
288.06865286	
288.06862540	
288.06859795	
288.06857051	
288.06854308	
288.06851566	
288.06848825	
288.06846086	
288.06843348	
288.06840610	
288.06837874	
288.06835139	
288.06832405	
288.06829672	
288.06826940	
288.06824209	
288.06821479	
288.06818751	
288.06816023	
288.06813297	
288.06810572	
288.06807847	
288.06805124	
288.06802402	
288.06799681	
288.06796961	
288.06794243	
288.06791525	
288.06788808	
288.06786093	
288.06783378	
288.06780665	
288.06777953	
288.06775242	
288.06772531	
288.06769822	
288.06767114	
288.06764408	
288.06761702	
288.06758997	
288.06756294	
288.06753591	
288.06750890	
288.06748189	
288.06745490	
288.06742792	
288.06740095	
288.06737399	
288.06734704	
288.06732010	
288.06729317	
288.06726625	
288.06723935	
288.06721245	
288.06718557	
288.06715869	
288.06713183	
288.06710498	
288.06707813	
288.06705130	
288.06702448	
288.06699767	
288.06697087	
288.06694408	
288.06691731	
288.06689054	
288.06686378	
288.06683704	
288.06681030	
288.06678358	
288.06675687	
288.06673016	
288.06670347	
288.06667679	
288.06665012	
288.06662346	
288.06659681	
288.06657017	
288.06654354	
288.06651692	
288.06649032	
288.06646372	
288.06643714	
288.06641056	
288.06638400	
288.06635744	
288.06633090	
288.06630437	
288.06627785	
288.06625134	
288.06622484	
288.06619835	
288.06617187	
288.06614540	
288.06611894	
288.06609249	
288.06606605	
288.06603963	
288.06601321	
288.06598681	
288.06596041	
288.06593403	
288.06590765	
288.06588129	
288.06585494	
288.06582860	
288.06580227	
288.06577594	
288.06574963	
288.06572333	
288.06569704	
288.06567077	
288.06564450	
288.06561824	
288.06559199	
288.06556576	
288.06553953	
288.06551331	
288.06548711	
288.06546091	
288.06543473	
288.06540856	
288.06538239	
288.06535624	
288.06533010	
288.06530396	
288.06527784	
288.06525173	
288.06522563	
288.06519954	
288.06517346	
288.06514739	
288.06512133	
288.06509528	
288.06506925	
288.06504322	
288.06501720	
288.06499119	
288.06496520	
288.06493921	
288.06491324	
288.06488727	
288.06486132	
288.06483537	
288.06480944	
288.06478351	
288.06475760	
288.06473170	
288.06470580	
288.06467992	
288.06465405	
288.06462819	
288.06460234	
288.06457650	
288.06455067	
288.06452484	
288.06449904	
288.06447324	
288.06444745	
288.06442167	
288.06439590	
288.06437014	
288.06434439	
288.06431865	
288.06429293	
288.06426721	
288.06424150	
288.06421581	
288.06419012	
288.06416444	
288.06413878	
288.06411312	
288.06408748	
288.06406184	
288.06403622	
288.06401060	
288.06398500	
288.06395940	
288.06393382	
288.06390825	
288.06388268	
288.06385713	
288.06383159	
288.06380606	
288.06378053	
288.06375502	
288.06372952	
288.06370403	
288.06367855	
288.06365307	
288.06362761	
288.06360216	
288.06357672	
288.06355129	
288.06352587	
288.06350046	
288.06347506	
288.06344967	
288.06342429	
288.06339892	
288.06337356	
288.06334821	
288.06332287	
288.06329754	
288.06327222	
288.06324691	
288.06322162	
288.06319633	
288.06317105	
288.06314578	
288.06312052	
288.06309527	
288.06307004	
288.06304481	
288.06301959	
288.06299438	
288.06296918	
288.06294400	
288.06291882	
288.06289365	
288.06286849	
288.06284335	
288.06281821	
288.06279308	
288.06276796	
288.06274286	
288.06271776	
288.06269267	
288.06266760	
288.06264253	
288.06261747	
288.06259242	
288.06256739	
288.06254236	
288.06251734	
288.06249234	
288.06246734	
288.06244235	
288.06241738	
288.06239241	
288.06236745	
288.06234251	
288.06231757	
288.06229264	
288.06226772	
288.06224282	
288.06221792	
288.06219303	
288.06216816	
288.06214329	
288.06211843	
288.06209358	
288.06206875	
288.06204392	
288.06201910	
288.06199429	
288.06196950	
288.06194471	
288.06191993	
288.06189516	
288.06187040	
288.06184566	
288.06182092	
288.06179619	
288.06177147	
288.06174676	
288.06172206	
288.06169737	
288.06167270	
288.06164803	
288.06162337	
288.06159872	
288.06157408	
288.06154945	
288.06152483	
288.06150022	
288.06147562	
288.06145103	
288.06142645	
288.06140188	
288.06137732	
288.06135277	
288.06132823	
288.06130369	
288.06127917	
288.06125466	
288.06123016	
288.06120567	
288.06118118	
288.06115671	
288.06113225	
288.06110780	
288.06108335	
288.06105892	
288.06103450	
288.06101008	
288.06098568	
288.06096128	
288.06093690	
288.06091253	
288.06088816	
288.06086380	
288.06083946	
288.06081512	
288.06079080	
288.06076648	
288.06074217	
288.06071788	
288.06069359	
288.06066931	
288.06064505	
288.06062079	
288.06059654	
288.06057230	
288.06054807	
288.06052385	
288.06049964	
288.06047544	
288.06045125	
288.06042707	
288.06040290	
288.06037874	
288.06035459	
288.06033045	
288.06030631	
288.06028219	
288.06025808	
288.06023398	
288.06020988	
288.06018580	
288.06016172	
288.06013766	
288.06011360	
288.06008956	
288.06006552	
288.06004150	
288.06001748	
288.05999347	
288.05996948	
288.05994549	
288.05992151	
288.05989754	
288.05987358	
288.05984963	
288.05982569	
288.05980176	
288.05977784	
288.05975393	
288.05973003	
288.05970614	
288.05968225	
288.05965838	
288.05963452	
288.05961066	
288.05958682	
288.05956299	
288.05953916	
288.05951535	
288.05949154	
288.05946774	
288.05944396	
288.05942018	
288.05939641	
288.05937265	
288.05934890	
288.05932516	
288.05930143	
288.05927771	
288.05925400	
288.05923030	
288.05920661	
288.05918292	
288.05915925	
288.05913559	
288.05911193	
288.05908829	
288.05906465	
288.05904103	
288.05901741	
288.05899380	
288.05897021	
288.05894662	
288.05892304	
288.05889947	
288.05887591	
288.05885236	
288.05882882	
288.05880529	
288.05878177	
288.05875825	
288.05873475	
288.05871126	
288.05868777	
288.05866430	
288.05864083	
288.05861737	
288.05859393	
288.05857049	
288.05854706	
288.05852364	
288.05850023	
288.05847683	
288.05845344	
288.05843006	
288.05840669	
288.05838333	
288.05835997	
288.05833663	
288.05831329	
288.05828997	
288.05826665	
288.05824335	
288.05822005	
288.05819676	
288.05817348	
288.05815021	
288.05812695	
288.05810370	
288.05808046	
288.05805723	
288.05803401	
288.05801079	
288.05798759	
288.05796439	
288.05794121	
288.05791803	
288.05789486	
288.05787170	
288.05784856	
288.05782542	
288.05780229	
288.05777917	
288.05775605	
288.05773295	
288.05770986	
288.05768677	
288.05766370	
288.05764063	
288.05761758	
288.05759453	
288.05757149	
288.05754846	
288.05752545	
288.05750244	
288.05747943	
288.05745644	
288.05743346	
288.05741049	
288.05738752	
288.05736457	
288.05734162	
288.05731868	
288.05729576	
288.05727284	
288.05724993	
288.05722703	
288.05720414	
288.05718126	
288.05715838	
288.05713552	
288.05711267	
288.05708982	
288.05706699	
288.05704416	
288.05702134	
288.05699853	
288.05697573	
288.05695294	
288.05693016	
288.05690739	
288.05688463	
288.05686187	
288.05683913	
288.05681639	
288.05679367	
288.05677095	
288.05674824	
288.05672554	
288.05670285	
288.05668017	
288.05665750	
288.05663484	
288.05661218	
288.05658954	
288.05656690	
288.05654427	
288.05652166	
288.05649905	
288.05647645	
288.05645386	
288.05643128	
288.05640870	
288.05638614	
288.05636359	
288.05634104	
288.05631850	
288.05629598	
288.05627346	
288.05625095	
288.05622845	
288.05620596	
288.05618347	
288.05616100	
288.05613854	
288.05611608	
288.05609363	
288.05607120	
288.05604877	
288.05602635	
288.05600394	
288.05598154	
288.05595914	
288.05593676	
288.05591439	
288.05589202	
288.05586966	
288.05584732	
288.05582498	
288.05580265	
288.05578033	
288.05575801	
288.05573571	
288.05571342	
288.05569113	
288.05566885	
288.05564659	
288.05562433	
288.05560208	
288.05557984	
288.05555761	
288.05553538	
288.05551317	
288.05549096	
288.05546877	
288.05544658	
288.05542440	
288.05540223	
288.05538007	
288.05535792	
288.05533577	
288.05531364	
288.05529151	
288.05526940	
288.05524729	
288.05522519	
288.05520310	
288.05518102	
288.05515895	
288.05513688	
288.05511483	
288.05509278	
288.05507075	
288.05504872	
288.05502670	
288.05500469	
288.05498269	
288.05496069	
288.05493871	
288.05491673	
288.05489477	
288.05487281	
288.05485086	
288.05482892	
288.05480699	
288.05478506	
288.05476315	
288.05474125	
288.05471935	
288.05469746	
288.05467558	
288.05465371	
288.05463185	
288.05461000	
288.05458815	
288.05456632	
288.05454449	
288.05452267	
288.05450087	
288.05447906	
288.05445727	
288.05443549	
288.05441372	
288.05439195	
288.05437019	
288.05434845	
288.05432671	
288.05430498	
288.05428325	
288.05426154	
288.05423984	
288.05421814	
288.05419645	
288.05417477	
288.05415310	
288.05413144	
288.05410979	
288.05408815	
288.05406651	
288.05404488	
288.05402327	
288.05400166	
288.05398006	
288.05395846	
288.05393688	
288.05391531	
288.05389374	
288.05387218	
288.05385063	
288.05382909	
288.05380756	
288.05378604	
288.05376452	
288.05374302	
288.05372152	
288.05370003	
288.05367855	
288.05365708	
288.05363562	
288.05361416	
288.05359272	
288.05357128	
288.05354985	
288.05352843	
288.05350702	
288.05348562	
288.05346422	
288.05344284	
288.05342146	
288.05340009	
288.05337873	
288.05335738	
288.05333604	
288.05331470	
288.05329338	
288.05327206	
288.05325075	
288.05322945	
288.05320816	
288.05318688	
288.05316560	
288.05314434	
288.05312308	
288.05310183	
288.05308059	
288.05305936	
288.05303813	
288.05301692	
288.05299571	
288.05297451	
288.05295332	
288.05293214	
288.05291097	
288.05288980	
288.05286865	
288.05284750	
288.05282636	
288.05280523	
288.05278411	
288.05276299	
288.05274189	
288.05272079	
288.05269970	
288.05267862	
288.05265755	
288.05263649	
288.05261544	
288.05259439	
288.05257335	
288.05255232	
288.05253130	
288.05251029	
288.05248928	
288.05246829	
288.05244730	
288.05242632	
288.05240535	
288.05238439	
288.05236344	
288.05234249	
288.05232155	
288.05230063	
288.05227971	
288.05225879	
288.05223789	
288.05221699	
288.05219611	
288.05217523	
288.05215436	
288.05213350	
288.05211264	
288.05209180	
288.05207096	
288.05205013	
288.05202931	
288.05200850	
288.05198770	
288.05196690	
288.05194612	
288.05192534	
288.05190457	
288.05188381	
288.05186305	
288.05184231	
288.05182157	
288.05180084	
288.05178012	
288.05175941	
288.05173871	
288.05171801	
288.05169732	
288.05167664	
288.05165597	
288.05163531	
288.05161466	
288.05159401	
288.05157337	
288.05155274	
288.05153212	
288.05151151	
288.05149091	
288.05147031	
288.05144972	
288.05142914	
288.05140857	
288.05138801	
288.05136745	
288.05134690	
288.05132637	
288.05130584	
288.05128531	
288.05126480	
288.05124429	
288.05122380	
288.05120331	
288.05118282	
288.05116235	
288.05114189	
288.05112143	
288.05110098	
288.05108054	
288.05106011	
288.05103968	
288.05101927	
288.05099886	
288.05097846	
288.05095807	
288.05093769	
288.05091731	
288.05089694	
288.05087659	
288.05085623	
288.05083589	
288.05081556	
288.05079523	
288.05077491	
288.05075460	
288.05073430	
288.05071401	
288.05069372	
288.05067345	
288.05065318	
288.05063291	
288.05061266	
288.05059242	
288.05057218	
288.05055195	
288.05053173	
288.05051152	
288.05049131	
288.05047112	
288.05045093	
288.05043075	
288.05041057	
288.05039041	
288.05037025	
288.05035011	
288.05032997	
288.05030983	
288.05028971	
288.05026959	
288.05024949	
288.05022939	
288.05020930	
288.05018921	
288.05016914	
288.05014907	
288.05012901	
288.05010896	
288.05008891	
288.05006888	
288.05004885	
288.05002883	
288.05000882	
288.04998882	
288.04996882	
288.04994883	
288.04992885	
288.04990888	
288.04988892	
288.04986896	
288.04984901	
288.04982908	
288.04980914	
288.04978922	
288.04976930	
288.04974940	
288.04972950	
288.04970960	
288.04968972	
288.04966985	
288.04964998	
288.04963012	
288.04961027	
288.04959042	
288.04957058	
288.04955076	
288.04953094	
288.04951112	
288.04949132	
288.04947152	
288.04945173	
288.04943195	
288.04941218	
288.04939242	
288.04937266	
288.04935291	
288.04933317	
288.04931344	
288.04929371	
288.04927399	
288.04925428	
288.04923458	
288.04921489	
288.04919520	
288.04917552	
288.04915585	
288.04913619	
288.04911654	
288.04909689	
288.04907725	
288.04905762	
288.04903800	
288.04901838	
288.04899877	
288.04897918	
288.04895958	
288.04894000	
288.04892042	
288.04890086	
288.04888130	
288.04886174	
288.04884220	
288.04882266	
288.04880313	
288.04878361	
288.04876410	
288.04874459	
288.04872509	
288.04870560	
288.04868612	
288.04866665	
288.04864718	
288.04862772	
288.04860827	
288.04858883	
288.04856939	
288.04854996	
288.04853054	
288.04851113	
288.04849173	
288.04847233	
288.04845294	
288.04843356	
288.04841419	
288.04839482	
288.04837546	
288.04835611	
288.04833677	
288.04831744	
288.04829811	
288.04827879	
288.04825948	
288.04824017	
288.04822088	
288.04820159	
288.04818231	
288.04816304	
288.04814377	
288.04812451	
288.04810526	
288.04808602	
288.04806679	
288.04804756	
288.04802834	
288.04800913	
288.04798993	
288.04797073	
288.04795154	
288.04793236	
288.04791319	
288.04789402	
288.04787487	
288.04785572	
288.04783657	
288.04781744	
288.04779831	
288.04777919	
288.04776008	
288.04774098	
288.04772188	
288.04770279	
288.04768371	
288.04766464	
288.04764557	
288.04762651	
288.04760746	
288.04758842	
288.04756938	
288.04755036	
288.04753134	
288.04751232	
288.04749332	
288.04747432	
288.04745533	
288.04743635	
288.04741738	
288.04739841	
288.04737945	
288.04736050	
288.04734155	
288.04732262	
288.04730369	
288.04728477	
288.04726585	
288.04724695	
288.04722805	
288.04720916	
288.04719027	
288.04717140	
288.04715253	
288.04713367	
288.04711481	
288.04709597	
288.04707713	
288.04705830	
288.04703947	
288.04702066	
288.04700185	
288.04698305	
288.04696426	
288.04694547	
288.04692669	
288.04690792	
288.04688916	
288.04687040	
288.04685165	
288.04683291	
288.04681418	
288.04679546	
288.04677674	
288.04675803	
288.04673932	
288.04672063	
288.04670194	
288.04668326	
288.04666459	
288.04664592	
288.04662726	
288.04660861	
288.04658997	
288.04657133	
288.04655270	
288.04653408	
288.04651547	
288.04649686	
288.04647826	
288.04645967	
288.04644109	
288.04642251	
288.04640394	
288.04638538	
288.04636683	
288.04634828	
288.04632974	
288.04631121	
288.04629268	
288.04627417	
288.04625566	
288.04623715	
288.04621866	
288.04620017	
288.04618169	
288.04616322	
288.04614475	
288.04612630	
288.04610785	
288.04608940	
288.04607097	
288.04605254	
288.04603412	
288.04601570	
288.04599730	
288.04597890	
288.04596051	
288.04594212	
288.04592375	
288.04590538	
288.04588701	
288.04586866	
288.04585031	
288.04583197	
288.04581364	
288.04579531	
288.04577700	
288.04575868	
288.04574038	
288.04572209	
288.04570380	
288.04568551	
288.04566724	
288.04564897	
288.04563071	
288.04561246	
288.04559422	
288.04557598	
288.04555775	
288.04553953	
288.04552131	
288.04550310	
288.04548490	
288.04546671	
288.04544852	
288.04543034	
288.04541217	
288.04539400	
288.04537585	
288.04535770	
288.04533955	
288.04532142	
288.04530329	
288.04528517	
288.04526705	
288.04524895	
288.04523085	
288.04521275	
288.04519467	
288.04517659	
288.04515852	
288.04514046	
288.04512240	
288.04510435	
288.04508631	
288.04506828	
288.04505025	
288.04503223	
288.04501421	
288.04499621	
288.04497821	
288.04496022	
288.04494224	
288.04492426	
288.04490629	
288.04488833	
288.04487037	
288.04485242	
288.04483448	
288.04481655	
288.04479862	
288.04478070	
288.04476279	
288.04474488	
288.04472699	
288.04470910	
288.04469121	
288.04467334	
288.04465547	
288.04463760	
288.04461975	
288.04460190	
288.04458406	
288.04456623	
288.04454840	
288.04453058	
288.04451277	
288.04449496	
288.04447717	
288.04445937	
288.04444159	
288.04442381	
288.04440604	
288.04438828	
288.04437053	
288.04435278	
288.04433504	
288.04431730	
288.04429958	
288.04428186	
288.04426414	
288.04424644	
288.04422874	
288.04421105	
288.04419336	
288.04417569	
288.04415802	
288.04414035	
288.04412270	
288.04410505	
288.04408741	
288.04406977	
288.04405214	
288.04403452	
288.04401691	
288.04399930	
288.04398170	
288.04396411	
288.04394652	
288.04392895	
288.04391137	
288.04389381	
288.04387625	
288.04385870	
288.04384116	
288.04382362	
288.04380609	
288.04378857	
288.04377105	
288.04375355	
288.04373604	
288.04371855	
288.04370106	
288.04368358	
288.04366611	
288.04364864	
288.04363118	
288.04361373	
288.04359628	
288.04357885	
288.04356141	
288.04354399	
288.04352657	
288.04350916	
288.04349176	
288.04347436	
288.04345697	
288.04343959	
288.04342221	
288.04340484	
288.04338748	
288.04337013	
288.04335278	
288.04333544	
288.04331810	
288.04330078	
288.04328346	
288.04326614	
288.04324884	
288.04323154	
288.04321424	
288.04319696	
288.04317968	
288.04316241	
288.04314514	
288.04312788	
288.04311063	
288.04309339	
288.04307615	
288.04305892	
288.04304170	
288.04302448	
288.04300727	
288.04299007	
288.04297287	
288.04295568	
288.04293850	
288.04292133	
288.04290416	
288.04288700	
288.04286984	
288.04285269	
288.04283555	
288.04281842	
288.04280129	
288.04278417	
288.04276706	
288.04274995	
288.04273285	
288.04271576	
288.04269867	
288.04268159	
288.04266452	
288.04264745	
288.04263039	
288.04261334	
288.04259630	
288.04257926	
288.04256222	
288.04254520	
288.04252818	
288.04251117	
288.04249417	
288.04247717	
288.04246018	
288.04244319	
288.04242622	
288.04240925	
288.04239228	
288.04237533	
288.04235838	
288.04234143	
288.04232450	
288.04230757	
288.04229064	
288.04227373	
288.04225682	
288.04223991	
288.04222302	
288.04220613	
288.04218925	
288.04217237	
288.04215550	
288.04213864	
288.04212178	
288.04210494	
288.04208809	
288.04207126	
288.04205443	
288.04203761	
288.04202079	
288.04200398	
288.04198718	
288.04197039	
288.04195360	
288.04193682	
288.04192004	
288.04190328	
288.04188651	
288.04186976	
288.04185301	
288.04183627	
288.04181954	
288.04180281	
288.04178609	
288.04176937	
288.04175266	
288.04173596	
288.04171927	
288.04170258	
288.04168590	
288.04166923	
288.04165256	
288.04163590	
288.04161924	
288.04160260	
288.04158595	
288.04156932	
288.04155269	
288.04153607	
288.04151946	
288.04150285	
288.04148625	
288.04146965	
288.04145307	
288.04143648	
288.04141991	
288.04140334	
288.04138678	
288.04137023	
288.04135368	
288.04133714	
288.04132060	
288.04130407	
288.04128755	
288.04127104	
288.04125453	
288.04123803	
288.04122153	
288.04120504	
288.04118856	
288.04117209	
288.04115562	
288.04113915	
288.04112270	
288.04110625	
288.04108981	
288.04107337	
288.04105694	
288.04104052	
288.04102410	
288.04100769	
288.04099129	
288.04097489	
288.04095850	
288.04094212	
288.04092574	
288.04090937	
288.04089301	
288.04087665	
288.04086030	
288.04084396	
288.04082762	
288.04081129	
288.04079496	
288.04077865	
288.04076233	
288.04074603	
288.04072973	
288.04071344	
288.04069715	
288.04068087	
288.04066460	
288.04064834	
288.04063208	
288.04061582	
288.04059958	
288.04058334	
288.04056711	
288.04055088	
288.04053466	
288.04051844	
288.04050224	
288.04048604	
288.04046984	
288.04045365	
288.04043747	
288.04042130	
288.04040513	
288.04038897	
288.04037281	
288.04035666	
288.04034052	
288.04032438	
288.04030825	
288.04029213	
288.04027601	
288.04025990	
288.04024380	
288.04022770	
288.04021161	
288.04019553	
288.04017945	
288.04016338	
288.04014731	
288.04013125	
288.04011520	
288.04009915	
288.04008311	
288.04006708	
288.04005105	
288.04003503	
288.04001902	
288.04000301	
288.03998701	
288.03997101	
288.03995503	
288.03993904	
288.03992307	
288.03990710	
288.03989114	
288.03987518	
288.03985923	
288.03984329	
288.03982735	
288.03981142	
288.03979549	
288.03977958	
288.03976366	
288.03974776	
288.03973186	
288.03971597	
288.03970008	
288.03968420	
