288.00976234	
288.00975843	
288.00975453	
288.00975063	
288.00974673	
288.00974283	
288.00973893	
288.00973503	
288.00973114	
288.00972725	
288.00972336	
288.00971947	
288.00971558	
288.00971169	
288.00970781	
288.00970393	
288.00970004	
288.00969616	
288.00969229	
288.00968841	
288.00968453	
288.00968066	
288.00967679	
288.00967292	
288.00966905	
288.00966518	
288.00966131	
288.00965745	
288.00965359	
288.00964973	
288.00964587	
288.00964201	
288.00963815	
288.00963430	
288.00963044	
288.00962659	
288.00962274	
288.00961889	
288.00961504	
288.00961120	
288.00960735	
288.00960351	
288.00959967	
288.00959583	
288.00959199	
288.00958815	
288.00958432	
288.00958048	
288.00957665	
288.00957282	
288.00956899	
288.00956516	
288.00956134	
288.00955751	
288.00955369	
288.00954987	
288.00954605	
288.00954223	
288.00953841	
288.00953460	
288.00953078	
288.00952697	
288.00952316	
288.00951935	
288.00951554	
288.00951174	
288.00950793	
288.00950413	
288.00950033	
288.00949653	
288.00949273	
288.00948893	
288.00948514	
288.00948134	
288.00947755	
288.00947376	
288.00946997	
288.00946618	
288.00946240	
288.00945861	
288.00945483	
288.00945104	
288.00944726	
288.00944349	
288.00943971	
288.00943593	
288.00943216	
288.00942839	
288.00942461	
288.00942084	
288.00941708	
288.00941331	
288.00940954	
288.00940578	
288.00940202	
288.00939826	
288.00939450	
288.00939074	
288.00938698	
288.00938323	
288.00937947	
288.00937572	
288.00937197	
288.00936822	
288.00936448	
288.00936073	
288.00935699	
288.00935324	
288.00934950	
288.00934576	
288.00934202	
288.00933829	
288.00933455	
288.00933082	
288.00932709	
288.00932336	
288.00931963	
288.00931590	
288.00931217	
288.00930845	
288.00930472	
288.00930100	
288.00929728	
288.00929356	
288.00928984	
288.00928613	
288.00928241	
288.00927870	
288.00927499	
288.00927128	
288.00926757	
288.00926386	
288.00926016	
288.00925646	
288.00925275	
288.00924905	
288.00924535	
288.00924165	
288.00923796	
288.00923426	
288.00923057	
288.00922688	
288.00922319	
288.00921950	
288.00921581	
288.00921212	
288.00920844	
288.00920475	
288.00920107	
288.00919739	
288.00919371	
288.00919003	
288.00918636	
288.00918268	
288.00917901	
288.00917534	
288.00917167	
288.00916800	
288.00916433	
288.00916067	
288.00915700	
288.00915334	
288.00914968	
288.00914602	
288.00914236	
288.00913870	
288.00913505	
288.00913139	
288.00912774	
288.00912409	
288.00912044	
288.00911679	
288.00911315	
288.00910950	
288.00910586	
288.00910221	
288.00909857	
288.00909493	
288.00909130	
288.00908766	
288.00908403	
288.00908039	
288.00907676	
288.00907313	
288.00906950	
288.00906587	
288.00906225	
288.00905862	
288.00905500	
288.00905137	
288.00904775	
288.00904414	
288.00904052	
288.00903690	
288.00903329	
288.00902967	
288.00902606	
288.00902245	
288.00901884	
288.00901523	
288.00901163	
288.00900802	
288.00900442	
288.00900082	
288.00899722	
288.00899362	
288.00899002	
288.00898643	
288.00898283	
288.00897924	
288.00897565	
288.00897206	
288.00896847	
288.00896488	
288.00896129	
288.00895771	
288.00895413	
288.00895055	
288.00894696	
288.00894339	
288.00893981	
288.00893623	
288.00893266	
288.00892909	
288.00892551	
288.00892194	
288.00891837	
288.00891481	
288.00891124	
288.00890768	
288.00890411	
288.00890055	
288.00889699	
288.00889343	
288.00888988	
288.00888632	
288.00888277	
288.00887921	
288.00887566	
288.00887211	
288.00886856	
288.00886501	
288.00886147	
288.00885792	
288.00885438	
288.00885084	
288.00884730	
288.00884376	
288.00884022	
288.00883669	
288.00883315	
288.00882962	
288.00882609	
288.00882256	
288.00881903	
288.00881550	
288.00881197	
288.00880845	
288.00880492	
288.00880140	
288.00879788	
288.00879436	
288.00879084	
288.00878733	
288.00878381	
288.00878030	
288.00877679	
288.00877328	
288.00876977	
288.00876626	
288.00876275	
288.00875925	
288.00875574	
288.00875224	
288.00874874	
288.00874524	
288.00874174	
288.00873825	
288.00873475	
288.00873126	
288.00872777	
288.00872427	
288.00872078	
288.00871730	
288.00871381	
288.00871032	
288.00870684	
288.00870336	
288.00869988	
288.00869640	
288.00869292	
288.00868944	
288.00868596	
288.00868249	
288.00867902	
288.00867555	
288.00867208	
288.00866861	
288.00866514	
288.00866167	
288.00865821	
288.00865474	
288.00865128	
288.00864782	
288.00864436	
288.00864091	
288.00863745	
288.00863399	
288.00863054	
288.00862709	
288.00862364	
288.00862019	
288.00861674	
288.00861329	
288.00860985	
288.00860640	
288.00860296	
288.00859952	
288.00859608	
288.00859264	
288.00858921	
288.00858577	
288.00858234	
288.00857890	
288.00857547	
288.00857204	
288.00856861	
288.00856518	
288.00856176	
288.00855833	
288.00855491	
288.00855149	
288.00854807	
288.00854465	
288.00854123	
288.00853781	
288.00853440	
288.00853098	
288.00852757	
288.00852416	
288.00852075	
288.00851734	
288.00851394	
288.00851053	
288.00850713	
288.00850372	
288.00850032	
288.00849692	
288.00849352	
288.00849013	
288.00848673	
288.00848334	
288.00847994	
288.00847655	
288.00847316	
288.00846977	
288.00846638	
288.00846300	
288.00845961	
288.00845623	
288.00845284	
288.00844946	
288.00844608	
288.00844270	
288.00843933	
288.00843595	
288.00843258	
288.00842920	
288.00842583	
288.00842246	
288.00841909	
288.00841573	
288.00841236	
288.00840899	
288.00840563	
288.00840227	
288.00839891	
288.00839555	
288.00839219	
288.00838883	
288.00838548	
288.00838212	
288.00837877	
288.00837542	
288.00837207	
288.00836872	
288.00836537	
288.00836203	
288.00835868	
288.00835534	
288.00835200	
288.00834866	
288.00834532	
288.00834198	
288.00833864	
288.00833531	
288.00833197	
288.00832864	
288.00832531	
288.00832198	
288.00831865	
288.00831532	
288.00831199	
288.00830867	
288.00830535	
288.00830202	
288.00829870	
288.00829538	
288.00829207	
288.00828875	
288.00828543	
288.00828212	
288.00827881	
288.00827550	
288.00827218	
288.00826888	
288.00826557	
288.00826226	
288.00825896	
288.00825565	
288.00825235	
288.00824905	
288.00824575	
288.00824245	
288.00823916	
288.00823586	
288.00823257	
288.00822927	
288.00822598	
288.00822269	
288.00821940	
288.00821611	
288.00821283	
288.00820954	
288.00820626	
288.00820298	
288.00819969	
288.00819641	
288.00819314	
288.00818986	
288.00818658	
288.00818331	
288.00818003	
288.00817676	
288.00817349	
288.00817022	
288.00816695	
288.00816369	
288.00816042	
288.00815716	
288.00815390	
288.00815063	
288.00814737	
288.00814411	
288.00814086	
288.00813760	
288.00813435	
288.00813109	
288.00812784	
288.00812459	
288.00812134	
288.00811809	
288.00811484	
288.00811160	
288.00810835	
288.00810511	
288.00810187	
288.00809863	
288.00809539	
288.00809215	
288.00808891	
288.00808568	
288.00808244	
288.00807921	
288.00807598	
288.00807275	
288.00806952	
288.00806629	
288.00806306	
288.00805984	
288.00805661	
288.00805339	
288.00805017	
288.00804695	
288.00804373	
288.00804051	
288.00803730	
288.00803408	
288.00803087	
288.00802766	
288.00802445	
288.00802124	
288.00801803	
288.00801482	
288.00801161	
288.00800841	
288.00800521	
288.00800200	
288.00799880	
288.00799560	
288.00799241	
288.00798921	
288.00798601	
288.00798282	
288.00797963	
288.00797643	
288.00797324	
288.00797005	
288.00796687	
288.00796368	
288.00796049	
288.00795731	
288.00795413	
288.00795094	
288.00794776	
288.00794459	
288.00794141	
288.00793823	
288.00793506	
288.00793188	
288.00792871	
288.00792554	
288.00792237	
288.00791920	
288.00791603	
288.00791286	
288.00790970	
288.00790653	
288.00790337	
288.00790021	
288.00789705	
288.00789389	
288.00789073	
288.00788758	
288.00788442	
288.00788127	
288.00787812	
288.00787497	
288.00787182	
288.00786867	
288.00786552	
288.00786237	
288.00785923	
288.00785608	
288.00785294	
288.00784980	
288.00784666	
288.00784352	
288.00784038	
288.00783725	
288.00783411	
288.00783098	
288.00782785	
288.00782472	
288.00782159	
288.00781846	
288.00781533	
288.00781220	
288.00780908	
288.00780596	
288.00780283	
288.00779971	
288.00779659	
288.00779347	
288.00779036	
288.00778724	
288.00778413	
288.00778101	
288.00777790	
288.00777479	
288.00777168	
288.00776857	
288.00776546	
288.00776236	
288.00775925	
288.00775615	
288.00775305	
288.00774994	
288.00774684	
288.00774375	
288.00774065	
288.00773755	
288.00773446	
288.00773136	
288.00772827	
288.00772518	
288.00772209	
288.00771900	
288.00771591	
288.00771283	
288.00770974	
288.00770666	
288.00770357	
288.00770049	
288.00769741	
288.00769433	
288.00769126	
288.00768818	
288.00768510	
288.00768203	
288.00767896	
288.00767589	
288.00767282	
288.00766975	
288.00766668	
288.00766361	
288.00766055	
288.00765748	
288.00765442	
288.00765136	
288.00764830	
288.00764524	
288.00764218	
288.00763912	
288.00763607	
288.00763301	
288.00762996	
288.00762691	
288.00762386	
288.00762081	
288.00761776	
288.00761471	
288.00761167	
288.00760862	
288.00760558	
288.00760254	
288.00759949	
288.00759645	
288.00759342	
288.00759038	
288.00758734	
288.00758431	
288.00758127	
288.00757824	
288.00757521	
288.00757218	
288.00756915	
288.00756612	
288.00756310	
288.00756007	
288.00755705	
288.00755402	
288.00755100	
288.00754798	
288.00754496	
288.00754195	
288.00753893	
288.00753591	
288.00753290	
288.00752989	
288.00752687	
288.00752386	
288.00752085	
288.00751785	
288.00751484	
288.00751183	
288.00750883	
288.00750582	
288.00750282	
288.00749982	
288.00749682	
288.00749382	
288.00749082	
288.00748783	
288.00748483	
288.00748184	
288.00747885	
288.00747585	
288.00747286	
288.00746987	
288.00746689	
288.00746390	
288.00746091	
288.00745793	
288.00745495	
288.00745197	
288.00744898	
288.00744600	
288.00744303	
288.00744005	
288.00743707	
288.00743410	
288.00743112	
288.00742815	
288.00742518	
288.00742221	
288.00741924	
288.00741627	
288.00741331	
288.00741034	
288.00740738	
288.00740442	
288.00740145	
288.00739849	
288.00739553	
288.00739258	
288.00738962	
288.00738666	
288.00738371	
288.00738075	
288.00737780	
288.00737485	
288.00737190	
288.00736895	
288.00736600	
288.00736306	
288.00736011	
288.00735717	
288.00735423	
288.00735128	
288.00734834	
288.00734540	
288.00734247	
288.00733953	
288.00733659	
288.00733366	
288.00733073	
288.00732779	
288.00732486	
288.00732193	
288.00731900	
288.00731608	
288.00731315	
288.00731022	
288.00730730	
288.00730438	
288.00730146	
288.00729853	
288.00729562	
288.00729270	
288.00728978	
288.00728686	
288.00728395	
288.00728104	
288.00727812	
288.00727521	
288.00727230	
288.00726939	
288.00726649	
288.00726358	
288.00726067	
288.00725777	
288.00725487	
288.00725196	
288.00724906	
288.00724616	
288.00724327	
288.00724037	
288.00723747	
288.00723458	
288.00723168	
288.00722879	
288.00722590	
288.00722301	
288.00722012	
288.00721723	
288.00721434	
288.00721146	
288.00720857	
288.00720569	
288.00720281	
288.00719993	
288.00719705	
288.00719417	
288.00719129	
288.00718841	
288.00718554	
288.00718266	
288.00717979	
288.00717692	
288.00717405	
288.00717118	
288.00716831	
288.00716544	
288.00716258	
288.00715971	
288.00715685	
288.00715399	
288.00715112	
288.00714826	
288.00714540	
288.00714255	
288.00713969	
288.00713683	
288.00713398	
288.00713112	
288.00712827	
288.00712542	
288.00712257	
288.00711972	
288.00711687	
288.00711403	
288.00711118	
288.00710834	
288.00710549	
288.00710265	
288.00709981	
288.00709697	
288.00709413	
288.00709129	
288.00708846	
288.00708562	
288.00708279	
288.00707995	
288.00707712	
288.00707429	
288.00707146	
288.00706863	
288.00706581	
288.00706298	
288.00706015	
288.00705733	
288.00705451	
288.00705169	
288.00704887	
288.00704605	
288.00704323	
288.00704041	
288.00703759	
288.00703478	
288.00703196	
288.00702915	
288.00702634	
288.00702353	
288.00702072	
288.00701791	
288.00701511	
288.00701230	
288.00700949	
288.00700669	
288.00700389	
288.00700109	
288.00699829	
288.00699549	
288.00699269	
288.00698989	
288.00698710	
288.00698430	
288.00698151	
288.00697871	
288.00697592	
288.00697313	
288.00697034	
288.00696755	
288.00696477	
288.00696198	
288.00695920	
288.00695641	
288.00695363	
288.00695085	
288.00694807	
288.00694529	
288.00694251	
288.00693973	
288.00693696	
288.00693418	
288.00693141	
288.00692864	
288.00692587	
288.00692310	
288.00692033	
288.00691756	
288.00691479	
288.00691203	
288.00690926	
288.00690650	
288.00690373	
288.00690097	
288.00689821	
288.00689545	
288.00689270	
288.00688994	
288.00688718	
288.00688443	
288.00688167	
288.00687892	
288.00687617	
288.00687342	
288.00687067	
288.00686792	
288.00686517	
288.00686243	
288.00685968	
288.00685694	
288.00685420	
288.00685145	
288.00684871	
288.00684597	
288.00684324	
288.00684050	
288.00683776	
288.00683503	
288.00683229	
288.00682956	
288.00682683	
288.00682410	
288.00682137	
288.00681864	
288.00681591	
288.00681319	
288.00681046	
288.00680774	
288.00680501	
288.00680229	
288.00679957	
288.00679685	
288.00679413	
288.00679141	
288.00678870	
288.00678598	
288.00678327	
288.00678055	
288.00677784	
288.00677513	
288.00677242	
288.00676971	
288.00676700	
288.00676430	
288.00676159	
288.00675889	
288.00675618	
288.00675348	
288.00675078	
288.00674808	
288.00674538	
288.00674268	
288.00673998	
288.00673729	
288.00673459	
288.00673190	
288.00672921	
288.00672652	
288.00672383	
288.00672114	
288.00671845	
288.00671576	
288.00671307	
288.00671039	
288.00670770	
288.00670502	
288.00670234	
288.00669966	
288.00669698	
288.00669430	
288.00669162	
288.00668895	
288.00668627	
288.00668359	
288.00668092	
288.00667825	
288.00667558	
288.00667291	
288.00667024	
288.00666757	
288.00666490	
288.00666224	
288.00665957	
288.00665691	
288.00665425	
288.00665158	
288.00664892	
288.00664626	
288.00664361	
288.00664095	
288.00663829	
288.00663564	
288.00663298	
288.00663033	
288.00662768	
288.00662503	
288.00662238	
288.00661973	
288.00661708	
288.00661443	
288.00661179	
288.00660914	
288.00660650	
288.00660386	
288.00660121	
288.00659857	
288.00659593	
288.00659330	
288.00659066	
288.00658802	
288.00658539	
288.00658275	
288.00658012	
288.00657749	
288.00657486	
288.00657223	
288.00656960	
288.00656697	
288.00656434	
288.00656172	
288.00655909	
288.00655647	
288.00655385	
288.00655122	
288.00654860	
288.00654598	
288.00654337	
288.00654075	
288.00653813	
288.00653552	
288.00653290	
288.00653029	
288.00652768	
288.00652507	
288.00652246	
288.00651985	
288.00651724	
288.00651463	
288.00651203	
288.00650942	
288.00650682	
288.00650422	
288.00650161	
288.00649901	
288.00649641	
288.00649382	
288.00649122	
288.00648862	
288.00648603	
288.00648343	
288.00648084	
288.00647825	
288.00647565	
288.00647306	
288.00647048	
288.00646789	
288.00646530	
288.00646271	
288.00646013	
288.00645754	
288.00645496	
288.00645238	
288.00644980	
288.00644722	
288.00644464	
288.00644206	
288.00643948	
288.00643691	
288.00643433	
288.00643176	
288.00642919	
288.00642662	
288.00642405	
288.00642148	
288.00641891	
288.00641634	
288.00641377	
288.00641121	
288.00640864	
288.00640608	
288.00640352	
288.00640096	
288.00639840	
288.00639584	
288.00639328	
288.00639072	
288.00638816	
288.00638561	
288.00638305	
288.00638050	
288.00637795	
288.00637540	
288.00637285	
288.00637030	
288.00636775	
288.00636520	
288.00636266	
288.00636011	
288.00635757	
288.00635503	
288.00635248	
288.00634994	
288.00634740	
288.00634486	
288.00634233	
288.00633979	
288.00633725	
288.00633472	
288.00633218	
288.00632965	
288.00632712	
288.00632459	
288.00632206	
288.00631953	
288.00631700	
288.00631448	
288.00631195	
288.00630942	
288.00630690	
288.00630438	
288.00630186	
288.00629934	
288.00629682	
288.00629430	
288.00629178	
288.00628926	
288.00628675	
288.00628423	
288.00628172	
288.00627921	
288.00627669	
288.00627418	
288.00627167	
288.00626917	
288.00626666	
288.00626415	
288.00626165	
288.00625914	
288.00625664	
288.00625413	
288.00625163	
288.00624913	
288.00624663	
288.00624413	
288.00624164	
288.00623914	
288.00623664	
288.00623415	
288.00623166	
288.00622916	
288.00622667	
288.00622418	
288.00622169	
288.00621920	
288.00621671	
288.00621423	
288.00621174	
288.00620926	
288.00620677	
288.00620429	
288.00620181	
288.00619933	
288.00619685	
288.00619437	
288.00619189	
288.00618942	
288.00618694	
288.00618446	
288.00618199	
288.00617952	
288.00617705	
288.00617458	
288.00617211	
288.00616964	
288.00616717	
288.00616470	
288.00616224	
288.00615977	
288.00615731	
288.00615484	
288.00615238	
288.00614992	
288.00614746	
288.00614500	
288.00614254	
288.00614009	
288.00613763	
288.00613518	
288.00613272	
288.00613027	
288.00612782	
288.00612537	
288.00612292	
288.00612047	
288.00611802	
288.00611557	
288.00611313	
288.00611068	
288.00610824	
288.00610579	
288.00610335	
288.00610091	
288.00609847	
288.00609603	
288.00609359	
288.00609115	
288.00608872	
288.00608628	
288.00608385	
288.00608141	
288.00607898	
288.00607655	
288.00607412	
288.00607169	
288.00606926	
288.00606683	
288.00606441	
288.00606198	
288.00605956	
288.00605713	
288.00605471	
288.00605229	
288.00604987	
288.00604745	
288.00604503	
288.00604261	
288.00604019	
288.00603778	
288.00603536	
288.00603295	
288.00603053	
288.00602812	
288.00602571	
288.00602330	
288.00602089	
288.00601848	
288.00601607	
288.00601367	
288.00601126	
288.00600886	
288.00600645	
288.00600405	
288.00600165	
288.00599925	
288.00599685	
288.00599445	
288.00599205	
288.00598966	
288.00598726	
288.00598487	
288.00598247	
288.00598008	
288.00597769	
288.00597530	
288.00597291	
288.00597052	
288.00596813	
288.00596574	
288.00596335	
288.00596097	
288.00595859	
288.00595620	
288.00595382	
288.00595144	
288.00594906	
288.00594668	
288.00594430	
288.00594192	
288.00593954	
288.00593717	
288.00593479	
288.00593242	
288.00593005	
288.00592767	
288.00592530	
288.00592293	
288.00592056	
288.00591820	
288.00591583	
288.00591346	
288.00591110	
288.00590873	
288.00590637	
288.00590401	
288.00590164	
288.00589928	
288.00589692	
288.00589457	
288.00589221	
288.00588985	
288.00588750	
288.00588514	
288.00588279	
288.00588043	
288.00587808	
288.00587573	
288.00587338	
288.00587103	
288.00586868	
288.00586633	
288.00586399	
288.00586164	
288.00585930	
288.00585695	
288.00585461	
288.00585227	
288.00584993	
288.00584759	
288.00584525	
288.00584291	
288.00584057	
288.00583824	
288.00583590	
288.00583357	
288.00583123	
288.00582890	
288.00582657	
288.00582424	
288.00582191	
288.00581958	
288.00581725	
288.00581493	
288.00581260	
288.00581028	
288.00580795	
288.00580563	
288.00580331	
288.00580098	
288.00579866	
288.00579634	
288.00579403	
288.00579171	
288.00578939	
288.00578708	
288.00578476	
288.00578245	
288.00578013	
288.00577782	
288.00577551	
288.00577320	
288.00577089	
288.00576858	
288.00576628	
288.00576397	
288.00576166	
288.00575936	
288.00575706	
288.00575475	
288.00575245	
288.00575015	
288.00574785	
288.00574555	
288.00574325	
288.00574096	
288.00573866	
288.00573636	
288.00573407	
288.00573178	
288.00572948	
288.00572719	
288.00572490	
288.00572261	
288.00572032	
288.00571803	
288.00571575	
288.00571346	
288.00571117	
288.00570889	
288.00570661	
288.00570432	
288.00570204	
288.00569976	
288.00569748	
288.00569520	
288.00569292	
288.00569065	
288.00568837	
288.00568609	
288.00568382	
288.00568155	
288.00567927	
288.00567700	
288.00567473	
288.00567246	
288.00567019	
288.00566792	
288.00566566	
288.00566339	
288.00566113	
288.00565886	
288.00565660	
288.00565434	
288.00565207	
288.00564981	
288.00564755	
288.00564529	
288.00564304	
288.00564078	
288.00563852	
288.00563627	
288.00563401	
288.00563176	
288.00562951	
288.00562725	
288.00562500	
288.00562275	
288.00562050	
288.00561826	
288.00561601	
288.00561376	
288.00561152	
288.00560927	
288.00560703	
288.00560479	
288.00560254	
288.00560030	
288.00559806	
288.00559582	
288.00559358	
288.00559135	
288.00558911	
288.00558688	
288.00558464	
288.00558241	
288.00558017	
288.00557794	
288.00557571	
288.00557348	
288.00557125	
288.00556902	
288.00556679	
288.00556457	
288.00556234	
288.00556012	
288.00555789	
288.00555567	
288.00555345	
288.00555123	
288.00554901	
288.00554679	
288.00554457	
288.00554235	
288.00554013	
288.00553792	
288.00553570	
288.00553349	
288.00553127	
288.00552906	
288.00552685	
288.00552464	
288.00552243	
288.00552022	
288.00551801	
288.00551580	
288.00551360	
288.00551139	
288.00550919	
288.00550698	
288.00550478	
288.00550258	
288.00550038	
288.00549818	
288.00549598	
288.00549378	
288.00549158	
288.00548939	
288.00548719	
288.00548500	
288.00548280	
288.00548061	
288.00547842	
288.00547623	
288.00547404	
288.00547185	
288.00546966	
288.00546747	
288.00546528	
288.00546310	
288.00546091	
288.00545873	
288.00545654	
288.00545436	
288.00545218	
288.00545000	
288.00544782	
288.00544564	
288.00544346	
288.00544128	
288.00543911	
288.00543693	
288.00543476	
288.00543258	
288.00543041	
288.00542824	
288.00542607	
288.00542390	
288.00542173	
288.00541956	
288.00541739	
288.00541522	
288.00541306	
288.00541089	
288.00540873	
288.00540656	
288.00540440	
288.00540224	
288.00540008	
288.00539792	
288.00539576	
288.00539360	
288.00539144	
288.00538929	
288.00538713	
288.00538498	
288.00538282	
288.00538067	
288.00537852	
288.00537636	
288.00537421	
288.00537206	
288.00536992	
288.00536777	
288.00536562	
288.00536347	
288.00536133	
288.00535918	
288.00535704	
288.00535490	
288.00535276	
288.00535062	
288.00534847	
288.00534634	
288.00534420	
288.00534206	
288.00533992	
288.00533779	
288.00533565	
288.00533352	
288.00533138	
288.00532925	
288.00532712	
288.00532499	
288.00532286	
288.00532073	
288.00531860	
288.00531647	
288.00531435	
288.00531222	
288.00531010	
288.00530797	
288.00530585	
288.00530373	
288.00530161	
288.00529948	
288.00529736	
288.00529525	
288.00529313	
288.00529101	
288.00528889	
288.00528678	
288.00528466	
288.00528255	
288.00528044	
288.00527832	
288.00527621	
288.00527410	
288.00527199	
288.00526988	
288.00526778	
288.00526567	
288.00526356	
288.00526146	
288.00525935	
288.00525725	
288.00525515	
288.00525304	
288.00525094	
288.00524884	
288.00524674	
288.00524464	
288.00524255	
288.00524045	
288.00523835	
288.00523626	
288.00523416	
288.00523207	
288.00522998	
288.00522789	
288.00522579	
288.00522370	
288.00522161	
288.00521953	
288.00521744	
288.00521535	
288.00521326	
288.00521118	
288.00520910	
288.00520701	
288.00520493	
288.00520285	
288.00520077	
288.00519869	
288.00519661	
288.00519453	
288.00519245	
288.00519037	
288.00518830	
288.00518622	
288.00518415	
288.00518207	
288.00518000	
288.00517793	
288.00517586	
288.00517379	
288.00517172	
288.00516965	
288.00516758	
288.00516551	
288.00516345	
288.00516138	
288.00515932	
288.00515725	
288.00515519	
288.00515313	
288.00515107	
288.00514901	
288.00514695	
288.00514489	
288.00514283	
288.00514077	
288.00513872	
288.00513666	
288.00513461	
288.00513255	
288.00513050	
288.00512845	
288.00512640	
288.00512435	
288.00512230	
288.00512025	
288.00511820	
288.00511615	
288.00511411	
288.00511206	
288.00511001	
288.00510797	
288.00510593	
288.00510389	
288.00510184	
288.00509980	
288.00509776	
288.00509572	
288.00509369	
288.00509165	
288.00508961	
288.00508758	
288.00508554	
288.00508351	
288.00508147	
288.00507944	
288.00507741	
288.00507538	
288.00507335	
288.00507132	
288.00506929	
288.00506726	
288.00506524	
288.00506321	
288.00506118	
288.00505916	
288.00505714	
288.00505511	
288.00505309	
288.00505107	
288.00504905	
288.00504703	
288.00504501	
288.00504299	
288.00504098	
288.00503896	
288.00503694	
288.00503493	
288.00503291	
288.00503090	
288.00502889	
288.00502688	
288.00502487	
288.00502286	
288.00502085	
288.00501884	
288.00501683	
288.00501483	
288.00501282	
288.00501081	
288.00500881	
288.00500681	
288.00500480	
288.00500280	
288.00500080	
288.00499880	
288.00499680	
288.00499480	
288.00499280	
288.00499081	
288.00498881	
288.00498682	
288.00498482	
288.00498283	
288.00498083	
288.00497884	
288.00497685	
288.00497486	
288.00497287	
288.00497088	
288.00496889	
288.00496690	
288.00496492	
288.00496293	
288.00496095	
288.00495896	
288.00495698	
288.00495499	
288.00495301	
288.00495103	
288.00494905	
288.00494707	
288.00494509	
288.00494311	
288.00494114	
288.00493916	
288.00493719	
288.00493521	
288.00493324	
288.00493126	
288.00492929	
288.00492732	
288.00492535	
288.00492338	
288.00492141	
288.00491944	
288.00491747	
288.00491551	
288.00491354	
288.00491157	
288.00490961	
288.00490765	
288.00490568	
288.00490372	
288.00490176	
288.00489980	
288.00489784	
288.00489588	
288.00489392	
288.00489196	
288.00489001	
288.00488805	
288.00488609	
288.00488414	
288.00488219	
288.00488023	
288.00487828	
288.00487633	
288.00487438	
288.00487243	
288.00487048	
288.00486853	
288.00486659	
288.00486464	
288.00486269	
288.00486075	
288.00485880	
288.00485686	
288.00485492	
288.00485298	
288.00485103	
288.00484909	
288.00484715	
288.00484522	
288.00484328	
288.00484134	
288.00483940	
288.00483747	
288.00483553	
288.00483360	
288.00483166	
288.00482973	
288.00482780	
288.00482587	
288.00482394	
288.00482201	
288.00482008	
288.00481815	
288.00481623	
288.00481430	
288.00481237	
288.00481045	
288.00480852	
288.00480660	
288.00480468	
288.00480276	
288.00480083	
288.00479891	
288.00479699	
288.00479508	
288.00479316	
288.00479124	
288.00478932	
288.00478741	
288.00478549	
288.00478358	
288.00478167	
288.00477975	
288.00477784	
288.00477593	
288.00477402	
288.00477211	
288.00477020	
288.00476829	
288.00476639	
288.00476448	
288.00476257	
288.00476067	
288.00475876	
288.00475686	
288.00475496	
288.00475306	
288.00475116	
288.00474925	
288.00474735	
288.00474546	
288.00474356	
288.00474166	
288.00473976	
288.00473787	
288.00473597	
288.00473408	
288.00473218	
288.00473029	
288.00472840	
288.00472651	
288.00472462	
288.00472273	
288.00472084	
288.00471895	
288.00471706	
288.00471518	
288.00471329	
288.00471140	
288.00470952	
288.00470764	
288.00470575	
288.00470387	
288.00470199	
288.00470011	
288.00469823	
288.00469635	
288.00469447	
288.00469259	
288.00469072	
288.00468884	
288.00468696	
288.00468509	
288.00468322	
288.00468134	
288.00467947	
288.00467760	
288.00467573	
288.00467386	
288.00467199	
288.00467012	
288.00466825	
288.00466638	
288.00466452	
288.00466265	
288.00466079	
288.00465892	
288.00465706	
288.00465519	
288.00465333	
288.00465147	
288.00464961	
288.00464775	
288.00464589	
288.00464403	
288.00464218	
288.00464032	
288.00463846	
288.00463661	
288.00463475	
288.00463290	
288.00463105	
288.00462919	
288.00462734	
288.00462549	
288.00462364	
288.00462179	
288.00461994	
288.00461809	
288.00461625	
288.00461440	
288.00461255	
288.00461071	
288.00460887	
288.00460702	
288.00460518	
288.00460334	
288.00460150	
288.00459965	
288.00459781	
288.00459598	
288.00459414	
288.00459230	
288.00459046	
288.00458863	
288.00458679	
288.00458496	
288.00458312	
288.00458129	
288.00457946	
288.00457763	
288.00457579	
288.00457396	
288.00457213	
288.00457031	
288.00456848	
288.00456665	
288.00456482	
288.00456300	
288.00456117	
288.00455935	
288.00455752	
288.00455570	
288.00455388	
288.00455206	
288.00455024	
288.00454842	
288.00454660	
288.00454478	
288.00454296	
288.00454114	
288.00453933	
288.00453751	
288.00453570	
288.00453388	
288.00453207	
288.00453025	
288.00452844	
288.00452663	
288.00452482	
288.00452301	
288.00452120	
288.00451939	
288.00451759	
288.00451578	
288.00451397	
288.00451217	
288.00451036	
288.00450856	
288.00450675	
288.00450495	
288.00450315	
288.00450135	
288.00449955	
288.00449775	
288.00449595	
288.00449415	
288.00449235	
288.00449056	
288.00448876	
288.00448696	
288.00448517	
288.00448338	
288.00448158	
288.00447979	
288.00447800	
288.00447621	
288.00447442	
288.00447263	
288.00447084	
288.00446905	
288.00446726	
288.00446547	
288.00446369	
288.00446190	
288.00446012	
288.00445833	
288.00445655	
288.00445477	
288.00445299	
288.00445120	
288.00444942	
288.00444764	
288.00444587	
288.00444409	
288.00444231	
288.00444053	
288.00443876	
288.00443698	
288.00443521	
288.00443343	
288.00443166	
288.00442989	
288.00442811	
288.00442634	
288.00442457	
288.00442280	
288.00442103	
288.00441926	
288.00441750	
288.00441573	
288.00441396	
288.00441220	
288.00441043	
288.00440867	
288.00440691	
288.00440514	
288.00440338	
288.00440162	
288.00439986	
288.00439810	
288.00439634	
288.00439458	
288.00439282	
288.00439107	
288.00438931	
288.00438755	
288.00438580	
288.00438404	
288.00438229	
288.00438054	
288.00437879	
288.00437703	
288.00437528	
288.00437353	
288.00437178	
288.00437004	
288.00436829	
288.00436654	
288.00436479	
288.00436305	
288.00436130	
288.00435956	
288.00435781	
288.00435607	
288.00435433	
288.00435259	
288.00435085	
288.00434910	
288.00434737	
288.00434563	
288.00434389	
288.00434215	
288.00434041	
288.00433868	
288.00433694	
288.00433521	
288.00433347	
288.00433174	
288.00433001	
288.00432828	
288.00432654	
288.00432481	
288.00432308	
288.00432135	
288.00431963	
288.00431790	
288.00431617	
288.00431444	
288.00431272	
288.00431099	
288.00430927	
288.00430755	
288.00430582	
288.00430410	
288.00430238	
288.00430066	
288.00429894	
288.00429722	
288.00429550	
288.00429378	
288.00429206	
288.00429035	
288.00428863	
288.00428691	
288.00428520	
288.00428349	
288.00428177	
288.00428006	
288.00427835	
288.00427664	
288.00427493	
288.00427322	
288.00427151	
288.00426980	
288.00426809	
288.00426638	
288.00426468	
288.00426297	
288.00426126	
288.00425956	
288.00425786	
288.00425615	
288.00425445	
288.00425275	
288.00425105	
288.00424935	
288.00424765	
288.00424595	
288.00424425	
288.00424255	
288.00424086	
288.00423916	
288.00423746	
288.00423577	
288.00423407	
288.00423238	
288.00423069	
288.00422900	
288.00422730	
288.00422561	
288.00422392	
288.00422223	
288.00422054	
288.00421886	
288.00421717	
288.00421548	
288.00421380	
288.00421211	
288.00421042	
288.00420874	
288.00420706	
288.00420537	
288.00420369	
288.00420201	
288.00420033	
288.00419865	
288.00419697	
288.00419529	
288.00419361	
288.00419194	
288.00419026	
288.00418858	
288.00418691	
288.00418523	
288.00418356	
288.00418189	
288.00418021	
288.00417854	
288.00417687	
288.00417520	
288.00417353	
288.00417186	
288.00417019	
288.00416852	
288.00416685	
288.00416519	
288.00416352	
288.00416186	
288.00416019	
288.00415853	
288.00415686	
288.00415520	
288.00415354	
288.00415188	
288.00415022	
288.00414856	
288.00414690	
288.00414524	
288.00414358	
288.00414192	
288.00414027	
288.00413861	
288.00413696	
288.00413530	
288.00413365	
288.00413199	
288.00413034	
288.00412869	
288.00412704	
288.00412539	
288.00412374	
288.00412209	
288.00412044	
288.00411879	
288.00411714	
288.00411549	
288.00411385	
288.00411220	
288.00411056	
288.00410891	
288.00410727	
288.00410563	
288.00410399	
288.00410234	
288.00410070	
288.00409906	
288.00409742	
288.00409578	
288.00409415	
288.00409251	
288.00409087	
288.00408923	
288.00408760	
288.00408596	
288.00408433	
288.00408270	
288.00408106	
288.00407943	
288.00407780	
288.00407617	
288.00407454	
288.00407291	
288.00407128	
288.00406965	
288.00406802	
288.00406639	
288.00406477	
288.00406314	
288.00406152	
288.00405989	
288.00405827	
288.00405664	
288.00405502	
288.00405340	
288.00405178	
288.00405016	
288.00404854	
288.00404692	
288.00404530	
288.00404368	
288.00404206	
288.00404045	
288.00403883	
288.00403722	
288.00403560	
288.00403399	
288.00403237	
288.00403076	
288.00402915	
288.00402754	
288.00402592	
288.00402431	
288.00402270	
288.00402110	
288.00401949	
288.00401788	
288.00401627	
288.00401467	
288.00401306	
288.00401145	
288.00400985	
288.00400825	
288.00400664	
288.00400504	
288.00400344	
288.00400184	
288.00400024	
288.00399864	
288.00399704	
288.00399544	
288.00399384	
288.00399224	
288.00399064	
288.00398905	
288.00398745	
288.00398586	
288.00398426	
288.00398267	
288.00398108	
288.00397948	
288.00397789	
288.00397630	
288.00397471	
288.00397312	
288.00397153	
288.00396994	
288.00396836	
288.00396677	
288.00396518	
288.00396360	
288.00396201	
288.00396042	
288.00395884	
288.00395726	
288.00395567	
288.00395409	
288.00395251	
288.00395093	
288.00394935	
288.00394777	
288.00394619	
288.00394461	
288.00394303	
288.00394146	
288.00393988	
288.00393830	
288.00393673	
288.00393515	
288.00393358	
288.00393201	
288.00393043	
288.00392886	
288.00392729	
288.00392572	
288.00392415	
288.00392258	
288.00392101	
288.00391944	
288.00391787	
288.00391631	
288.00391474	
288.00391317	
288.00391161	
288.00391004	
288.00390848	
288.00390692	
288.00390535	
288.00390379	
288.00390223	
288.00390067	
288.00389911	
288.00389755	
288.00389599	
288.00389443	
288.00389287	
288.00389132	
288.00388976	
288.00388821	
288.00388665	
288.00388510	
288.00388354	
288.00388199	
288.00388043	
288.00387888	
288.00387733	
288.00387578	
288.00387423	
288.00387268	
288.00387113	
288.00386958	
288.00386803	
288.00386649	
288.00386494	
288.00386340	
288.00386185	
288.00386031	
288.00385876	
288.00385722	
288.00385567	
288.00385413	
288.00385259	
288.00385105	
288.00384951	
288.00384797	
288.00384643	
288.00384489	
288.00384335	
288.00384182	
288.00384028	
288.00383874	
288.00383721	
288.00383567	
288.00383414	
288.00383261	
288.00383107	
288.00382954	
288.00382801	
288.00382648	
288.00382495	
288.00382342	
288.00382189	
288.00382036	
288.00381883	
288.00381730	
288.00381578	
288.00381425	
288.00381272	
288.00381120	
288.00380967	
288.00380815	
288.00380663	
288.00380510	
288.00380358	
288.00380206	
288.00380054	
288.00379902	
288.00379750	
288.00379598	
288.00379446	
288.00379294	
288.00379143	
288.00378991	
288.00378840	
288.00378688	
288.00378536	
288.00378385	
288.00378234	
288.00378082	
288.00377931	
288.00377780	
288.00377629	
288.00377478	
288.00377327	
288.00377176	
288.00377025	
288.00376874	
288.00376724	
288.00376573	
288.00376422	
288.00376272	
288.00376121	
288.00375971	
288.00375820	
288.00375670	
288.00375520	
288.00375369	
288.00375219	
288.00375069	
288.00374919	
288.00374769	
288.00374619	
288.00374469	
288.00374320	
288.00374170	
288.00374020	
288.00373871	
288.00373721	
288.00373572	
288.00373422	
288.00373273	
288.00373124	
288.00372974	
288.00372825	
288.00372676	
288.00372527	
288.00372378	
288.00372229	
288.00372080	
288.00371931	
288.00371782	
288.00371634	
288.00371485	
288.00371336	
288.00371188	
288.00371039	
288.00370891	
288.00370743	
288.00370594	
288.00370446	
288.00370298	
288.00370150	
288.00370002	
288.00369854	
288.00369706	
288.00369558	
288.00369410	
288.00369262	
288.00369115	
288.00368967	
288.00368819	
288.00368672	
288.00368524	
288.00368377	
288.00368230	
288.00368082	
288.00367935	
288.00367788	
288.00367641	
288.00367494	
288.00367347	
288.00367200	
288.00367053	
288.00366906	
288.00366759	
288.00366613	
288.00366466	
288.00366320	
288.00366173	
288.00366027	
288.00365880	
288.00365734	
288.00365587	
288.00365441	
288.00365295	
288.00365149	
288.00365003	
288.00364857	
288.00364711	
288.00364565	
288.00364419	
288.00364273	
288.00364128	
288.00363982	
288.00363836	
288.00363691	
288.00363545	
288.00363400	
288.00363255	
288.00363109	
288.00362964	
288.00362819	
288.00362674	
288.00362529	
288.00362384	
288.00362239	
288.00362094	
288.00361949	
288.00361804	
288.00361660	
288.00361515	
288.00361370	
288.00361226	
288.00361081	
288.00360937	
288.00360792	
288.00360648	
288.00360504	
288.00360360	
288.00360216	
288.00360071	
288.00359927	
288.00359783	
288.00359640	
288.00359496	
288.00359352	
288.00359208	
288.00359064	
288.00358921	
288.00358777	
288.00358634	
288.00358490	
288.00358347	
288.00358204	
288.00358060	
288.00357917	
288.00357774	
288.00357631	
288.00357488	
288.00357345	
288.00357202	
288.00357059	
288.00356916	
288.00356773	
288.00356631	
288.00356488	
288.00356345	
288.00356203	
288.00356060	
288.00355918	
288.00355776	
288.00355633	
288.00355491	
288.00355349	
288.00355207	
288.00355065	
288.00354923	
288.00354781	
288.00354639	
288.00354497	
288.00354355	
288.00354213	
288.00354072	
288.00353930	
288.00353788	
288.00353647	
288.00353505	
288.00353364	
288.00353223	
288.00353081	
288.00352940	
288.00352799	
288.00352658	
288.00352517	
288.00352376	
288.00352235	
288.00352094	
288.00351953	
288.00351812	
288.00351672	
288.00351531	
288.00351390	
288.00351250	
288.00351109	
288.00350969	
288.00350828	
288.00350688	
288.00350548	
288.00350408	
288.00350267	
288.00350127	
288.00349987	
288.00349847	
288.00349707	
288.00349567	
288.00349428	
288.00349288	
288.00349148	
288.00349008	
288.00348869	
288.00348729	
288.00348590	
288.00348450	
288.00348311	
288.00348172	
288.00348032	
288.00347893	
288.00347754	
288.00347615	
288.00347476	
288.00347337	
288.00347198	
288.00347059	
288.00346920	
288.00346782	
288.00346643	
288.00346504	
288.00346366	
288.00346227	
288.00346089	
288.00345950	
288.00345812	
288.00345673	
288.00345535	
288.00345397	
288.00345259	
288.00345121	
288.00344983	
288.00344845	
288.00344707	
288.00344569	
288.00344431	
288.00344293	
288.00344155	
288.00344018	
288.00343880	
288.00343743	
288.00343605	
288.00343468	
288.00343330	
288.00343193	
288.00343056	
288.00342918	
288.00342781	
288.00342644	
288.00342507	
288.00342370	
288.00342233	
288.00342096	
288.00341959	
288.00341823	
288.00341686	
288.00341549	
288.00341413	
288.00341276	
288.00341140	
288.00341003	
288.00340867	
288.00340730	
288.00340594	
288.00340458	
288.00340322	
288.00340186	
288.00340049	
288.00339913	
288.00339777	
288.00339642	
288.00339506	
288.00339370	
288.00339234	
288.00339098	
288.00338963	
288.00338827	
288.00338692	
288.00338556	
288.00338421	
288.00338285	
288.00338150	
288.00338015	
288.00337880	
288.00337744	
288.00337609	
288.00337474	
288.00337339	
288.00337204	
288.00337070	
288.00336935	
288.00336800	
288.00336665	
288.00336531	
288.00336396	
288.00336261	
288.00336127	
288.00335992	
288.00335858	
288.00335724	
288.00335589	
288.00335455	
288.00335321	
288.00335187	
288.00335053	
288.00334919	
288.00334785	
288.00334651	
288.00334517	
288.00334383	
288.00334249	
288.00334116	
288.00333982	
288.00333849	
288.00333715	
288.00333581	
288.00333448	
288.00333315	
288.00333181	
288.00333048	
288.00332915	
288.00332782	
288.00332649	
288.00332516	
288.00332383	
288.00332250	
288.00332117	
288.00331984	
288.00331851	
288.00331718	
288.00331586	
288.00331453	
288.00331320	
288.00331188	
288.00331055	
288.00330923	
288.00330791	
288.00330658	
288.00330526	
288.00330394	
288.00330262	
288.00330130	
288.00329997	
288.00329865	
288.00329734	
288.00329602	
288.00329470	
288.00329338	
288.00329206	
288.00329075	
288.00328943	
288.00328811	
288.00328680	
288.00328548	
288.00328417	
288.00328286	
288.00328154	
288.00328023	
288.00327892	
288.00327761	
288.00327630	
288.00327499	
288.00327368	
288.00327237	
288.00327106	
288.00326975	
288.00326844	
288.00326713	
288.00326583	
288.00326452	
288.00326321	
288.00326191	
