288.71876198	
288.71848267	
288.71820348	
288.71792439	
288.71764543	
288.71736657	
288.71708782	
288.71680919	
288.71653067	
288.71625226	
288.71597396	
288.71569578	
288.71541770	
288.71513974	
288.71486189	
288.71458415	
288.71430653	
288.71402901	
288.71375161	
288.71347431	
288.71319713	
288.71292006	
288.71264311	
288.71236626	
288.71208952	
288.71181290	
288.71153639	
288.71125998	
288.71098369	
288.71070751	
288.71043145	
288.71015549	
288.70987964	
288.70960390	
288.70932828	
288.70905276	
288.70877736	
288.70850207	
288.70822689	
288.70795181	
288.70767685	
288.70740200	
288.70712726	
288.70685263	
288.70657811	
288.70630370	
288.70602940	
288.70575522	
288.70548114	
288.70520717	
288.70493331	
288.70465956	
288.70438593	
288.70411240	
288.70383898	
288.70356567	
288.70329247	
288.70301938	
288.70274641	
288.70247354	
288.70220078	
288.70192813	
288.70165559	
288.70138316	
288.70111083	
288.70083862	
288.70056652	
288.70029453	
288.70002264	
288.69975087	
288.69947920	
288.69920765	
288.69893620	
288.69866486	
288.69839364	
288.69812252	
288.69785151	
288.69758060	
288.69730981	
288.69703913	
288.69676855	
288.69649808	
288.69622773	
288.69595748	
288.69568734	
288.69541731	
288.69514738	
288.69487757	
288.69460786	
288.69433826	
288.69406877	
288.69379939	
288.69353012	
288.69326095	
288.69299190	
288.69272295	
288.69245411	
288.69218537	
288.69191675	
288.69164823	
288.69137983	
288.69111152	
288.69084333	
288.69057525	
288.69030727	
288.69003940	
288.68977164	
288.68950398	
288.68923644	
288.68896900	
288.68870167	
288.68843444	
288.68816732	
288.68790031	
288.68763341	
288.68736662	
288.68709993	
288.68683335	
288.68656688	
288.68630051	
288.68603425	
288.68576810	
288.68550205	
288.68523611	
288.68497028	
288.68470456	
288.68443894	
288.68417343	
288.68390803	
288.68364273	
288.68337754	
288.68311245	
288.68284747	
288.68258260	
288.68231784	
288.68205318	
288.68178863	
288.68152418	
288.68125984	
288.68099561	
288.68073148	
288.68046746	
288.68020355	
288.67993974	
288.67967603	
288.67941244	
288.67914895	
288.67888556	
288.67862228	
288.67835911	
288.67809604	
288.67783308	
288.67757022	
288.67730747	
288.67704483	
288.67678229	
288.67651986	
288.67625753	
288.67599530	
288.67573319	
288.67547118	
288.67520927	
288.67494747	
288.67468577	
288.67442418	
288.67416269	
288.67390131	
288.67364004	
288.67337887	
288.67311780	
288.67285684	
288.67259598	
288.67233523	
288.67207459	
288.67181404	
288.67155361	
288.67129327	
288.67103305	
288.67077292	
288.67051291	
288.67025299	
288.66999318	
288.66973348	
288.66947388	
288.66921438	
288.66895499	
288.66869570	
288.66843652	
288.66817744	
288.66791846	
288.66765959	
288.66740082	
288.66714216	
288.66688360	
288.66662515	
288.66636679	
288.66610855	
288.66585040	
288.66559236	
288.66533443	
288.66507659	
288.66481887	
288.66456124	
288.66430372	
288.66404630	
288.66378898	
288.66353177	
288.66327466	
288.66301766	
288.66276076	
288.66250396	
288.66224727	
288.66199067	
288.66173418	
288.66147780	
288.66122152	
288.66096534	
288.66070926	
288.66045329	
288.66019742	
288.65994165	
288.65968598	
288.65943042	
288.65917496	
288.65891960	
288.65866435	
288.65840920	
288.65815415	
288.65789920	
288.65764436	
288.65738961	
288.65713497	
288.65688044	
288.65662600	
288.65637167	
288.65611744	
288.65586331	
288.65560929	
288.65535536	
288.65510154	
288.65484782	
288.65459420	
288.65434069	
288.65408727	
288.65383396	
288.65358075	
288.65332764	
288.65307463	
288.65282173	
288.65256892	
288.65231622	
288.65206362	
288.65181112	
288.65155873	
288.65130643	
288.65105423	
288.65080214	
288.65055015	
288.65029826	
288.65004647	
288.64979478	
288.64954319	
288.64929171	
288.64904032	
288.64878904	
288.64853786	
288.64828678	
288.64803579	
288.64778491	
288.64753414	
288.64728346	
288.64703288	
288.64678240	
288.64653203	
288.64628175	
288.64603157	
288.64578150	
288.64553153	
288.64528165	
288.64503188	
288.64478221	
288.64453263	
288.64428316	
288.64403379	
288.64378452	
288.64353535	
288.64328628	
288.64303730	
288.64278843	
288.64253966	
288.64229099	
288.64204242	
288.64179395	
288.64154558	
288.64129731	
288.64104913	
288.64080106	
288.64055309	
288.64030522	
288.64005744	
288.63980977	
288.63956220	
288.63931472	
288.63906735	
288.63882007	
288.63857290	
288.63832582	
288.63807884	
288.63783196	
288.63758518	
288.63733850	
288.63709192	
288.63684544	
288.63659906	
288.63635278	
288.63610659	
288.63586051	
288.63561452	
288.63536863	
288.63512284	
288.63487715	
288.63463156	
288.63438607	
288.63414067	
288.63389538	
288.63365018	
288.63340508	
288.63316008	
288.63291518	
288.63267038	
288.63242568	
288.63218107	
288.63193656	
288.63169215	
288.63144784	
288.63120363	
288.63095951	
288.63071550	
288.63047158	
288.63022776	
288.62998403	
288.62974041	
288.62949688	
288.62925345	
288.62901012	
288.62876689	
288.62852375	
288.62828071	
288.62803777	
288.62779493	
288.62755219	
288.62730954	
288.62706699	
288.62682454	
288.62658218	
288.62633993	
288.62609776	
288.62585570	
288.62561374	
288.62537187	
288.62513010	
288.62488842	
288.62464685	
288.62440537	
288.62416398	
288.62392270	
288.62368151	
288.62344042	
288.62319942	
288.62295853	
288.62271772	
288.62247702	
288.62223641	
288.62199590	
288.62175549	
288.62151517	
288.62127495	
288.62103482	
288.62079480	
288.62055486	
288.62031503	
288.62007529	
288.61983565	
288.61959610	
288.61935665	
288.61911730	
288.61887804	
288.61863888	
288.61839982	
288.61816085	
288.61792197	
288.61768320	
288.61744452	
288.61720593	
288.61696744	
288.61672905	
288.61649075	
288.61625255	
288.61601444	
288.61577643	
288.61553852	
288.61530070	
288.61506298	
288.61482535	
288.61458782	
288.61435038	
288.61411304	
288.61387579	
288.61363864	
288.61340159	
288.61316463	
288.61292776	
288.61269099	
288.61245432	
288.61221774	
288.61198125	
288.61174486	
288.61150857	
288.61127237	
288.61103627	
288.61080026	
288.61056434	
288.61032852	
288.61009280	
288.60985717	
288.60962163	
288.60938619	
288.60915085	
288.60891559	
288.60868044	
288.60844537	
288.60821041	
288.60797553	
288.60774075	
288.60750607	
288.60727148	
288.60703698	
288.60680258	
288.60656827	
288.60633406	
288.60609994	
288.60586591	
288.60563198	
288.60539814	
288.60516440	
288.60493075	
288.60469720	
288.60446373	
288.60423037	
288.60399709	
288.60376391	
288.60353083	
288.60329783	
288.60306493	
288.60283213	
288.60259942	
288.60236680	
288.60213427	
288.60190184	
288.60166950	
288.60143726	
288.60120511	
288.60097305	
288.60074108	
288.60050921	
288.60027743	
288.60004575	
288.59981416	
288.59958266	
288.59935125	
288.59911994	
288.59888872	
288.59865759	
288.59842656	
288.59819561	
288.59796477	
288.59773401	
288.59750335	
288.59727278	
288.59704230	
288.59681191	
288.59658162	
288.59635142	
288.59612131	
288.59589130	
288.59566138	
288.59543155	
288.59520181	
288.59497216	
288.59474261	
288.59451315	
288.59428378	
288.59405451	
288.59382532	
288.59359623	
288.59336723	
288.59313832	
288.59290951	
288.59268078	
288.59245215	
288.59222361	
288.59199516	
288.59176680	
288.59153854	
288.59131037	
288.59108229	
288.59085430	
288.59062640	
288.59039859	
288.59017088	
288.58994325	
288.58971572	
288.58948828	
288.58926093	
288.58903368	
288.58880651	
288.58857943	
288.58835245	
288.58812556	
288.58789876	
288.58767205	
288.58744543	
288.58721890	
288.58699246	
288.58676612	
288.58653986	
288.58631370	
288.58608763	
288.58586164	
288.58563575	
288.58540995	
288.58518424	
288.58495862	
288.58473309	
288.58450766	
288.58428231	
288.58405705	
288.58383189	
288.58360681	
288.58338183	
288.58315693	
288.58293213	
288.58270741	
288.58248279	
288.58225826	
288.58203381	
288.58180946	
288.58158520	
288.58136102	
288.58113694	
288.58091295	
288.58068905	
288.58046523	
288.58024151	
288.58001788	
288.57979434	
288.57957088	
288.57934752	
288.57912425	
288.57890106	
288.57867797	
288.57845497	
288.57823205	
288.57800923	
288.57778649	
288.57756385	
288.57734129	
288.57711882	
288.57689645	
288.57667416	
288.57645196	
288.57622985	
288.57600783	
288.57578590	
288.57556406	
288.57534230	
288.57512064	
288.57489907	
288.57467758	
288.57445618	
288.57423488	
288.57401366	
288.57379253	
288.57357149	
288.57335054	
288.57312967	
288.57290890	
288.57268821	
288.57246762	
288.57224711	
288.57202669	
288.57180636	
288.57158612	
288.57136596	
288.57114590	
288.57092592	
288.57070603	
288.57048623	
288.57026652	
288.57004690	
288.56982736	
288.56960791	
288.56938856	
288.56916929	
288.56895010	
288.56873101	
288.56851200	
288.56829308	
288.56807425	
288.56785551	
288.56763686	
288.56741829	
288.56719981	
288.56698142	
288.56676312	
288.56654490	
288.56632677	
288.56610873	
288.56589078	
288.56567292	
288.56545514	
288.56523745	
288.56501985	
288.56480233	
288.56458491	
288.56436757	
288.56415031	
288.56393315	
288.56371607	
288.56349908	
288.56328218	
288.56306536	
288.56284863	
288.56263199	
288.56241543	
288.56219897	
288.56198259	
288.56176629	
288.56155008	
288.56133396	
288.56111793	
288.56090198	
288.56068612	
288.56047035	
288.56025467	
288.56003907	
288.55982355	
288.55960813	
288.55939279	
288.55917753	
288.55896237	
288.55874729	
288.55853229	
288.55831739	
288.55810257	
288.55788783	
288.55767318	
288.55745862	
288.55724415	
288.55702976	
288.55681545	
288.55660123	
288.55638710	
288.55617306	
288.55595910	
288.55574523	
288.55553144	
288.55531774	
288.55510412	
288.55489059	
288.55467715	
288.55446379	
288.55425052	
288.55403733	
288.55382423	
288.55361122	
288.55339829	
288.55318544	
288.55297269	
288.55276001	
288.55254743	
288.55233492	
288.55212251	
288.55191018	
288.55169793	
288.55148577	
288.55127370	
288.55106171	
288.55084980	
288.55063798	
288.55042625	
288.55021460	
288.55000303	
288.54979155	
288.54958016	
288.54936885	
288.54915763	
288.54894649	
288.54873543	
288.54852446	
288.54831358	
288.54810278	
288.54789206	
288.54768143	
288.54747088	
288.54726042	
288.54705005	
288.54683975	
288.54662955	
288.54641942	
288.54620938	
288.54599943	
288.54578956	
288.54557977	
288.54537007	
288.54516045	
288.54495092	
288.54474147	
288.54453211	
288.54432283	
288.54411363	
288.54390452	
288.54369549	
288.54348655	
288.54327769	
288.54306891	
288.54286022	
288.54265161	
288.54244309	
288.54223464	
288.54202629	
288.54181801	
288.54160983	
288.54140172	
288.54119370	
288.54098576	
288.54077790	
288.54057013	
288.54036244	
288.54015484	
288.53994732	
288.53973988	
288.53953253	
288.53932526	
288.53911807	
288.53891096	
288.53870394	
288.53849700	
288.53829015	
288.53808338	
288.53787669	
288.53767008	
288.53746356	
288.53725712	
288.53705077	
288.53684449	
288.53663830	
288.53643219	
288.53622617	
288.53602023	
288.53581437	
288.53560859	
288.53540290	
288.53519729	
288.53499176	
288.53478631	
288.53458095	
288.53437567	
288.53417047	
288.53396535	
288.53376032	
288.53355537	
288.53335050	
288.53314571	
288.53294101	
288.53273639	
288.53253185	
288.53232739	
288.53212301	
288.53191872	
288.53171451	
288.53151038	
288.53130634	
288.53110237	
288.53089849	
288.53069469	
288.53049097	
288.53028733	
288.53008378	
288.52988030	
288.52967691	
288.52947360	
288.52927037	
288.52906723	
288.52886416	
288.52866118	
288.52845828	
288.52825546	
288.52805272	
288.52785006	
288.52764749	
288.52744499	
288.52724258	
288.52704025	
288.52683800	
288.52663583	
288.52643374	
288.52623173	
288.52602981	
288.52582796	
288.52562620	
288.52542452	
288.52522292	
288.52502140	
288.52481996	
288.52461860	
288.52441733	
288.52421613	
288.52401502	
288.52381398	
288.52361303	
288.52341215	
288.52321136	
288.52301065	
288.52281002	
288.52260947	
288.52240900	
288.52220861	
288.52200830	
288.52180808	
288.52160793	
288.52140786	
288.52120788	
288.52100797	
288.52080814	
288.52060840	
288.52040873	
288.52020915	
288.52000964	
288.51981022	
288.51961088	
288.51941161	
288.51921243	
288.51901332	
288.51881430	
288.51861536	
288.51841649	
288.51821771	
288.51801900	
288.51782038	
288.51762183	
288.51742337	
288.51722498	
288.51702668	
288.51682845	
288.51663031	
288.51643224	
288.51623426	
288.51603635	
288.51583852	
288.51564077	
288.51544310	
288.51524552	
288.51504801	
288.51485058	
288.51465322	
288.51445595	
288.51425876	
288.51406165	
288.51386461	
288.51366766	
288.51347078	
288.51327399	
288.51307727	
288.51288063	
288.51268407	
288.51248759	
288.51229119	
288.51209487	
288.51189863	
288.51170246	
288.51150638	
288.51131037	
288.51111444	
288.51091859	
288.51072282	
288.51052713	
288.51033152	
288.51013598	
288.50994052	
288.50974515	
288.50954985	
288.50935463	
288.50915949	
288.50896442	
288.50876944	
288.50857453	
288.50837970	
288.50818495	
288.50799028	
288.50779569	
288.50760117	
288.50740673	
288.50721237	
288.50701809	
288.50682389	
288.50662976	
288.50643572	
288.50624175	
288.50604786	
288.50585405	
288.50566031	
288.50546665	
288.50527307	
288.50507957	
288.50488615	
288.50469280	
288.50449953	
288.50430634	
288.50411323	
288.50392019	
288.50372724	
288.50353436	
288.50334155	
288.50314883	
288.50295618	
288.50276361	
288.50257112	
288.50237870	
288.50218636	
288.50199410	
288.50180192	
288.50160981	
288.50141778	
288.50122583	
288.50103396	
288.50084216	
288.50065044	
288.50045879	
288.50026723	
288.50007574	
288.49988432	
288.49969299	
288.49950173	
288.49931055	
288.49911944	
288.49892841	
288.49873746	
288.49854659	
288.49835579	
288.49816507	
288.49797442	
288.49778386	
288.49759336	
288.49740295	
288.49721261	
288.49702235	
288.49683216	
288.49664205	
288.49645202	
288.49626206	
288.49607218	
288.49588238	
288.49569265	
288.49550300	
288.49531343	
288.49512393	
288.49493451	
288.49474516	
288.49455589	
288.49436670	
288.49417758	
288.49398854	
288.49379957	
288.49361068	
288.49342186	
288.49323313	
288.49304446	
288.49285588	
288.49266737	
288.49247893	
288.49229057	
288.49210229	
288.49191408	
288.49172595	
288.49153789	
288.49134991	
288.49116200	
288.49097417	
288.49078642	
288.49059874	
288.49041114	
288.49022361	
288.49003615	
288.48984878	
288.48966147	
288.48947425	
288.48928710	
288.48910002	
288.48891302	
288.48872609	
288.48853924	
288.48835246	
288.48816576	
288.48797914	
288.48779259	
288.48760611	
288.48741971	
288.48723338	
288.48704713	
288.48686096	
288.48667486	
288.48648883	
288.48630288	
288.48611700	
288.48593120	
288.48574547	
288.48555982	
288.48537424	
288.48518873	
288.48500330	
288.48481795	
288.48463267	
288.48444746	
288.48426233	
288.48407727	
288.48389229	
288.48370738	
288.48352255	
288.48333779	
288.48315310	
288.48296849	
288.48278396	
288.48259949	
288.48241510	
288.48223079	
288.48204655	
288.48186238	
288.48167829	
288.48149427	
288.48131033	
288.48112646	
288.48094266	
288.48075894	
288.48057529	
288.48039171	
288.48020821	
288.48002478	
288.47984143	
288.47965815	
288.47947494	
288.47929181	
288.47910875	
288.47892576	
288.47874285	
288.47856001	
288.47837725	
288.47819456	
288.47801194	
288.47782939	
288.47764692	
288.47746452	
288.47728220	
288.47709995	
288.47691777	
288.47673566	
288.47655363	
288.47637167	
288.47618979	
288.47600797	
288.47582624	
288.47564457	
288.47546298	
288.47528146	
288.47510001	
288.47491863	
288.47473733	
288.47455610	
288.47437495	
288.47419386	
288.47401285	
288.47383192	
288.47365105	
288.47347026	
288.47328954	
288.47310889	
288.47292832	
288.47274782	
288.47256739	
288.47238703	
288.47220675	
288.47202653	
288.47184639	
288.47166633	
288.47148633	
288.47130641	
288.47112656	
288.47094678	
288.47076708	
288.47058744	
288.47040788	
288.47022840	
288.47004898	
288.46986963	
288.46969036	
288.46951116	
288.46933203	
288.46915298	
288.46897399	
288.46879508	
288.46861624	
288.46843747	
288.46825877	
288.46808015	
288.46790160	
288.46772311	
288.46754470	
288.46736637	
288.46718810	
288.46700991	
288.46683178	
288.46665373	
288.46647575	
288.46629784	
288.46612001	
288.46594224	
288.46576455	
288.46558692	
288.46540937	
288.46523189	
288.46505448	
288.46487715	
288.46469988	
288.46452269	
288.46434556	
288.46416851	
288.46399153	
288.46381462	
288.46363778	
288.46346101	
288.46328432	
288.46310769	
288.46293114	
288.46275465	
288.46257824	
288.46240190	
288.46222563	
288.46204943	
288.46187330	
288.46169724	
288.46152125	
288.46134533	
288.46116949	
288.46099371	
288.46081801	
288.46064237	
288.46046681	
288.46029132	
288.46011589	
288.45994054	
288.45976526	
288.45959005	
288.45941491	
288.45923984	
288.45906484	
288.45888991	
288.45871505	
288.45854026	
288.45836554	
288.45819089	
288.45801631	
288.45784180	
288.45766737	
288.45749300	
288.45731870	
288.45714447	
288.45697031	
288.45679622	
288.45662221	
288.45644826	
288.45627438	
288.45610057	
288.45592683	
288.45575317	
288.45557957	
288.45540604	
288.45523258	
288.45505919	
288.45488587	
288.45471262	
288.45453944	
288.45436633	
288.45419329	
288.45402031	
288.45384741	
288.45367458	
288.45350182	
288.45332912	
288.45315650	
288.45298394	
288.45281146	
288.45263904	
288.45246669	
288.45229441	
288.45212221	
288.45195007	
288.45177800	
288.45160599	
288.45143406	
288.45126220	
288.45109041	
288.45091868	
288.45074703	
288.45057544	
288.45040392	
288.45023247	
288.45006109	
288.44988978	
288.44971854	
288.44954737	
288.44937626	
288.44920523	
288.44903426	
288.44886336	
288.44869253	
288.44852177	
288.44835108	
288.44818045	
288.44800990	
288.44783941	
288.44766899	
288.44749864	
288.44732836	
288.44715815	
288.44698801	
288.44681793	
288.44664792	
288.44647798	
288.44630811	
288.44613831	
288.44596857	
288.44579891	
288.44562931	
288.44545978	
288.44529032	
288.44512092	
288.44495160	
288.44478234	
288.44461315	
288.44444403	
288.44427498	
288.44410599	
288.44393707	
288.44376822	
288.44359944	
288.44343073	
288.44326208	
288.44309350	
288.44292499	
288.44275655	
288.44258817	
288.44241987	
288.44225163	
288.44208346	
288.44191535	
288.44174731	
288.44157934	
288.44141144	
288.44124361	
288.44107584	
288.44090814	
288.44074051	
288.44057294	
288.44040544	
288.44023801	
288.44007065	
288.43990336	
288.43973613	
288.43956897	
288.43940187	
288.43923484	
288.43906789	
288.43890099	
288.43873417	
288.43856741	
288.43840072	
288.43823409	
288.43806753	
288.43790104	
288.43773462	
288.43756826	
288.43740197	
288.43723575	
288.43706959	
288.43690350	
288.43673748	
288.43657153	
288.43640564	
288.43623981	
288.43607406	
288.43590837	
288.43574274	
288.43557719	
288.43541170	
288.43524628	
288.43508092	
288.43491563	
288.43475040	
288.43458525	
288.43442016	
288.43425513	
288.43409017	
288.43392528	
288.43376045	
288.43359569	
288.43343100	
288.43326637	
288.43310181	
288.43293732	
288.43277289	
288.43260853	
288.43244423	
288.43228000	
288.43211584	
288.43195174	
288.43178770	
288.43162374	
288.43145984	
288.43129600	
288.43113223	
288.43096853	
288.43080489	
288.43064132	
288.43047781	
288.43031437	
288.43015100	
288.42998769	
288.42982445	
288.42966127	
288.42949816	
288.42933511	
288.42917213	
288.42900921	
288.42884636	
288.42868358	
288.42852086	
288.42835821	
288.42819562	
288.42803310	
288.42787064	
288.42770825	
288.42754592	
288.42738366	
288.42722146	
288.42705933	
288.42689726	
288.42673526	
288.42657333	
288.42641145	
288.42624965	
288.42608791	
288.42592623	
288.42576462	
288.42560307	
288.42544159	
288.42528018	
288.42511883	
288.42495754	
288.42479632	
288.42463516	
288.42447407	
288.42431304	
288.42415208	
288.42399118	
288.42383035	
288.42366958	
288.42350888	
288.42334824	
288.42318766	
288.42302715	
288.42286671	
288.42270632	
288.42254601	
288.42238576	
288.42222557	
288.42206544	
288.42190539	
288.42174539	
288.42158546	
288.42142559	
288.42126579	
288.42110605	
288.42093761	
288.42076924	
288.42060093	
288.42043269	
288.42026452	
288.42009641	
288.41992837	
288.41976040	
288.41959250	
288.41942466	
288.41925689	
288.41908919	
288.41892155	
288.41875398	
288.41858648	
288.41841905	
288.41825168	
288.41808438	
288.41791714	
288.41774998	
288.41758288	
288.41741584	
288.41724888	
288.41708198	
288.41691514	
288.41674838	
288.41658168	
288.41641505	
288.41624848	
288.41608198	
288.41591555	
288.41574918	
288.41558288	
288.41541665	
288.41525048	
288.41508438	
288.41491835	
288.41475238	
288.41458648	
288.41442065	
288.41425488	
288.41408918	
288.41392354	
288.41375797	
288.41359247	
288.41342703	
288.41326166	
288.41309635	
288.41293112	
288.41276594	
288.41260084	
288.41243580	
288.41227082	
288.41210591	
288.41194107	
288.41177630	
288.41161158	
288.41144694	
288.41128236	
288.41111785	
288.41095340	
288.41078902	
288.41062470	
288.41046045	
288.41029627	
288.41013215	
288.40996810	
288.40980411	
288.40964019	
288.40947633	
288.40931254	
288.40914882	
288.40898516	
288.40882156	
288.40865804	
288.40849457	
288.40833118	
288.40816784	
288.40800458	
288.40784137	
288.40767824	
288.40751517	
288.40735216	
288.40718922	
288.40702634	
288.40686353	
288.40670079	
288.40653811	
288.40637549	
288.40621294	
288.40605046	
288.40588804	
288.40572568	
288.40556339	
288.40540117	
288.40523901	
288.40507691	
288.40491488	
288.40475291	
288.40459101	
288.40442918	
288.40426740	
288.40410570	
288.40394405	
288.40378248	
288.40362096	
288.40345952	
288.40329813	
288.40313681	
288.40297556	
288.40281437	
288.40265324	
288.40249218	
288.40233118	
288.40217025	
288.40200938	
288.40184858	
288.40168784	
288.40152716	
288.40136655	
288.40120601	
288.40104552	
288.40088511	
288.40072475	
288.40056446	
288.40040424	
288.40024407	
288.40008398	
288.39992394	
288.39976397	
288.39960407	
288.39944423	
288.39928445	
288.39912474	
288.39896509	
288.39880550	
288.39864598	
288.39848652	
288.39832712	
288.39816779	
288.39800853	
288.39784932	
288.39769018	
288.39753111	
288.39737209	
288.39721315	
288.39705426	
288.39689544	
288.39673668	
288.39657799	
288.39641935	
288.39626079	
288.39610228	
288.39594384	
288.39578546	
288.39562715	
288.39546890	
288.39531071	
288.39515259	
288.39499453	
288.39483653	
288.39467859	
288.39452072	
288.39436291	
288.39420517	
288.39404749	
288.39388987	
288.39373231	
288.39357482	
288.39341739	
288.39326002	
288.39310272	
288.39294548	
288.39278830	
288.39263118	
288.39247413	
288.39231714	
288.39216021	
288.39200335	
288.39184655	
288.39168981	
288.39153313	
288.39137652	
288.39121997	
288.39106348	
288.39090706	
288.39075069	
288.39059439	
288.39043816	
288.39028198	
288.39012587	
288.38996982	
288.38981383	
288.38965790	
288.38950204	
288.38934624	
288.38919050	
288.38903483	
288.38887921	
288.38872366	
288.38856817	
288.38841274	
288.38825738	
288.38810208	
288.38794683	
288.38779166	
288.38763654	
288.38748148	
288.38732649	
288.38717156	
288.38701669	
288.38686189	
288.38670714	
288.38655246	
288.38639784	
288.38624328	
288.38608878	
288.38593435	
288.38577997	
288.38562566	
288.38547141	
288.38531722	
288.38516309	
288.38500903	
288.38485503	
288.38470108	
288.38454720	
288.38439338	
288.38423963	
288.38408593	
288.38393230	
288.38377872	
288.38362521	
288.38347176	
288.38331837	
288.38316505	
288.38301178	
288.38285858	
288.38270543	
288.38255235	
288.38239933	
288.38224637	
288.38209347	
288.38194063	
288.38178786	
288.38163514	
288.38148249	
288.38132989	
288.38117736	
288.38102489	
288.38087248	
288.38072013	
288.38056784	
288.38041562	
288.38026345	
288.38011135	
288.37995930	
288.37980732	
288.37965539	
288.37950353	
288.37935173	
288.37919999	
288.37904831	
288.37889669	
288.37874513	
288.37859363	
288.37844220	
288.37829082	
288.37813950	
288.37798825	
288.37783705	
288.37768592	
288.37753484	
288.37738383	
288.37723288	
288.37708198	
288.37693115	
288.37678038	
288.37662967	
288.37647901	
288.37632842	
288.37617789	
288.37602742	
288.37587701	
288.37572666	
288.37557637	
288.37542614	
288.37527597	
288.37512586	
288.37497581	
288.37482581	
288.37467588	
288.37452601	
288.37437620	
288.37422645	
288.37407676	
288.37392713	
288.37377756	
288.37362805	
288.37347860	
288.37332921	
288.37317988	
288.37303060	
288.37288139	
288.37273224	
288.37258315	
288.37243411	
288.37228514	
288.37213623	
288.37198737	
288.37183858	
288.37168984	
288.37154116	
288.37139255	
288.37124399	
288.37109549	
288.37094706	
288.37079868	
288.37065036	
288.37050210	
288.37035390	
288.37020575	
288.37005767	
288.36990965	
288.36976169	
288.36961378	
288.36946593	
288.36931815	
288.36917042	
288.36902275	
288.36887514	
288.36872759	
288.36858010	
288.36843267	
288.36828530	
288.36813798	
288.36799073	
288.36784353	
288.36769639	
288.36754932	
288.36740230	
288.36725534	
288.36710843	
288.36696159	
288.36681481	
288.36666808	
288.36652141	
288.36637480	
288.36622825	
288.36608176	
288.36593533	
288.36578896	
288.36564264	
288.36549638	
288.36535018	
288.36520404	
288.36505796	
288.36491194	
288.36476597	
288.36462007	
288.36447422	
288.36432843	
288.36418270	
288.36403703	
288.36389141	
288.36374585	
288.36360036	
288.36345492	
288.36330953	
288.36316421	
288.36301895	
288.36287374	
288.36272859	
288.36258350	
288.36243846	
288.36229349	
288.36214857	
288.36200371	
288.36185891	
288.36171417	
288.36156948	
288.36142485	
288.36128028	
288.36113577	
288.36099132	
288.36084692	
288.36070258	
288.36055830	
288.36041408	
288.36026991	
288.36012580	
288.35998175	
288.35983776	
288.35969382	
288.35954995	
288.35940613	
288.35926236	
288.35911866	
288.35897501	
288.35883142	
288.35868789	
288.35854441	
288.35840100	
288.35825764	
288.35811433	
288.35797109	
288.35782790	
288.35768477	
288.35754169	
288.35739868	
288.35725572	
288.35711282	
288.35696997	
288.35682718	
288.35668445	
288.35654178	
288.35639916	
288.35625660	
288.35611410	
288.35597165	
288.35582926	
288.35568693	
288.35554466	
288.35540244	
288.35526028	
288.35511818	
288.35497613	
288.35483414	
288.35469220	
288.35455033	
288.35440851	
288.35426674	
288.35412504	
288.35398339	
288.35384179	
288.35370026	
288.35355878	
288.35341735	
288.35327599	
288.35313468	
288.35299342	
288.35285222	
288.35271108	
288.35257000	
288.35242897	
288.35228800	
288.35214708	
288.35200623	
288.35186542	
288.35172468	
288.35158399	
288.35144335	
288.35130278	
288.35116225	
288.35102179	
288.35088138	
288.35074103	
288.35060073	
288.35046049	
288.35032031	
288.35018018	
288.35004011	
288.34990009	
288.34976013	
288.34962023	
288.34948038	
288.34934059	
288.34920085	
288.34906117	
288.34892155	
288.34878198	
288.34864246	
288.34850301	
288.34836361	
288.34822426	
288.34808497	
288.34794574	
288.34780656	
288.34766744	
288.34752837	
288.34738936	
288.34725040	
288.34711150	
288.34697266	
288.34683387	
288.34669514	
288.34655646	
288.34641783	
288.34627927	
288.34614076	
288.34600230	
288.34586390	
288.34572555	
288.34558726	
288.34544903	
288.34531085	
288.34517272	
288.34503465	
288.34489664	
288.34475868	
288.34462078	
288.34448293	
288.34434514	
288.34420740	
288.34406972	
288.34393209	
288.34379452	
288.34365700	
288.34351953	
288.34338213	
288.34324477	
288.34310748	
288.34297023	
288.34283305	
288.34269591	
288.34255883	
288.34242181	
288.34228484	
288.34214793	
288.34201107	
288.34187426	
288.34173751	
288.34160082	
288.34146418	
288.34132759	
288.34119106	
288.34105459	
288.34091816	
288.34078180	
288.34064548	
288.34050923	
288.34037302	
288.34023687	
288.34010078	
288.33996474	
288.33982875	
288.33969282	
288.33955694	
288.33942112	
288.33928535	
288.33914964	
288.33901398	
288.33887837	
288.33874282	
288.33860732	
288.33847188	
288.33833649	
288.33820116	
288.33806588	
288.33793065	
288.33779548	
288.33766036	
288.33752530	
288.33739029	
288.33725533	
288.33712043	
288.33698558	
288.33685079	
288.33671605	
288.33658136	
288.33644673	
288.33631215	
288.33617762	
288.33604315	
288.33590873	
288.33577437	
288.33564006	
288.33550580	
288.33537160	
288.33523745	
288.33510336	
288.33496932	
288.33483533	
288.33470140	
288.33456752	
288.33443369	
288.33429991	
288.33416619	
288.33403253	
288.33389892	
288.33376536	
288.33363185	
288.33349840	
288.33336500	
288.33323165	
288.33309836	
288.33296512	
288.33283193	
288.33269880	
288.33256572	
288.33243269	
288.33229972	
288.33216680	
288.33203394	
288.33190112	
288.33176836	
288.33163565	
288.33150300	
288.33137040	
288.33123785	
288.33110536	
288.33097291	
288.33084052	
288.33070819	
288.33057590	
288.33044367	
288.33031150	
288.33017937	
288.33004730	
288.32991528	
288.32978332	
288.32965140	
288.32951954	
288.32938773	
288.32925598	
288.32912428	
288.32899263	
288.32886103	
288.32872948	
288.32859799	
288.32846655	
288.32833517	
288.32820383	
288.32807255	
288.32794132	
288.32781015	
288.32767902	
288.32754795	
288.32741693	
288.32728596	
288.32715505	
288.32702419	
288.32689338	
288.32676262	
288.32663192	
288.32650126	
288.32637066	
288.32624011	
288.32610962	
288.32597917	
288.32584878	
288.32571844	
288.32558816	
288.32545792	
288.32532774	
288.32519761	
288.32506753	
288.32493750	
288.32480753	
288.32467760	
288.32454773	
288.32441791	
288.32428814	
288.32415843	
288.32402877	
288.32389915	
288.32376960	
288.32364009	
288.32351063	
288.32338123	
288.32325187	
288.32312257	
288.32299332	
288.32286413	
288.32273498	
288.32260589	
288.32247685	
288.32234785	
288.32221892	
288.32209003	
288.32196119	
288.32183241	
288.32170367	
288.32157499	
288.32144636	
288.32131778	
288.32118926	
288.32106078	
288.32093236	
288.32080398	
288.32067566	
288.32054739	
288.32041917	
288.32029101	
288.32016289	
288.32003482	
288.31990681	
288.31977885	
288.31965094	
288.31952308	
288.31939527	
288.31926751	
288.31913980	
288.31901215	
288.31888454	
288.31875699	
288.31862948	
288.31850203	
288.31837463	
288.31824728	
288.31811998	
288.31799273	
288.31786554	
288.31773839	
288.31761130	
288.31748425	
288.31735726	
288.31723031	
288.31710342	
288.31697658	
288.31684979	
288.31672305	
288.31659636	
288.31646972	
288.31634314	
288.31621660	
288.31609011	
288.31596368	
288.31583729	
288.31571095	
288.31558467	
288.31545844	
288.31533225	
288.31520612	
288.31508004	
288.31495401	
288.31482802	
288.31470209	
288.31457621	
288.31445038	
288.31432460	
288.31419887	
288.31407319	
288.31394756	
288.31382198	
288.31369646	
288.31357098	
288.31344555	
288.31332017	
288.31319484	
288.31306956	
288.31294434	
288.31281916	
288.31269403	
288.31256895	
288.31244393	
288.31231895	
288.31219402	
288.31206914	
288.31194432	
288.31181954	
288.31169481	
288.31157013	
288.31144550	
288.31132093	
288.31119640	
288.31107192	
288.31094749	
288.31082311	
288.31069878	
288.31057450	
288.31045027	
288.31032609	
288.31020196	
288.31007788	
288.30995385	
288.30982987	
288.30970594	
288.30958205	
288.30945822	
288.30933444	
288.30921070	
288.30908702	
288.30896338	
288.30883980	
288.30871626	
288.30859278	
288.30846934	
288.30834595	
288.30822261	
288.30809932	
288.30797609	
288.30785289	
288.30772975	
288.30760666	
288.30748362	
288.30736063	
288.30723768	
288.30711479	
288.30699194	
288.30686914	
288.30674640	
288.30662370	
288.30650105	
288.30637845	
288.30625590	
288.30613339	
288.30601094	
288.30588854	
288.30576618	
288.30564387	
288.30552162	
288.30539941	
288.30527725	
288.30515514	
288.30503308	
288.30491106	
288.30478910	
288.30466718	
288.30454531	
288.30442350	
288.30430173	
288.30418001	
288.30405833	
288.30393671	
288.30381514	
288.30369361	
288.30357213	
288.30345070	
288.30332932	
288.30320799	
288.30308671	
288.30296547	
288.30284429	
288.30272315	
288.30260206	
288.30248102	
288.30236003	
288.30223908	
288.30211819	
288.30199734	
288.30187654	
288.30175579	
288.30163509	
288.30151444	
288.30139383	
288.30127327	
288.30115276	
288.30103230	
288.30091189	
288.30079152	
288.30067121	
288.30055094	
288.30043072	
288.30031055	
288.30019042	
288.30007035	
288.29995032	
288.29983034	
288.29971041	
288.29959052	
288.29947068	
288.29935090	
288.29923116	
288.29911146	
288.29899182	
288.29887222	
288.29875267	
288.29863317	
288.29851372	
288.29839431	
288.29827496	
288.29815565	
288.29803638	
288.29791717	
288.29779800	
288.29767888	
288.29755981	
288.29744079	
288.29732181	
288.29720288	
288.29708400	
288.29696517	
288.29684638	
288.29672764	
288.29660895	
288.29649031	
288.29637171	
288.29625316	
288.29613466	
288.29601621	
288.29589780	
288.29577944	
288.29566113	
288.29554287	
288.29542465	
288.29530648	
288.29518836	
288.29507028	
288.29495225	
288.29483427	
288.29471634	
288.29459845	
288.29448061	
288.29436282	
288.29424508	
288.29412738	
288.29400973	
288.29389212	
288.29377457	
288.29365706	
288.29353959	
288.29342218	
288.29330481	
288.29318749	
288.29307021	
288.29295298	
288.29283580	
288.29271867	
288.29260158	
288.29248454	
288.29236755	
288.29225060	
288.29213370	
288.29201685	
288.29190004	
288.29178328	
288.29166657	
288.29154990	
288.29143328	
288.29131671	
288.29120018	
288.29108370	
288.29096727	
288.29085088	
288.29073454	
288.29061824	
288.29050200	
288.29038580	
288.29026964	
288.29015353	
288.29003747	
288.28992146	
288.28980549	
288.28968957	
288.28957369	
288.28945786	
288.28934208	
288.28922634	
288.28911065	
288.28899501	
288.28887941	
288.28876386	
288.28864835	
288.28853289	
288.28841748	
288.28830211	
288.28818679	
288.28807152	
288.28795629	
288.28784111	
288.28772597	
288.28761088	
288.28749583	
288.28738084	
288.28726588	
288.28715098	
288.28703612	
288.28692130	
288.28680653	
288.28669181	
288.28657713	
288.28646250	
288.28634792	
288.28623338	
288.28611889	
288.28600444	
288.28589004	
288.28577568	
288.28566137	
288.28554711	
288.28543289	
288.28531871	
288.28520459	
288.28509050	
288.28497647	
288.28486248	
288.28474853	
288.28463463	
288.28452078	
288.28440697	
288.28429321	
288.28417949	
288.28406582	
288.28395219	
288.28383861	
288.28372508	
288.28361159	
288.28349814	
288.28338474	
288.28327139	
288.28315808	
288.28304482	
288.28293160	
288.28281843	
288.28270530	
288.28259222	
288.28247918	
288.28236619	
288.28225324	
288.28214034	
288.28202748	
288.28191467	
288.28180191	
288.28168919	
288.28157651	
288.28146388	
288.28135130	
288.28123875	
288.28112626	
288.28101381	
288.28090140	
288.28078904	
288.28067673	
288.28056446	
288.28045223	
288.28034005	
288.28022791	
288.28011582	
288.28000378	
288.27989177	
288.27977982	
288.27966791	
288.27955604	
288.27944422	
288.27933244	
288.27922071	
288.27910902	
288.27899737	
288.27888577	
288.27877422	
288.27866271	
288.27855125	
288.27843983	
288.27832845	
288.27821712	
288.27810583	
288.27799459	
288.27788339	
288.27777224	
288.27766113	
288.27755006	
288.27743904	
288.27732807	
288.27721714	
288.27710625	
288.27699541	
288.27688461	
288.27677386	
288.27666315	
288.27655248	
288.27644186	
288.27633128	
288.27622075	
288.27611026	
288.27599982	
288.27588942	
288.27577906	
288.27566875	
288.27555848	
288.27544826	
288.27533808	
288.27522795	
288.27511785	
288.27500781	
288.27489780	
288.27478785	
288.27467793	
288.27456806	
288.27445823	
288.27434845	
288.27423871	
288.27412901	
288.27401936	
288.27390975	
288.27380019	
288.27369067	
288.27358119	
288.27347176	
288.27336237	
288.27325303	
288.27314373	
288.27303447	
288.27292526	
288.27281609	
288.27270696	
288.27259788	
288.27248884	
288.27237984	
288.27227089	
288.27216198	
288.27205312	
288.27194430	
288.27183552	
288.27172678	
288.27161809	
288.27150945	
288.27140084	
288.27129228	
288.27118376	
288.27107529	
288.27096686	
288.27085847	
288.27075013	
288.27064183	
288.27053357	
288.27042536	
288.27031719	
288.27020906	
288.27010098	
288.26999294	
288.26988494	
288.26977699	
288.26966908	
288.26956121	
288.26945339	
288.26934560	
288.26923787	
288.26913017	
288.26902252	
288.26891491	
288.26880734	
288.26869982	
288.26859234	
288.26848490	
288.26837751	
288.26827016	
288.26816285	
288.26805559	
288.26794836	
288.26784118	
288.26773405	
288.26762695	
288.26751990	
288.26741289	
288.26730593	
288.26719901	
288.26709213	
288.26698529	
288.26687850	
288.26677175	
288.26666504	
288.26655837	
288.26645175	
288.26634517	
288.26623863	
288.26613213	
288.26602568	
288.26591927	
288.26581290	
288.26570658	
288.26560029	
288.26549405	
288.26538786	
288.26528170	
288.26517559	
288.26506952	
288.26496349	
288.26485751	
288.26475156	
288.26464566	
288.26453980	
288.26443399	
288.26432821	
288.26422248	
288.26411679	
288.26401115	
288.26390554	
288.26379998	
288.26369446	
288.26358898	
288.26348355	
288.26337815	
288.26327280	
288.26316749	
288.26306223	
288.26295700	
288.26285182	
288.26274668	
288.26264158	
288.26253652	
288.26243151	
288.26232654	
288.26222160	
288.26211672	
288.26201187	
288.26190706	
288.26180230	
288.26169758	
288.26159290	
288.26148826	
288.26138367	
288.26127912	
288.26117460	
288.26107013	
288.26096571	
288.26086132	
288.26075698	
288.26065267	
288.26054841	
288.26044419	
288.26034001	
288.26023588	
288.26013178	
288.26002773	
288.25992372	
288.25981975	
288.25971582	
288.25961194	
288.25950809	
288.25940429	
288.25930053	
288.25919681	
288.25909313	
288.25898949	
288.25888590	
288.25878234	
288.25867883	
288.25857536	
288.25847193	
288.25836854	
288.25826519	
288.25816188	
288.25805862	
288.25795540	
288.25785221	
288.25774907	
288.25764597	
288.25754291	
288.25743990	
288.25733692	
288.25723399	
288.25713109	
288.25702824	
288.25692543	
288.25682266	
288.25671993	
288.25661724	
288.25651460	
288.25641199	
288.25630942	
288.25620690	
288.25610442	
288.25600198	
288.25589958	
288.25579722	
288.25569490	
288.25559262	
288.25549038	
288.25538819	
288.25528603	
288.25518392	
288.25508184	
288.25497981	
288.25487782	
288.25477587	
288.25467396	
288.25457209	
288.25447026	
288.25436847	
288.25426672	
288.25416502	
288.25406335	
288.25396172	
288.25386014	
288.25375860	
288.25365709	
288.25355563	
288.25345421	
288.25335283	
288.25325148	
288.25315018	
288.25304892	
288.25294770	
288.25284652	
288.25274539	
288.25264429	
288.25254323	
288.25244221	
288.25234124	
288.25224030	
288.25213940	
288.25203855	
288.25193773	
288.25183696	
288.25173622	
288.25163553	
288.25153487	
288.25143426	
288.25133369	
288.25123315	
288.25113266	
288.25103221	
288.25093179	
288.25083142	
288.25073109	
288.25063080	
288.25053054	
288.25043033	
288.25033016	
288.25023003	
288.25012994	
288.25002988	
288.24992987	
288.24982990	
288.24972997	
288.24963008	
288.24953022	
288.24943041	
288.24933064	
288.24923091	
288.24913121	
288.24903156	
288.24893195	
288.24883238	
288.24873284	
288.24863335	
288.24853390	
288.24843448	
288.24833511	
288.24823578	
288.24813648	
288.24803723	
288.24793801	
288.24783884	
288.24773970	
288.24764061	
288.24754155	
288.24744253	
288.24734356	
288.24724462	
288.24714572	
288.24704686	
288.24694804	
288.24684926	
288.24675052	
288.24665182	
288.24655316	
288.24645454	
288.24635596	
288.24625742	
288.24615891	
288.24606045	
288.24596203	
288.24586364	
288.24576530	
288.24566699	
288.24556872	
288.24547050	
288.24537231	
288.24527416	
288.24517605	
288.24507798	
288.24497995	
288.24488196	
288.24478400	
288.24468609	
288.24458822	
288.24449038	
288.24439258	
288.24429483	
288.24419711	
288.24409943	
288.24400179	
288.24390419	
288.24380663	
288.24370911	
288.24361162	
288.24351418	
288.24341677	
288.24331940	
288.24322208	
288.24312479	
288.24302754	
288.24293033	
288.24283315	
288.24273602	
288.24263893	
288.24254187	
288.24244485	
288.24234788	
288.24225094	
288.24215404	
288.24205718	
288.24196035	
288.24186357	
288.24176682	
288.24167012	
288.24157345	
288.24147682	
288.24138023	
288.24128368	
288.24118716	
288.24109069	
288.24099425	
288.24089785	
288.24080149	
288.24070517	
288.24060889	
288.24051265	
288.24041644	
288.24032028	
288.24022415	
288.24012806	
288.24003201	
288.23993600	
288.23984002	
288.23974408	
288.23964819	
288.23955233	
288.23945651	
288.23936072	
288.23926498	
288.23916927	
288.23907361	
288.23897798	
288.23888239	
288.23878683	
288.23869132	
288.23859584	
288.23850040	
288.23840500	
288.23830964	
288.23821432	
288.23811903	
288.23802378	
288.23792857	
288.23783340	
288.23773827	
288.23764317	
288.23754812	
288.23745310	
288.23735812	
288.23726317	
288.23716827	
288.23707340	
288.23697857	
288.23688378	
288.23678903	
288.23669431	
288.23659963	
288.23650499	
288.23641039	
288.23631583	
288.23622130	
288.23612681	
288.23603236	
288.23593795	
288.23584357	
288.23574924	
288.23565494	
288.23556067	
288.23546645	
288.23537226	
288.23527811	
288.23518400	
288.23508993	
288.23499589	
288.23490190	
288.23480793	
288.23471401	
288.23462013	
288.23452628	
288.23443247	
288.23433869	
288.23424496	
288.23415126	
288.23405760	
288.23396398	
288.23387039	
288.23377684	
288.23368333	
288.23358986	
288.23349642	
288.23340302	
288.23330966	
288.23321634	
288.23312305	
288.23302980	
288.23293659	
288.23284342	
288.23275028	
288.23265718	
288.23256412	
288.23247109	
288.23237810	
288.23228515	
288.23219224	
288.23209936	
288.23200652	
288.23191372	
288.23182095	
288.23172822	
288.23163553	
288.23154288	
288.23145026	
288.23135768	
288.23126514	
288.23117263	
288.23108016	
288.23098773	
288.23089534	
288.23080298	
288.23071066	
288.23061837	
288.23052613	
288.23043392	
288.23034174	
288.23024960	
288.23015750	
288.23006544	
288.22997342	
288.22988143	
288.22978947	
288.22969756	
288.22960568	
288.22951384	
288.22942203	
288.22933026	
288.22923853	
288.22914683	
288.22905518	
288.22896355	
288.22887197	
288.22878042	
288.22868891	
288.22859743	
288.22850599	
288.22841459	
288.22832322	
288.22823190	
288.22814060	
288.22804935	
288.22795813	
288.22786694	
288.22777580	
288.22768469	
288.22759361	
288.22750258	
288.22741157	
288.22732061	
288.22722968	
288.22713879	
288.22704793	
288.22695711	
288.22686633	
288.22677559	
288.22668488	
288.22659420	
288.22650356	
288.22641296	
288.22632240	
288.22623187	
288.22614138	
288.22605092	
288.22596050	
288.22587011	
288.22577977	
288.22568945	
288.22559918	
288.22550894	
288.22541874	
288.22532857	
288.22523844	
288.22514834	
288.22505828	
288.22496826	
288.22487827	
288.22478832	
288.22469840	
288.22460852	
288.22451868	
288.22442887	
288.22433910	
288.22424937	
288.22415967	
288.22407000	
288.22398038	
288.22389078	
288.22380123	
288.22371171	
288.22362222	
288.22353277	
288.22344336	
288.22335398	
288.22326464	
288.22317533	
288.22308606	
288.22299683	
288.22290763	
288.22281847	
288.22272934	
288.22264025	
288.22255119	
288.22246217	
288.22237319	
288.22228424	
288.22219532	
288.22210645	
288.22201760	
288.22192880	
288.22184003	
288.22175129	
288.22166259	
288.22157392	
288.22148529	
288.22139670	
288.22130814	
288.22121962	
288.22113113	
288.22104268	
288.22095426	
288.22086588	
288.22077753	
288.22068922	
288.22060095	
288.22051271	
288.22042450	
288.22033633	
288.22024820	
288.22016010	
288.22007203	
288.21998400	
288.21989601	
288.21980805	
288.21972013	
288.21963224	
288.21954439	
288.21945657	
288.21936879	
288.21928104	
288.21919333	
288.21910565	
288.21901801	
288.21893040	
288.21884283	
288.21875529	
288.21866779	
288.21858032	
288.21849289	
288.21840549	
288.21831813	
288.21823080	
288.21814351	
288.21805625	
288.21796903	
288.21788184	
288.21779469	
288.21770757	
288.21762049	
288.21753344	
288.21744643	
288.21735945	
288.21727251	
288.21718560	
288.21709872	
288.21701188	
288.21692508	
288.21683831	
288.21675157	
288.21666487	
288.21657821	
288.21649158	
288.21640498	
288.21631842	
288.21623189	
288.21614540	
288.21605894	
288.21597252	
288.21588613	
288.21579977	
288.21571345	
288.21562717	
288.21554092	
288.21545470	
288.21536852	
288.21528237	
288.21519626	
288.21511018	
288.21502413	
288.21493812	
288.21485215	
288.21476621	
288.21468030	
288.21459443	
288.21450859	
288.21442279	
288.21433702	
288.21425128	
288.21416558	
288.21407992	
288.21399429	
288.21390869	
288.21382313	
288.21373760	
288.21365210	
288.21356664	
288.21348121	
288.21339582	
288.21331046	
288.21322514	
288.21313985	
288.21305459	
288.21296937	
288.21288418	
288.21279903	
288.21271391	
288.21262882	
288.21254377	
288.21245875	
288.21237377	
288.21228882	
288.21220391	
288.21211902	
288.21203418	
288.21194936	
288.21186458	
288.21177984	
288.21169513	
288.21161045	
288.21152580	
288.21144119	
288.21135662	
288.21127207	
288.21118757	
288.21110309	
288.21101865	
288.21093424	
288.21084987	
288.21076553	
288.21068122	
288.21059695	
288.21051271	
288.21042851	
288.21034433	
288.21026020	
288.21017609	
288.21009202	
288.21000798	
288.20992398	
288.20984001	
288.20975608	
288.20967217	
288.20958830	
288.20950447	
288.20942067	
288.20933690	
288.20925316	
288.20916946	
288.20908580	
288.20900216	
288.20891856	
288.20883499	
288.20875146	
288.20866796	
288.20858449	
288.20850106	
288.20841766	
288.20833429	
288.20825096	
288.20816766	
288.20808439	
288.20800116	
288.20791795	
288.20783479	
288.20775165	
288.20766855	
288.20758549	
288.20750245	
288.20741945	
288.20733648	
288.20725355	
288.20717065	
288.20708778	
288.20700494	
288.20692214	
288.20683937	
288.20675664	
288.20667393	
288.20659126	
288.20650863	
288.20642602	
288.20634345	
288.20626092	
288.20617841	
288.20609594	
288.20601350	
288.20593110	
288.20584872	
288.20576639	
288.20568408	
288.20560180	
288.20551956	
288.20543736	
288.20535518	
288.20527304	
288.20519093	
288.20510885	
288.20502681	
288.20494480	
288.20486282	
288.20478088	
288.20469896	
288.20461708	
288.20453524	
288.20445342	
288.20437164	
288.20428989	
288.20420818	
288.20412649	
288.20404484	
288.20396323	
288.20388164	
288.20380009	
288.20371857	
288.20363708	
288.20355563	
288.20347420	
288.20339281	
288.20331146	
288.20323013	
288.20314884	
288.20306758	
288.20298635	
288.20290516	
288.20282400	
288.20274287	
288.20266177	
288.20258071	
288.20249967	
288.20241867	
288.20233771	
288.20225677	
288.20217587	
288.20209500	
288.20201416	
288.20193335	
288.20185258	
288.20177184	
288.20169113	
288.20161045	
288.20152981	
288.20144920	
288.20136862	
288.20128807	
288.20120756	
288.20112707	
288.20104662	
288.20096620	
288.20088582	
288.20080546	
288.20072514	
288.20064485	
288.20056459	
288.20048437	
288.20040417	
288.20032401	
288.20024388	
288.20016378	
288.20008372	
288.20000368	
288.19992368	
288.19984371	
288.19976378	
288.19968387	
288.19960400	
288.19952416	
288.19944435	
288.19936457	
288.19928482	
288.19920511	
288.19912543	
288.19904578	
288.19896616	
288.19888657	
288.19880702	
288.19872749	
288.19864800	
288.19856854	
288.19848912	
288.19840972	
288.19833036	
288.19825102	
288.19817172	
288.19809246	
288.19801322	
288.19793401	
288.19785484	
288.19777570	
288.19769659	
288.19761751	
288.19753846	
288.19745945	
288.19738046	
288.19730151	
288.19722259	
288.19714370	
288.19706484	
288.19698602	
288.19690722	
288.19682846	
288.19674973	
288.19667103	
288.19659236	
288.19651372	
288.19643512	
288.19635654	
288.19627800	
288.19619949	
288.19612101	
288.19604256	
288.19596415	
288.19588576	
288.19580741	
288.19572908	
288.19565079	
288.19557253	
288.19549430	
288.19541610	
288.19533794	
288.19525980	
288.19518170	
288.19510363	
288.19502558	
288.19494757	
288.19486959	
288.19479165	
288.19471373	
288.19463584	
288.19455799	
288.19448017	
288.19440238	
288.19432461	
288.19424688	
288.19416919	
288.19409152	
288.19401388	
288.19393628	
288.19385870	
288.19378116	
288.19370365	
288.19362616	
288.19354871	
288.19347129	
288.19339391	
288.19331655	
288.19323922	
288.19316193	
288.19308466	
288.19300743	
288.19293022	
288.19285305	
288.19277591	
288.19269880	
288.19262172	
288.19254467	
288.19246765	
288.19239067	
288.19231371	
288.19223679	
288.19215989	
288.19208303	
288.19200619	
288.19192939	
288.19185262	
288.19177588	
288.19169917	
288.19162249	
288.19154584	
288.19146922	
288.19139263	
288.19131608	
288.19123955	
288.19116305	
288.19108659	
288.19101015	
288.19093375	
288.19085738	
288.19078103	
288.19070472	
288.19062844	
288.19055219	
288.19047597	
288.19039978	
288.19032362	
288.19024749	
288.19017139	
288.19009532	
288.19001928	
288.18994327	
288.18986730	
288.18979135	
288.18971543	
288.18963955	
288.18956369	
288.18948787	
288.18941207	
288.18933631	
288.18926057	
288.18918487	
288.18910919	
288.18903355	
288.18895794	
288.18888235	
288.18880680	
288.18873128	
288.18865578	
288.18858032	
288.18850489	
288.18842949	
288.18835412	
288.18827877	
288.18820346	
288.18812818	
288.18805293	
288.18797771	
288.18790252	
288.18782736	
288.18775223	
288.18767713	
288.18760205	
288.18752701	
288.18745200	
288.18737702	
288.18730207	
288.18722715	
288.18715226	
288.18707740	
288.18700257	
288.18692777	
288.18685300	
288.18677825	
288.18670354	
288.18662886	
288.18655421	
288.18647959	
288.18640500	
288.18633043	
288.18625590	
288.18618140	
288.18610693	
288.18603248	
288.18595807	
288.18588369	
288.18580933	
288.18573501	
288.18566072	
288.18558645	
288.18551222	
288.18543801	
288.18536384	
288.18528969	
288.18521558	
288.18514149	
288.18506743	
288.18499341	
288.18491941	
288.18484544	
288.18477150	
288.18469760	
288.18462372	
288.18454987	
288.18447605	
288.18440226	
288.18432850	
288.18425476	
288.18418106	
288.18410739	
288.18403375	
288.18396013	
288.18388655	
288.18381299	
288.18373947	
288.18366597	
288.18359251	
288.18351907	
288.18344566	
288.18337228	
288.18329894	
288.18322562	
288.18315233	
288.18307906	
288.18300583	
288.18293263	
288.18285946	
288.18278631	
288.18271320	
288.18264011	
288.18256706	
288.18249403	
288.18242103	
288.18234807	
288.18227513	
288.18220222	
288.18212933	
288.18205648	
288.18198366	
288.18191087	
288.18183810	
288.18176537	
288.18169266	
288.18161998	
288.18154734	
288.18147472	
288.18140213	
288.18132957	
288.18125703	
288.18118453	
288.18111206	
288.18103961	
288.18096720	
288.18089481	
288.18082245	
288.18075012	
288.18067782	
288.18060555	
288.18053331	
288.18046110	
288.18038891	
288.18031676	
288.18024463	
288.18017253	
288.18010046	
288.18002842	
288.17995641	
288.17988443	
288.17981248	
288.17974055	
288.17966865	
288.17959679	
288.17952495	
288.17945314	
288.17938136	
288.17930960	
288.17923788	
288.17916619	
288.17909452	
288.17902288	
288.17895127	
288.17887969	
288.17880814	
288.17873662	
288.17866512	
288.17859366	
288.17852222	
288.17845081	
288.17837943	
288.17830808	
288.17823675	
288.17816546	
288.17809419	
288.17802296	
288.17795175	
288.17788057	
288.17780941	
288.17773829	
288.17766719	
288.17759613	
288.17752509	
288.17745408	
288.17738310	
288.17731214	
288.17724122	
288.17717032	
288.17709945	
288.17702861	
288.17695780	
288.17688702	
288.17681627	
288.17674554	
288.17667484	
288.17660417	
288.17653353	
288.17646292	
288.17639233	
288.17632177	
288.17625124	
288.17618074	
288.17611027	
288.17603983	
288.17596941	
288.17589902	
288.17582866	
288.17575833	
288.17568803	
288.17561775	
288.17554751	
288.17547729	
288.17540710	
288.17533693	
288.17526680	
288.17519669	
288.17512661	
288.17505656	
288.17498654	
288.17491655	
288.17484658	
288.17477664	
288.17470673	
288.17463685	
288.17456699	
288.17449717	
288.17442737	
288.17435760	
288.17428785	
288.17421814	
288.17414845	
288.17407879	
