332.44518638	
332.44169657	
332.43808997	
332.43469665	
332.43084876	
332.42796867	
332.42432249	
332.42058721	
332.41676893	
332.41290761	
332.40953035	
332.40630779	
332.40299778	
332.39948330	
332.39627415	
332.39342524	
332.39009549	
332.38638717	
332.38298941	
332.37954491	
332.37569207	
332.37228823	
332.36873451	
332.36548960	
332.36208845	
332.35885233	
332.35594350	
332.35209488	
332.34838646	
332.34453514	
332.34154808	
332.33848942	
332.33501264	
332.33198167	
332.32841598	
332.32507476	
332.32220747	
332.31889363	
332.31564057	
332.31245498	
332.30903447	
332.30596136	
332.30258615	
332.29902958	
332.29541648	
332.29176535	
332.28865421	
332.28506873	
332.28133228	
332.27776217	
332.27468373	
332.27116719	
332.26735773	
332.26413977	
332.26039813	
332.25689203	
332.25344910	
332.24969176	
332.24610053	
332.24277192	
332.23916162	
332.23581830	
332.23220556	
332.22904262	
332.22608040	
332.22272320	
332.21985078	
332.21614817	
332.21247343	
332.20904590	
332.20601242	
332.20292743	
332.19987789	
332.19680675	
332.19355495	
332.18997811	
332.18606566	
332.18247868	
332.17948662	
332.17679941	
332.17328738	
332.16975531	
332.16601946	
332.16288158	
332.16014197	
332.15676570	
332.15376095	
332.15018472	
332.14635248	
332.14311076	
332.14030641	
332.13729278	
332.13435877	
332.13127355	
332.12803264	
332.12447715	
332.12100357	
332.11830305	
332.11521183	
332.11180250	
332.10840698	
332.10530229	
332.10192255	
332.09835303	
332.09491030	
332.09175730	
332.08817303	
332.08504853	
332.08232472	
332.07894572	
332.07538192	
332.07241530	
332.06904236	
332.06528598	
332.06163368	
332.05819221	
332.05550529	
332.05233541	
332.04886554	
332.04591712	
332.04291310	
332.03917993	
332.03613446	
332.03272027	
332.02947335	
332.02666026	
332.02348448	
332.02015809	
332.01661442	
332.01368305	
332.01048862	
332.00732703	
332.00426070	
332.00121611	
331.99821868	
331.99515019	
331.99222307	
331.98939566	
331.98668605	
331.98310868	
331.97952257	
331.97635722	
331.97297673	
331.97000729	
331.96668616	
331.96318875	
331.95974588	
331.95663033	
331.95381078	
331.95043969	
331.94720915	
331.94432357	
331.94101364	
331.93770715	
331.93419632	
331.93074115	
331.92806139	
331.92489676	
331.92190303	
331.91912843	
331.91600208	
331.91239314	
331.90888380	
331.90605468	
331.90339154	
331.90011319	
331.89637856	
331.89359197	
331.89050693	
331.88764408	
331.88490426	
331.88198780	
331.87898105	
331.87549287	
331.87206611	
331.86853883	
331.86543405	
331.86271736	
331.85964153	
331.85638980	
331.85345958	
331.85049826	
331.84719875	
331.84442061	
331.84152810	
331.83816806	
331.83523344	
331.83184909	
331.82827445	
331.82478915	
331.82184630	
331.81907749	
331.81602601	
331.81273630	
331.80980870	
331.80652092	
331.80281343	
331.79946439	
331.79667428	
331.79344356	
331.79005736	
331.78696578	
331.78361028	
331.78090133	
331.77781824	
331.77417364	
331.77076038	
331.76726061	
331.76414293	
331.76074052	
331.75782710	
331.75500329	
331.75145040	
331.74856573	
331.74535564	
331.74230251	
331.73896633	
331.73541585	
331.73248117	
331.72896877	
331.72523080	
331.72240535	
331.71912071	
331.71585177	
331.71271936	
331.70906426	
331.70618430	
331.70335220	
331.70033141	
331.69771538	
331.69466464	
331.69154588	
331.68868096	
331.68546807	
331.68228172	
331.67892110	
331.67577186	
331.67238780	
331.66885642	
331.66545143	
331.66249497	
331.65963126	
331.65626812	
331.65351341	
331.65023621	
331.64719562	
331.64418418	
331.64128085	
331.63872246	
331.63604697	
331.63339358	
331.63040909	
331.62739404	
331.62412760	
331.62106486	
331.61787116	
331.61464892	
331.61157048	
331.60858377	
331.60564179	
331.60235256	
331.59950067	
331.59674026	
331.59339162	
331.59014120	
331.58749600	
331.58470805	
331.58159863	
331.57827957	
331.57483850	
331.57169322	
331.56827881	
331.56552819	
331.56309780	
331.56014432	
331.55678750	
331.55347368	
331.55038066	
331.54765051	
331.54509549	
331.54221489	
331.53931278	
331.53666200	
331.53372748	
331.53062733	
331.52730380	
331.52381199	
331.52086163	
331.51742468	
331.51426414	
331.51180663	
331.50926272	
331.50678919	
331.50400649	
331.50105539	
331.49802677	
331.49506526	
331.49249115	
331.48921159	
331.48646237	
331.48415258	
331.48101828	
331.47768911	
331.47506555	
331.47238732	
331.46941064	
331.46620754	
331.46318843	
331.46057943	
331.45775621	
331.45466640	
331.45187927	
331.44915555	
331.44634500	
331.44353772	
331.44044548	
331.43735752	
331.43454077	
331.43170738	
331.42865771	
331.42548562	
331.42279190	
331.41964615	
331.41597503	
331.41344567	
331.41058220	
331.40724999	
331.40409000	
331.40079516	
331.39797635	
331.39530392	
331.39202984	
331.38919336	
331.38664499	
331.38409160	
331.38122566	
331.37790710	
331.37513284	
331.37275023	
331.36945378	
331.36635205	
331.36386807	
331.36146426	
331.35830701	
331.35477781	
331.35142836	
331.34826044	
331.34512732	
331.34176687	
331.33860431	
331.33571002	
331.33304438	
331.33004756	
331.32695214	
331.32388973	
331.32060245	
331.31728979	
331.31469000	
331.31158923	
331.30836452	
331.30534566	
331.30185179	
331.29846066	
331.29564343	
331.29254236	
331.28916452	
331.28633105	
331.28359893	
331.28069150	
331.27754834	
331.27427718	
331.27145716	
331.26919752	
331.26624457	
331.26306167	
331.26063970	
331.25786038	
331.25497940	
331.25253922	
331.24981424	
331.24711975	
331.24452347	
331.24189703	
331.23896595	
331.23647118	
331.23331710	
331.23056959	
331.22806945	
331.22486528	
331.22184534	
331.21869738	
331.21608873	
331.21290221	
331.21011278	
331.20785655	
331.20456948	
331.20162279	
331.19867600	
331.19551688	
331.19263190	
331.19018153	
331.18797747	
331.18504361	
331.18192759	
331.17927622	
331.17699314	
331.17405913	
331.17133826	
331.16860398	
331.16570272	
331.16287097	
331.15975580	
331.15680116	
331.15416272	
331.15170459	
331.14860304	
331.14581541	
331.14272384	
331.14015693	
331.13756869	
331.13488703	
331.13250364	
331.12936419	
331.12684184	
331.12386009	
331.12127808	
331.11823663	
331.11523508	
331.11226915	
331.10886771	
331.10589753	
331.10311837	
331.10003679	
331.09672977	
331.09428643	
331.09118461	
331.08807753	
331.08559678	
331.08254029	
331.07983809	
331.07733935	
331.07461117	
331.07160167	
331.06844836	
331.06535525	
331.06287618	
331.06061739	
331.05776006	
331.05466441	
331.05165735	
331.04887247	
331.04583375	
331.04308676	
331.04011712	
331.03734624	
331.03505033	
331.03192327	
331.02861629	
331.02598697	
331.02300657	
331.01978533	
331.01679640	
331.01364670	
331.01075508	
331.00806857	
331.00515254	
331.00268658	
330.99969677	
330.99683143	
330.99387573	
330.99120978	
330.98861485	
330.98530068	
330.98257158	
330.97988190	
330.97690498	
330.97443182	
330.97189378	
330.96906896	
330.96678183	
330.96411008	
330.96154757	
330.95872631	
330.95572257	
330.95271024	
330.94993421	
330.94745091	
330.94470102	
330.94199266	
330.93879407	
330.93577556	
330.93293308	
330.92984033	
330.92697118	
330.92448986	
330.92220803	
330.91989746	
330.91724392	
330.91429116	
330.91172132	
330.90901758	
330.90637693	
330.90344584	
330.90019945	
330.89771710	
330.89512983	
330.89230759	
330.88937970	
330.88683990	
330.88444144	
330.88198637	
330.87974991	
330.87726418	
330.87452393	
330.87156470	
330.86852519	
330.86606550	
330.86339600	
330.86084274	
330.85788700	
330.85466348	
330.85235893	
330.84944959	
330.84692004	
330.84487616	
330.84210820	
330.83967743	
330.83755484	
330.83470121	
330.83184448	
330.82923847	
330.82672405	
330.82456969	
330.82178458	
330.81847965	
330.81561521	
330.81339449	
330.81125175	
330.80814026	
330.80487038	
330.80170055	
330.79848450	
330.79547142	
330.79230903	
330.78920972	
330.78675766	
330.78400619	
330.78168029	
330.77944557	
330.77682504	
330.77411605	
330.77171238	
330.76935378	
330.76658098	
330.76427653	
330.76213994	
330.75953475	
330.75670343	
330.75366062	
330.75099484	
330.74870576	
330.74620200	
330.74344130	
330.74067169	
330.73818801	
330.73511895	
330.73198080	
330.72932626	
330.72722449	
330.72466245	
330.72150369	
330.71902819	
330.71617995	
330.71336395	
330.71072364	
330.70746488	
330.70441957	
330.70192258	
330.69967817	
330.69702390	
330.69400700	
330.69151425	
330.68894059	
330.68630839	
330.68381600	
330.68154500	
330.67946931	
330.67726684	
330.67474072	
330.67166152	
330.66930584	
330.66662246	
330.66387443	
330.66167725	
330.65913322	
330.65624256	
330.65359434	
330.65122179	
330.64908347	
330.64638793	
330.64363800	
330.64069082	
330.63788883	
330.63512930	
330.63245058	
330.62982813	
330.62716236	
330.62466171	
330.62181381	
330.61892197	
330.61614611	
330.61400138	
330.61153665	
330.60876579	
330.60662800	
330.60450408	
330.60192400	
330.59969281	
330.59734891	
330.59448132	
330.59148693	
330.58873222	
330.58615969	
330.58407821	
330.58200068	
330.57992045	
330.57775531	
330.57502100	
330.57235993	
330.57007330	
330.56724808	
330.56407172	
330.56193404	
330.55916107	
330.55675455	
330.55454132	
330.55158259	
330.54932494	
330.54676686	
330.54461186	
330.54213429	
330.53948981	
330.53714658	
330.53499862	
330.53285076	
330.53000147	
330.52711072	
330.52485130	
330.52297943	
330.52046917	
330.51829513	
330.51613927	
330.51403087	
330.51130396	
330.50857577	
330.50660909	
330.50418842	
330.50132182	
330.49908889	
330.49713724	
330.49416764	
330.49143022	
330.48853593	
330.48578499	
330.48335616	
330.48120013	
330.47850783	
330.47592367	
330.47405803	
330.47173186	
330.46886103	
330.46603181	
330.46339331	
330.46066403	
330.45841572	
330.45557441	
330.45278386	
330.45052591	
330.44830783	
330.44590469	
330.44369686	
330.44094964	
330.43844054	
330.43578891	
330.43288430	
330.43079830	
330.42795348	
330.42511069	
330.42233213	
330.42019864	
330.41782547	
330.41501077	
330.41242919	
330.41016526	
330.40747538	
330.40431169	
330.40219179	
330.39993612	
330.39738924	
330.39529054	
330.39317346	
330.39029430	
330.38787055	
330.38536764	
330.38312827	
330.38111246	
330.37897885	
330.37629007	
330.37356757	
330.37091357	
330.36828741	
330.36586343	
330.36334282	
330.36117180	
330.35870118	
330.35623964	
330.35412920	
330.35140071	
330.34856602	
330.34608260	
330.34372912	
330.34106586	
330.33863705	
330.33686288	
330.33411322	
330.33181305	
330.32942699	
330.32691725	
330.32448667	
330.32150813	
330.31903439	
330.31626324	
330.31394698	
330.31149935	
330.30871213	
330.30651939	
330.30420322	
330.30186326	
330.29948796	
330.29688482	
330.29410131	
330.29144510	
330.28874001	
330.28676994	
330.28457874	
330.28240808	
330.27996177	
330.27721643	
330.27482414	
330.27262534	
330.27019400	
330.26752725	
330.26474666	
330.26241675	
330.25998570	
330.25711396	
330.25520220	
330.25331858	
330.25072087	
330.24824510	
330.24574961	
330.24343955	
330.24129411	
330.23886266	
330.23664839	
330.23685154	
330.23881593	
330.24109813	
330.24461373	
330.24882800	
330.25324985	
330.25804993	
330.26335596	
330.26841914	
330.27329195	
330.27833442	
330.28357426	
330.28902395	
330.29424458	
330.30026598	
330.30693203	
330.31293739	
330.31813662	
330.32389376	
330.33022307	
330.33596488	
330.34159643	
330.34757515	
330.35410982	
330.36082179	
330.36719383	
330.37381431	
330.38009956	
330.38582930	
330.39144626	
330.39719064	
330.40351174	
330.40988028	
330.41658104	
330.42340726	
330.43005461	
330.43717550	
330.44369803	
330.44966405	
330.45639713	
330.46375484	
330.47095714	
330.47766978	
330.48394744	
330.48990165	
330.49581317	
330.50259288	
330.50956927	
330.51646279	
330.52309863	
330.52956557	
330.53621672	
330.54308312	
330.54966677	
330.55550699	
330.56194208	
330.56836281	
330.57450852	
330.58052664	
330.58667917	
330.59336660	
330.60033517	
330.60746960	
330.61432572	
330.62076021	
330.62721177	
330.63406705	
330.64066481	
330.64692259	
330.65374679	
330.66083985	
330.66791178	
330.67483759	
330.68135765	
330.68817024	
330.69534567	
330.70229823	
330.70870018	
330.71522933	
330.72177958	
330.72822819	
330.73504434	
330.74203595	
330.74857637	
330.75534551	
330.76256306	
330.76951348	
330.77661218	
330.78335977	
330.78984358	
330.79689712	
330.80369133	
330.81040716	
330.81709275	
330.82380755	
330.83044306	
330.83716582	
330.84432930	
330.85121563	
330.85780158	
330.86438962	
330.87145271	
330.87874821	
330.88569935	
330.89218374	
330.89901049	
330.90620746	
330.91360208	
330.92060826	
330.92740815	
330.93449323	
330.94152737	
330.94811395	
330.95498011	
330.96180761	
330.96801705	
330.97463376	
330.98168619	
330.98890861	
330.99544871	
331.00137163	
331.00787127	
331.01456643	
331.02065273	
331.02714499	
331.03446810	
331.04123585	
331.04750708	
331.05363482	
331.06007001	
331.06673727	
331.07316707	
331.08003542	
331.08674106	
331.09293845	
331.09934823	
331.10553594	
331.11124419	
331.11736139	
331.12377187	
331.13013744	
331.13691158	
331.14372924	
331.15020576	
331.15657634	
331.16337107	
331.17039241	
331.17658757	
331.18236791	
331.18888617	
331.19602224	
331.20300695	
331.21011306	
331.21724248	
331.22365998	
331.22979339	
331.23571784	
331.24145157	
331.24803401	
331.25499551	
331.26171331	
331.26839410	
331.27506126	
331.28154912	
331.28771392	
331.29394949	
331.30008223	
331.30612525	
331.31264798	
331.31923654	
331.32563978	
331.33178414	
331.33834875	
331.34540481	
331.35223653	
331.35858869	
331.36471622	
331.37141882	
331.37799728	
331.38469497	
331.39156329	
331.39769943	
331.40380092	
331.41029149	
331.41650362	
331.42314967	
331.42981354	
331.43566514	
331.44196640	
331.44853268	
331.45476578	
331.46144945	
331.46859341	
331.47526245	
331.48161422	
331.48841736	
331.49523145	
331.50149462	
331.50797454	
331.51508924	
331.52154486	
331.52790384	
331.53494558	
331.54127705	
331.54701681	
331.55272323	
331.55899730	
331.56589196	
331.57250848	
331.57937444	
331.58668794	
331.59331990	
331.59953015	
331.60619087	
331.61253379	
331.61820209	
331.62445211	
331.63075473	
331.63662274	
331.64240373	
331.64788033	
331.65393413	
331.66070142	
331.66764178	
331.67408473	
331.68038013	
331.68644913	
331.69260029	
331.69939071	
331.70604974	
331.71261526	
331.71937245	
331.72573582	
331.73164666	
331.73761190	
331.74402339	
331.75030154	
331.75602009	
331.76212577	
331.76823012	
331.77438455	
331.78118398	
331.78833992	
331.79490089	
331.80118819	
331.80728817	
331.81350071	
331.82027726	
331.82708700	
331.83369566	
331.83994236	
331.84607793	
331.85259450	
331.85890828	
331.86515500	
331.87123579	
331.87724486	
331.88381867	
331.88991573	
331.89579518	
331.90217433	
331.90866456	
331.91527750	
331.92185634	
331.92789805	
331.93421062	
331.94099654	
331.94742852	
331.95361044	
331.96006974	
331.96636286	
331.97283588	
331.97914565	
331.98530929	
331.99214562	
331.99886079	
332.00502237	
332.01151163	
332.01834662	
332.02434200	
332.03035893	
332.03669590	
332.04282606	
332.04872117	
332.05492750	
332.06174116	
332.06826556	
332.07422226	
332.07993491	
332.08576934	
332.09148310	
332.09756790	
332.10386268	
332.10982204	
332.11564156	
332.12162199	
332.12734510	
332.13328256	
332.13965632	
332.14585066	
332.15164603	
332.15719376	
332.16299454	
332.16936993	
332.17560496	
332.18138874	
332.18745910	
332.19354545	
332.19983604	
332.20604964	
332.21248931	
332.21938846	
332.22559484	
332.23097213	
332.23667459	
332.24327979	
332.24980514	
332.25601399	
332.26254074	
332.26876978	
332.27463271	
332.28105128	
332.28707964	
332.29267608	
332.29844121	
332.30390232	
332.31009980	
332.31701968	
332.32306225	
332.32831302	
332.33366631	
332.33979529	
332.34662682	
332.35314195	
332.35950203	
332.36623448	
332.37266550	
332.37835178	
332.38381741	
332.39003977	
332.39660375	
332.40234726	
332.40838826	
332.41441469	
332.41979253	
332.42552564	
332.43154817	
332.43721434	
332.44327389	
332.44949651	
332.45554707	
332.46179173	
332.46801525	
332.47406977	
332.48026873	
332.48705128	
332.49337475	
332.49892230	
332.50478256	
332.51106940	
332.51723701	
332.52309897	
332.52929413	
332.53564678	
332.54132227	
332.54676674	
332.55262965	
332.55891026	
332.56483348	
332.57092758	
332.57746126	
332.58391975	
332.59027488	
332.59601584	
332.60165948	
332.60799490	
332.61469801	
332.62138285	
332.62757813	
332.63351991	
332.63921705	
332.64508869	
332.65089844	
332.65690365	
332.66292036	
332.66844809	
332.67471026	
332.68067098	
332.68584559	
332.69091288	
332.69666390	
332.70306811	
332.70872081	
332.71444974	
332.72099811	
332.72771686	
332.73355890	
332.73881819	
332.74474580	
332.75104894	
332.75709947	
332.76257376	
332.76851804	
332.77437623	
332.77983182	
332.78591663	
332.79206919	
332.79775795	
332.80294469	
332.80877781	
332.81501748	
332.82118336	
332.82700411	
332.83232462	
332.83782552	
332.84305274	
332.84794644	
332.85279745	
332.85804779	
332.86391519	
332.86956832	
332.87545310	
332.88122956	
332.88670195	
332.89215941	
332.89705694	
332.90200489	
332.90782449	
332.91431116	
332.92053163	
332.92675037	
332.93263739	
332.93835649	
332.94468387	
332.95071728	
332.95674353	
332.96272052	
332.96858227	
332.97508623	
332.98153827	
332.98733737	
332.99301470	
332.99909008	
333.00481277	
333.01011695	
333.01598952	
333.02169157	
333.02691962	
333.03269645	
333.03879489	
333.04473390	
333.05076153	
333.05653479	
333.06181355	
333.06761839	
333.07379105	
333.07975466	
333.08525601	
333.09084520	
333.09657242	
333.10180227	
333.10673571	
333.11213010	
333.11785956	
333.12304728	
333.12861282	
333.13484237	
333.14120395	
333.14687100	
333.15218830	
333.15774872	
333.16364741	
333.16994549	
333.17601465	
333.18159478	
333.18720938	
333.19351244	
333.19962722	
333.20561869	
333.21169400	
333.21700698	
333.22187375	
333.22722464	
333.23294159	
333.23883942	
333.24433084	
333.24995110	
333.25605907	
333.26215962	
333.26820420	
333.27414563	
333.27954786	
333.28448589	
333.29031119	
333.29615336	
333.30140819	
333.30656093	
333.31163551	
333.31655392	
333.32157635	
333.32716023	
333.33297958	
333.33893173	
333.34469995	
333.35048993	
333.35656562	
333.36210154	
333.36768246	
333.37333817	
333.37915052	
333.38503492	
333.39066197	
333.39603932	
333.40155686	
333.40768769	
333.41346931	
333.41930186	
333.42537053	
333.43128658	
333.43672856	
333.44192205	
333.44712460	
333.45244768	
333.45785003	
333.46289593	
333.46779476	
333.47295313	
333.47849056	
333.48424918	
333.49021345	
333.49638693	
333.50195347	
333.50719576	
333.51228533	
333.51681260	
333.52148263	
333.52626415	
333.53119927	
333.53690821	
333.54293505	
333.54833731	
333.55320839	
333.55804200	
333.56331387	
333.56867583	
333.57362076	
333.57879418	
333.58465316	
333.59046875	
333.59624868	
333.60167220	
333.60669073	
333.61159253	
333.61628139	
333.62116924	
333.62618546	
333.63160462	
333.63760040	
333.64320464	
333.64860035	
333.65426694	
333.65997005	
333.66538863	
333.67096696	
333.67655232	
333.68140620	
333.68615709	
333.69084957	
333.69597506	
333.70185317	
333.70761729	
333.71275613	
333.71790135	
333.72320710	
333.72828738	
333.73339785	
333.73847862	
333.74348137	
333.74849297	
333.75372332	
333.75926293	
333.76474526	
333.77040298	
333.77574681	
333.78112064	
333.78655463	
333.79131400	
333.79645560	
333.80181215	
333.80728107	
333.81288559	
333.81817332	
333.82306666	
333.82786106	
333.83254956	
333.83769888	
333.84372487	
333.84978036	
333.85500434	
333.85978010	
333.86505693	
333.87068763	
333.87604563	
333.88067599	
333.88554325	
333.89101250	
333.89601241	
333.90098519	
333.90670694	
333.91249390	
333.91774433	
333.92255453	
333.92765056	
333.93289720	
333.93809817	
333.94283160	
333.94715709	
333.95190312	
333.95694464	
333.96236254	
333.96790583	
333.97348711	
333.97886722	
333.98421906	
333.99000273	
333.99579771	
334.00075515	
334.00577420	
334.01119155	
334.01622004	
334.02171191	
334.02717078	
334.03220679	
334.03711264	
334.04210870	
334.04703967	
334.05199580	
334.05682062	
334.06161932	
334.06692815	
334.07195502	
334.07667459	
334.08117087	
334.08542423	
334.09041082	
334.09570274	
334.10016360	
334.10419797	
334.10882433	
334.11362631	
334.11835156	
334.12351150	
334.12864392	
334.13356392	
334.13865404	
334.14403455	
334.14934407	
334.15410235	
334.15841341	
334.16308073	
334.16799584	
334.17290742	
334.17780536	
334.18281919	
334.18741171	
334.19193550	
334.19697797	
334.20210523	
334.20729543	
334.21213660	
334.21662749	
334.22087945	
334.22484733	
334.22889317	
334.23287541	
334.23657834	
334.24064613	
334.24462561	
334.24829375	
334.25192049	
334.25555636	
334.25957890	
334.26408620	
334.26817307	
334.27163550	
334.27557216	
334.28010816	
334.28466563	
334.28903447	
334.29323767	
334.29733258	
334.30104757	
334.30473668	
334.30846510	
334.31163319	
334.31433741	
334.31727446	
334.32010870	
334.32319791	
334.32631964	
334.32914381	
334.33231116	
334.33499654	
334.33688425	
334.33899406	
334.34112677	
334.34253423	
334.34356706	
334.34354191	
334.34306044	
334.34187408	
334.33916202	
334.33459168	
334.33016806	
334.32599336	
334.32135159	
334.31665149	
334.31209614	
334.30789095	
334.30391196	
334.29955985	
334.29532077	
334.29098378	
334.28664827	
334.28224817	
334.27743218	
334.27345349	
334.26951704	
334.26579322	
334.26129541	
334.25696343	
334.25288581	
334.24825645	
334.24377964	
334.23958859	
334.23518391	
334.23125360	
334.22759786	
334.22338341	
334.21876268	
334.21389746	
334.20926915	
334.20489622	
334.20091854	
334.19689855	
334.19318514	
334.18951077	
334.18503462	
334.18090922	
334.17679433	
334.17207357	
334.16806196	
334.16354093	
334.15899698	
334.15444263	
334.14979704	
334.14523553	
334.14114763	
334.13727007	
334.13263971	
334.12816563	
334.12435598	
334.12019458	
334.11583477	
334.11182395	
334.10798729	
334.10428657	
334.10025602	
334.09605652	
334.09218451	
334.08787362	
334.08302932	
334.07849449	
334.07403465	
334.06976575	
334.06530900	
334.06144164	
334.05698566	
334.05282573	
334.04889376	
334.04461956	
334.04090310	
334.03687568	
334.03236774	
334.02769513	
334.02330055	
334.01876383	
334.01436826	
334.00995345	
334.00585390	
334.00199181	
333.99760567	
333.99307028	
333.98873702	
333.98454993	
333.98064649	
333.97700707	
333.97343536	
333.96969582	
333.96582351	
333.96215937	
333.95802858	
333.95345026	
333.94897908	
333.94510821	
333.94114316	
333.93697534	
333.93294078	
333.92890709	
333.92440674	
333.91995312	
333.91593827	
333.91179322	
333.90730092	
333.90295074	
333.89923043	
333.89527363	
333.89077282	
333.88667034	
333.88290340	
333.87854764	
333.87425276	
333.87007660	
333.86579828	
333.86207855	
333.85769904	
333.85330658	
333.84925344	
333.84478019	
333.84039601	
333.83642387	
333.83287797	
333.82868552	
333.82495483	
333.82155286	
333.81773138	
333.81332807	
333.80870901	
333.80475425	
333.80106380	
333.79688252	
333.79232508	
333.78791151	
333.78352959	
333.77936741	
333.77579297	
333.77187980	
333.76807637	
333.76380850	
333.75927663	
333.75546244	
333.75176055	
333.74790703	
333.74336004	
333.73948207	
333.73589360	
333.73233253	
333.72852181	
333.72473115	
333.72051348	
333.71601494	
333.71204134	
333.70784629	
333.70400762	
333.70041976	
333.69689486	
333.69294717	
333.68876345	
333.68503449	
333.68141796	
333.67788117	
333.67414527	
333.67014471	
333.66595666	
333.66218965	
333.65806464	
333.65431057	
333.65094139	
333.64672131	
333.64263450	
333.63847006	
333.63419665	
333.62997357	
333.62643352	
333.62245098	
333.61799950	
333.61380949	
333.60950849	
333.60516124	
333.60106712	
333.59684130	
333.59269283	
333.58876448	
333.58463349	
333.58020628	
333.57643655	
333.57316418	
333.56946118	
333.56533297	
333.56141971	
333.55758220	
333.55389915	
333.54989476	
333.54590409	
333.54186669	
333.53775266	
333.53431387	
333.53056590	
333.52670819	
333.52257264	
333.51816006	
333.51432397	
333.51058993	
333.50636466	
333.50282291	
333.49932353	
333.49547360	
333.49171471	
333.48830378	
333.48438044	
333.48026417	
333.47609084	
333.47160767	
333.46760143	
333.46339740	
333.45965493	
333.45585576	
333.45164876	
333.44766117	
333.44389016	
333.44056032	
333.43699390	
333.43310543	
333.42961147	
333.42616445	
333.42247027	
333.41861587	
333.41499295	
333.41153498	
333.40783460	
333.40375322	
333.39978146	
333.39560367	
333.39141867	
333.38808029	
333.38449868	
333.38070642	
333.37720190	
333.37389562	
333.37042138	
333.36655433	
333.36224569	
333.35792550	
333.35449689	
333.35042005	
333.34665135	
333.34305538	
333.33944241	
333.33633636	
333.33207740	
333.32772984	
333.32422292	
333.32052911	
333.31643655	
333.31311654	
333.30984100	
333.30606627	
333.30238138	
333.29893397	
333.29548867	
333.29157878	
333.28784959	
333.28377720	
333.28014051	
333.27673046	
333.27318262	
333.26942908	
333.26548048	
333.26194275	
333.25779822	
333.25358832	
333.24954347	
333.24602590	
333.24223699	
333.23870687	
333.23478402	
333.23110597	
333.22720335	
333.22278631	
333.21918189	
333.21536105	
333.21152432	
333.20759921	
333.20381633	
333.19999943	
333.19570917	
333.19218235	
333.18849161	
333.18470127	
333.18138013	
333.17801048	
333.17424936	
333.16990536	
333.16567235	
333.16208882	
333.15845127	
333.15430835	
333.15030033	
333.14643831	
333.14322653	
333.13936789	
333.13568603	
333.13189548	
333.12788363	
333.12432430	
333.12068152	
333.11698798	
333.11360037	
333.10959305	
333.10541059	
333.10213799	
333.09879237	
333.09498849	
333.09135813	
333.08807795	
333.08439139	
333.08084942	
333.07745275	
333.07416782	
333.07007901	
333.06588822	
333.06200052	
333.05855587	
333.05541205	
333.05188854	
333.04832411	
333.04501367	
333.04132652	
333.03711029	
333.03308043	
333.02950302	
333.02630554	
333.02300447	
333.01968029	
333.01605470	
333.01239692	
333.00829294	
333.00403537	
332.99997218	
332.99593341	
332.99208909	
332.98803139	
332.98475645	
332.98102383	
332.97705383	
332.97348672	
332.96947068	
332.96611969	
332.96212522	
332.95819706	
332.95463063	
332.95053442	
332.94690650	
332.94337863	
332.94014245	
332.93711308	
332.93395073	
332.93074523	
332.92737842	
332.92368374	
332.92037772	
332.91730977	
332.91366600	
332.90963176	
332.90613349	
332.90265112	
332.89917808	
332.89585786	
332.89249709	
332.88875919	
332.88474232	
332.88075021	
332.87697315	
332.87393995	
332.87069544	
332.86716684	
332.86333685	
332.85949276	
332.85618470	
332.85243973	
332.84854509	
332.84495310	
332.84162893	
332.83808206	
332.83452384	
332.83089896	
332.82731694	
332.82348127	
332.81968460	
332.81587811	
332.81187465	
332.80856948	
332.80532534	
332.80203979	
332.79848431	
332.79485638	
332.79106880	
332.78755021	
332.78417722	
332.78024149	
332.77624393	
332.77295502	
332.76961748	
332.76582788	
332.76202189	
332.75880579	
332.75511549	
332.75108792	
332.74789693	
332.74409862	
332.73987714	
332.73620779	
332.73276014	
332.72952623	
332.72573289	
332.72228724	
332.71853499	
332.71444469	
332.71049763	
332.70667235	
332.70306422	
332.69902835	
332.69554450	
332.69225090	
332.68899598	
332.68587549	
332.68198240	
332.67820887	
332.67434530	
332.67053419	
332.66730705	
332.66383204	
332.66079254	
332.65743331	
332.65362663	
332.65019614	
332.64680253	
332.64326296	
332.63933122	
332.63602647	
332.63292907	
332.62971721	
332.62634829	
332.62319886	
332.62012236	
332.61625778	
332.61248222	
332.60911681	
332.60603240	
332.60220695	
332.59814780	
332.59435406	
332.59039088	
332.58675288	
332.58301518	
332.57926267	
332.57618260	
332.57233613	
332.56843148	
332.56528969	
332.56165155	
332.55770821	
332.55465676	
332.55116525	
332.54733941	
332.54394453	
332.54032454	
332.53713103	
332.53333508	
332.52936779	
332.52622108	
332.52304020	
332.51990696	
332.51677607	
332.51300882	
332.50947283	
332.50704937	
332.50529985	
332.50431687	
332.50367937	
332.50316025	
332.50306769	
332.50303819	
332.50373618	
332.50482659	
332.50561905	
332.50652456	
332.50732903	
332.50877581	
332.51106245	
332.51312477	
332.51526843	
332.51716847	
332.51865512	
332.52039817	
332.52256922	
332.52431455	
332.52624257	
332.52863487	
332.53057931	
332.53272218	
332.53549540	
332.53832422	
332.54049717	
332.54285076	
332.54498724	
332.54679260	
332.54915032	
332.55124729	
332.55361420	
332.55656346	
332.55908739	
332.56183809	
332.56495015	
332.56741694	
332.57018125	
332.57347157	
332.57641796	
332.57936595	
332.58234675	
332.58505555	
332.58778948	
332.59074998	
332.59348797	
332.59594843	
332.59875939	
332.60156710	
332.60387083	
332.60673652	
332.61025800	
332.61362256	
332.61706133	
332.62003985	
332.62279668	
332.62545267	
332.62810161	
332.63141308	
332.63433526	
332.63717454	
332.63998982	
332.64270116	
332.64569525	
332.64887086	
332.65242592	
332.65611620	
332.65978878	
332.66357906	
332.66709713	
332.67015836	
332.67328378	
332.67673089	
332.68046354	
332.68339151	
332.68622437	
332.68980042	
332.69269487	
332.69494540	
332.69789792	
332.70129504	
332.70432420	
332.70687876	
332.70989215	
332.71358479	
332.71694218	
332.72018983	
332.72302159	
332.72579336	
332.72910733	
332.73206636	
332.73513832	
332.73858214	
332.74189282	
332.74515663	
332.74839109	
332.75146311	
332.75462895	
332.75787348	
332.76055317	
332.76358368	
332.76703489	
332.77027343	
332.77336778	
332.77640741	
332.77958636	
332.78239555	
332.78527486	
332.78866245	
332.79178537	
332.79449275	
332.79718263	
332.80028368	
332.80347113	
332.80618992	
332.80884687	
332.81146491	
332.81438205	
332.81685056	
332.81925693	
332.82257310	
332.82560862	
332.82831053	
332.83102596	
332.83386190	
332.83641464	
332.83895486	
332.84165725	
332.84443827	
332.84727838	
332.84991058	
332.85240991	
332.85463448	
332.85639763	
332.85827221	
332.86038068	
332.86276216	
332.86566124	
332.86787588	
332.87022551	
332.87292033	
332.87534907	
332.87725715	
332.87870280	
332.88044171	
332.88191268	
332.88398557	
332.88666650	
332.88849380	
332.89061969	
332.89269388	
332.89387212	
332.89567435	
332.89778474	
332.89958460	
332.90157450	
332.90327591	
332.90457619	
332.90656320	
332.90888938	
332.91061046	
332.91209594	
332.91365961	
332.91542475	
332.91714268	
332.91841137	
332.91996226	
332.92149210	
332.92284971	
332.92480118	
332.92624807	
332.92777915	
332.92915672	
332.93044147	
332.93224413	
332.93405933	
332.93598620	
332.93693664	
332.93816457	
332.93964041	
332.94022400	
332.94154899	
332.94290409	
332.94359697	
332.94512895	
332.94698208	
332.94778955	
332.94795505	
332.94893736	
332.94997721	
332.95048593	
332.95137699	
332.95224281	
332.95291220	
332.95384535	
332.95498226	
332.95562542	
332.95659558	
332.95779243	
332.95867478	
332.96013056	
332.96123550	
332.96157095	
332.96189747	
332.96252512	
332.96338744	
332.96434272	
332.96504509	
332.96609570	
332.96744741	
332.96817786	
332.96870066	
332.96914573	
332.97001505	
332.97066196	
332.97094284	
332.97193615	
332.97294360	
332.97319800	
332.97376984	
332.97434566	
332.97429696	
332.97506065	
332.97625649	
332.97703439	
332.97705188	
332.97683463	
332.97713954	
332.97780531	
332.97826735	
332.97875013	
332.97892591	
332.97949839	
332.98058006	
332.98120332	
332.98195312	
332.98230871	
332.98276443	
332.98360400	
332.98415898	
332.98421297	
332.98432273	
332.98517667	
332.98551782	
332.98540394	
332.98578847	
332.98572506	
332.98529166	
332.98590289	
332.98648357	
332.98697425	
332.98770048	
332.98821443	
332.98908284	
332.98906639	
332.98870968	
332.98865908	
332.98883703	
332.98896551	
332.98901473	
332.98967811	
332.98972387	
332.98957857	
332.98941926	
332.98905877	
332.98901376	
332.98949077	
332.99002525	
332.99033505	
332.99051341	
332.99090348	
332.99174077	
332.99247396	
332.99259652	
332.99261226	
332.99254055	
332.99209756	
332.99171910	
332.99211958	
332.99277792	
332.99241546	
332.99241359	
332.99266473	
332.99303916	
332.99316049	
332.99271136	
332.99230351	
332.99222450	
332.99285134	
332.99357296	
332.99344070	
332.99315394	
332.99352104	
332.99373702	
332.99347959	
332.99353248	
332.99365611	
332.99328284	
332.99301718	
332.99308768	
332.99341564	
332.99388595	
332.99434337	
332.99463803	
332.99441294	
332.99384665	
332.99348565	
332.99370121	
332.99452049	
332.99533888	
332.99537234	
332.99525370	
332.99540682	
332.99567131	
332.99628549	
332.99627663	
332.99566084	
332.99545367	
332.99524879	
332.99560198	
332.99648679	
332.99646085	
332.99630088	
332.99654623	
332.99651860	
332.99642369	
332.99674362	
332.99703392	
332.99689585	
332.99697361	
332.99768510	
332.99757463	
332.99715783	
332.99730024	
332.99769426	
332.99760303	
332.99727325	
332.99753109	
332.99763545	
332.99768853	
332.99801364	
332.99845156	
332.99880524	
332.99921199	
332.99899586	
332.99840306	
332.99794940	
332.99792236	
332.99818151	
332.99793031	
332.99783356	
332.99804182	
332.99801395	
332.99789842	
332.99836255	
332.99915849	
332.99919091	
332.99881463	
332.99861795	
332.99832447	
332.99802049	
332.99821333	
332.99873550	
332.99905078	
332.99875249	
332.99815092	
332.99794043	
332.99783774	
332.99809946	
332.99879183	
332.99893033	
332.99887089	
332.99895004	
332.99861034	
332.99880909	
332.99919716	
332.99884814	
332.99838971	
332.99852003	
332.99848873	
332.99864904	
332.99948854	
332.99986599	
332.99980425	
332.99968653	
333.00013463	
333.00027952	
332.99981068	
332.99966474	
332.99923951	
332.99878566	
332.99905525	
332.99892442	
332.99863534	
332.99900987	
332.99960627	
332.99983159	
332.99929544	
332.99854842	
332.99873530	
332.99894645	
332.99861951	
332.99913380	
332.99990336	
333.00048698	
333.00084968	
333.00110455	
333.00120622	
333.00077113	
333.00093854	
333.00128127	
333.00148255	
333.00194807	
333.00227667	
333.00258822	
333.00254493	
333.00268629	
333.00238352	
333.00147376	
333.00149385	
333.00203638	
333.00207156	
333.00218247	
333.00249185	
333.00216930	
333.00184323	
333.00186318	
333.00179878	
333.00193822	
333.00192008	
333.00179199	
333.00225968	
333.00202634	
333.00182633	
333.00159671	
333.00107399	
333.00104032	
333.00096218	
333.00130006	
333.00133204	
333.00133414	
333.00134850	
333.00075548	
333.00019697	
332.99983496	
332.99952740	
332.99944105	
332.99949783	
332.99931083	
332.99910922	
332.99904552	
332.99933173	
333.00001674	
333.00024998	
332.99991416	
332.99983050	
332.99971119	
332.99996502	
333.00050639	
333.00046090	
333.00054460	
333.00056903	
333.00014437	
333.00001178	
332.99991466	
332.99988256	
333.00039025	
333.00095520	
333.00102752	
333.00046332	
332.99991313	
332.99958463	
332.99904593	
332.99900103	
332.99928114	
332.99938205	
332.99943927	
332.99913837	
332.99857465	
332.99830461	
332.99876272	
332.99927607	
332.99946393	
332.99952505	
332.99925911	
332.99930077	
332.99988234	
332.99988280	
332.99935414	
332.99880680	
332.99887584	
332.99945902	
332.99916778	
332.99850022	
332.99862663	
332.99861039	
332.99849456	
332.99857975	
332.99831102	
332.99822725	
332.99865996	
332.99902471	
332.99894846	
332.99852261	
332.99795434	
332.99787786	
332.99773831	
332.99783961	
332.99845943	
332.99897767	
332.99963995	
332.99971019	
332.99964894	
332.99972904	
332.99981947	
333.00012220	
333.00028988	
333.00070779	
333.00124593	
333.00142492	
333.00165500	
333.00210443	
333.00164178	
333.00126112	
333.00166176	
333.00177239	
333.00204971	
333.00172942	
333.00096077	
333.00043941	
333.00003590	
333.00040900	
333.00065788	
333.00091390	
333.00117099	
333.00080450	
333.00080556	
333.00127738	
333.00101376	
333.00045595	
333.00081990	
333.00146570	
333.00167617	
333.00171169	
333.00185861	
333.00163885	
333.00125348	
333.00148043	
333.00159896	
333.00136498	
333.00153802	
333.00191959	
333.00158310	
333.00112809	
333.00105732	
333.00103314	
333.00106092	
333.00109241	
333.00066004	
332.99979408	
332.99991220	
333.00008068	
332.99962663	
332.99996443	
333.00069143	
333.00050404	
332.99977882	
332.99914025	
332.99898699	
332.99890197	
332.99838761	
332.99829157	
332.99814099	
332.99788456	
332.99822919	
332.99872490	
332.99906025	
332.99927603	
332.99968453	
332.99950433	
332.99881224	
332.99917950	
333.00007291	
333.00068744	
333.00075506	
333.00063358	
333.00049579	
332.99985978	
332.99985233	
332.99970807	
332.99884362	
332.99881102	
332.99888953	
332.99912170	
332.99917718	
332.99902830	
332.99933677	
332.99918672	
332.99908852	
332.99893336	
332.99918370	
332.99952063	
332.99910393	
332.99872871	
332.99875969	
332.99938260	
332.99988430	
332.99967604	
332.99982579	
333.00039713	
333.00054171	
333.00026048	
333.00000390	
333.00016521	
333.00058580	
333.00076702	
333.00018660	
332.99958048	
332.99965920	
333.00004078	
333.00032920	
333.00039707	
333.00074930	
333.00058433	
333.00008140	
332.99963360	
332.99889359	
332.99922682	
332.99976702	
333.00018011	
333.00028480	
332.99970165	
332.99911338	
332.99908887	
332.99901319	
332.99911168	
332.99996269	
333.00000804	
332.99939991	
332.99953723	
333.00002759	
333.00042373	
333.00096458	
333.00119047	
333.00109377	
333.00124826	
333.00174413	
333.00224162	
333.00275674	
333.00313437	
333.00329447	
333.00305173	
333.00249499	
333.00229063	
333.00259105	
333.00228741	
333.00219865	
333.00234401	
333.00194332	
333.00154073	
333.00171699	
333.00238903	
333.00270805	
333.00227597	
333.00209800	
333.00246086	
333.00186289	
333.00158081	
333.00134085	
333.00127541	
333.00173630	
333.00174026	
333.00119661	
333.00049549	
333.00022759	
333.00019225	
333.00025276	
333.00032932	
333.00050825	
333.00023204	
332.99962601	
332.99936864	
332.99962967	
332.99961165	
332.99924848	
332.99873274	
332.99802734	
332.99786080	
332.99776072	
332.99752486	
332.99735605	
332.99784182	
332.99824051	
332.99847844	
332.99904465	
332.99946838	
332.99930792	
332.99902840	
332.99938410	
332.99956511	
332.99928353	
332.99891776	
332.99937737	
332.99970500	
332.99978798	
333.00021004	
333.00009432	
332.99987159	
332.99953016	
332.99886431	
332.99873262	
332.99920185	
332.99909736	
332.99838208	
332.99870094	
332.99903297	
332.99880379	
332.99928697	
332.99961491	
332.99903711	
332.99859192	
332.99822072	
332.99839024	
332.99902042	
332.99891818	
332.99854595	
332.99831613	
332.99862001	
332.99865564	
332.99871673	
332.99888615	
332.99831988	
332.99828943	
332.99903214	
332.99956533	
332.99991040	
332.99996616	
332.99985420	
332.99990064	
332.99954834	
332.99909313	
332.99881274	
332.99844432	
332.99800981	
332.99773519	
332.99784509	
332.99812004	
332.99873413	
332.99942154	
332.99984712	
332.99996409	
333.00003055	
333.00006553	
333.00000640	
333.00007523	
332.99958496	
332.99970852	
333.00009314	
332.99986336	
333.00031089	
333.00066023	
333.00012465	
333.00008316	
332.99987133	
332.99922867	
332.99965047	
333.00008435	
333.00027056	
333.00030598	
332.99987171	
332.99950341	
332.99924291	
332.99884074	
332.99913425	
332.99931284	
332.99859043	
332.99875824	
332.99956441	
332.99936333	
332.99911915	
332.99956990	
333.00000322	
332.99988054	
333.00003475	
333.00006916	
332.99942599	
332.99953339	
333.00021529	
333.00067620	
333.00098509	
333.00118423	
333.00080947	
333.00018455	
333.00031498	
333.00052195	
333.00037089	
332.99996142	
332.99963562	
332.99959469	
332.99912632	
332.99927998	
332.99993532	
333.00008205	
333.00038422	
333.00030740	
333.00036183	
333.00041711	
332.99961848	
332.99965878	
333.00005772	
333.00009739	
333.00050591	
333.00116116	
333.00085516	
333.00080304	
333.00151686	
333.00113851	
333.00080166	
333.00095129	
333.00088844	
333.00133136	
333.00172165	
333.00148093	
333.00167642	
333.00223034	
333.00252324	
333.00293359	
333.00332797	
333.00292533	
333.00266257	
333.00286732	
333.00257165	
333.00232948	
333.00240986	
333.00223302	
333.00151516	
333.00066549	
333.00079178	
333.00141342	
333.00143395	
333.00155639	
333.00173534	
333.00173465	
333.00185213	
333.00159371	
333.00140711	
333.00188709	
333.00185735	
333.00143022	
333.00087750	
333.00056830	
333.00017458	
333.00002920	
332.99993356	
332.99957139	
332.99942921	
332.99909740	
332.99869246	
332.99892889	
332.99935821	
332.99913596	
332.99941677	
332.99966892	
332.99979207	
332.99985319	
333.00002525	
333.00067928	
333.00052121	
333.00040551	
333.00071001	
333.00074256	
333.00055462	
333.00015808	
332.99979110	
332.99958386	
333.00002217	
333.00077881	
333.00103366	
333.00092272	
333.00104618	
333.00094206	
333.00113264	
333.00093999	
333.00053409	
333.00034427	
332.99964834	
332.99957531	
332.99996843	
333.00051357	
333.00030844	
332.99954983	
332.99957039	
332.99960065	
332.99936188	
332.99937405	
332.99968155	
333.00010432	
333.00002223	
332.99988893	
333.00002196	
333.00026673	
333.00024730	
333.00005353	
333.00051370	
333.00108790	
333.00078908	
333.00064571	
333.00095694	
333.00096553	
333.00099196	
333.00053131	
332.99976002	
332.99979952	
332.99983663	
332.99976333	
332.99945247	
332.99923384	
332.99974050	
332.99989875	
333.00022524	
333.00084027	
333.00117619	
333.00082961	
333.00019862	
332.99985927	
332.99961657	
332.99976289	
333.00039197	
333.00102525	
333.00143522	
333.00121533	
333.00118107	
333.00136382	
333.00123946	
333.00087092	
333.00066876	
333.00061310	
333.00035092	
333.00059252	
333.00035878	
333.00033301	
333.00063842	
332.99998089	
332.99933666	
332.99905882	
332.99883397	
332.99895258	
332.99937613	
332.99905381	
332.99896995	
332.99978513	
333.00021089	
332.99994247	
332.99957054	
332.99996831	
332.99981506	
332.99958642	
332.99978368	
333.00009879	
333.00033333	
333.00053328	
333.00071079	
333.00045672	
333.00069954	
333.00122236	
333.00151332	
333.00128969	
333.00082932	
333.00078901	
333.00107661	
333.00080711	
333.00073146	
333.00124538	
333.00175093	
333.00193661	
333.00172282	
333.00135943	
333.00143535	
333.00176331	
333.00181303	
333.00131465	
333.00038670	
333.00026243	
333.00075605	
333.00097679	
333.00115197	
333.00164119	
333.00126754	
333.00041739	
332.99998499	
332.99946763	
332.99962124	
333.00009224	
333.00013035	
332.99991777	
332.99957748	
332.99913271	
332.99926488	
333.00004649	
333.00016270	
333.00003664	
333.00039910	
333.00043584	
332.99990516	
333.00007161	
333.00042440	
333.00021527	
333.00057526	
333.00052049	
332.99967778	
332.99912479	
332.99930986	
332.99942167	
332.99889918	
332.99885316	
332.99922285	
332.99950764	
333.00005648	
333.00013849	
332.99965773	
332.99985855	
332.99983745	
332.99935794	
332.99937442	
332.99965464	
332.99926308	
332.99865769	
332.99858126	
332.99870419	
332.99849383	
332.99851973	
332.99842839	
332.99808349	
332.99786573	
332.99734896	
332.99688529	
332.99701384	
332.99764141	
332.99832806	
332.99860564	
332.99877401	
332.99902929	
332.99936650	
332.99947576	
332.99890601	
332.99897309	
332.99922811	
332.99894488	
332.99893001	
332.99920309	
332.99927471	
332.99907831	
332.99919013	
332.99988947	
332.99997715	
332.99999925	
333.00007017	
332.99949729	
332.99917070	
332.99909058	
332.99945901	
332.99995195	
333.00000704	
332.99971422	
332.99939050	
332.99922382	
332.99932727	
332.99930859	
332.99865995	
332.99878230	
332.99928922	
332.99890752	
332.99906748	
332.99908410	
332.99844220	
332.99834213	
332.99847648	
332.99840450	
332.99813430	
332.99785270	
332.99796290	
332.99832747	
332.99866331	
332.99879083	
332.99878448	
332.99914458	
332.99911923	
332.99856756	
332.99878406	
332.99931277	
332.99920514	
332.99922689	
332.99901922	
332.99865897	
332.99854996	
332.99838096	
332.99841261	
332.99870512	
332.99843378	
332.99856245	
332.99866220	
332.99817800	
332.99867256	
332.99873083	
332.99812974	
332.99782926	
332.99826804	
332.99889713	
332.99902287	
332.99875585	
332.99892085	
332.99962230	
332.99987792	
332.99957915	
332.99940179	
332.99923504	
332.99861650	
332.99870106	
332.99876774	
332.99893569	
332.99908559	
332.99884274	
332.99877543	
332.99876231	
332.99899653	
332.99868030	
332.99798439	
332.99790863	
332.99820843	
332.99846334	
332.99865576	
332.99841298	
332.99817249	
332.99804782	
332.99805828	
332.99796580	
332.99820172	
332.99886790	
332.99910666	
332.99922801	
332.99937786	
332.99960306	
332.99944198	
332.99884333	
332.99834779	
332.99804342	
332.99782175	
332.99785202	
332.99799371	
332.99778302	
332.99746928	
332.99712739	
332.99673848	
332.99650703	
332.99702874	
332.99804527	
332.99866813	
332.99886248	
332.99898428	
332.99922789	
332.99888382	
332.99824393	
332.99779537	
332.99756271	
332.99786597	
332.99842748	
332.99824902	
332.99804765	
332.99796835	
332.99803232	
332.99797658	
332.99813477	
332.99857163	
332.99897117	
332.99928162	
332.99924386	
332.99969395	
333.00023828	
333.00039120	
332.99996235	
333.00021035	
333.00014175	
332.99961129	
332.99960757	
332.99918037	
332.99911963	
332.99931530	
332.99933891	
332.99944552	
332.99927791	
332.99878787	
332.99910033	
332.99951289	
332.99945661	
332.99940567	
332.99969189	
333.00054076	
333.00105417	
333.00065583	
332.99996216	
333.00024635	
333.00083112	
333.00120266	
333.00140605	
333.00170339	
333.00157119	
333.00088598	
333.00088075	
333.00116761	
333.00130870	
333.00123439	
333.00098142	
333.00078618	
333.00052064	
333.00082042	
333.00085264	
333.00039386	
333.00005571	
332.99986704	
332.99994295	
333.00029265	
333.00017665	
332.99971372	
333.00012136	
333.00049534	
333.00074560	
333.00137669	
333.00173072	
333.00165472	
333.00141160	
333.00086226	
333.00100368	
333.00159753	
333.00206496	
333.00255544	
333.00280955	
333.00257312	
333.00213657	
333.00229555	
333.00219743	
333.00208858	
333.00225549	
333.00243980	
333.00240486	
333.00217472	
333.00252528	
333.00302457	
333.00295646	
333.00219071	
333.00168024	
333.00157456	
333.00173320	
333.00164800	
333.00113920	
333.00113288	
333.00163361	
333.00191384	
333.00212343	
333.00250436	
333.00225808	
333.00235355	
333.00233482	
333.00149490	
333.00159167	
333.00166652	
333.00149020	
333.00179993	
333.00197874	
333.00167853	
333.00140376	
333.00124684	
333.00057627	
333.00065777	
333.00058140	
332.99976286	
332.99965087	
333.00011198	
333.00046974	
333.00057467	
333.00085487	
333.00051283	
333.00017743	
332.99995653	
333.00001680	
333.00034135	
333.00004478	
333.00039567	
333.00088438	
333.00046253	
333.00005427	
333.00032655	
333.00083633	
333.00069333	
333.00006631	
333.00003643	
332.99990284	
332.99984756	
333.00026817	
333.00038750	
333.00050184	
333.00052269	
333.00032810	
333.00052791	
333.00034042	
333.00016471	
333.00066527	
333.00125320	
333.00132107	
333.00112362	
333.00069144	
332.99999706	
332.99983624	
333.00024896	
333.00018206	
333.00007568	
333.00005553	
332.99956867	
332.99951359	
332.99950558	
332.99914941	
332.99903520	
332.99923065	
332.99926045	
332.99929319	
332.99916801	
332.99944108	
332.99976193	
332.99958128	
332.99998772	
333.00014873	
333.00019942	
333.00026032	
332.99956036	
332.99953956	
332.99968125	
332.99953484	
332.99954808	
332.99913894	
332.99927999	
332.99983333	
333.00010401	
333.00057118	
333.00029194	
332.99984368	
332.99956046	
332.99975419	
333.00001445	
332.99964186	
332.99919873	
332.99938259	
332.99955251	
332.99889047	
332.99847563	
332.99839808	
332.99813836	
332.99793386	
332.99841816	
332.99898631	
332.99914308	
332.99934669	
332.99907542	
332.99828234	
332.99846852	
332.99864338	
332.99844699	
332.99826336	
332.99787905	
332.99809578	
332.99826247	
332.99818956	
332.99851403	
332.99848096	
332.99815781	
332.99818137	
332.99826646	
332.99827581	
332.99876210	
332.99910475	
332.99873903	
332.99827702	
332.99800924	
332.99834421	
332.99871283	
332.99916206	
332.99913660	
332.99839030	
332.99802098	
332.99772905	
332.99754592	
332.99746723	
332.99740995	
332.99723205	
332.99707389	
332.99771281	
332.99790113	
332.99760214	
332.99760096	
332.99737865	
332.99749306	
332.99823619	
332.99842785	
332.99867965	
332.99944787	
332.99920064	
332.99902381	
332.99911484	
332.99917184	
332.99942803	
332.99921004	
332.99882313	
332.99858145	
332.99856032	
332.99899365	
332.99977989	
333.00014095	
333.00020724	
333.00076509	
333.00107778	
333.00056560	
333.00001985	
333.00032772	
333.00098724	
333.00065751	
333.00000406	
332.99981263	
332.99980019	
333.00028481	
333.00083677	
333.00089953	
333.00069593	
333.00069423	
333.00043758	
333.00044709	
333.00114689	
333.00100984	
333.00057749	
333.00043717	
333.00056959	
333.00036448	
333.00027320	
333.00088318	
333.00106184	
333.00057072	
333.00018019	
333.00034971	
333.00042643	
333.00041235	
333.00089638	
333.00119787	
333.00106770	
333.00099697	
333.00089316	
333.00118839	
333.00155617	
333.00142436	
333.00102553	
333.00059190	
333.00043306	
333.00094827	
333.00122180	
333.00087048	
333.00118318	
333.00165790	
333.00185748	
333.00203380	
333.00164546	
333.00114220	
333.00107667	
333.00102670	
333.00128169	
333.00115512	
333.00088917	
333.00081872	
333.00092377	
333.00123133	
333.00091603	
333.00037666	
332.99973357	
332.99978609	
332.99990735	
333.00020618	
333.00017216	
332.99973361	
333.00013927	
333.00049631	
333.00006472	
332.99949902	
332.99919303	
332.99943726	
332.99960203	
332.99941800	
332.99996377	
333.00001436	
332.99959986	
333.00003243	
333.00004487	
333.00002621	
332.99999631	
332.99937746	
332.99892505	
332.99922292	
333.00017058	
333.00009817	
332.99977658	
333.00018302	
333.00014599	
332.99955284	
332.99942250	
332.99996176	
333.00032871	
333.00025813	
333.00039743	
333.00050883	
333.00047050	
333.00087786	
333.00085337	
333.00015310	
333.00030270	
333.00077397	
333.00074211	
333.00111101	
333.00124150	
333.00077854	
333.00070004	
333.00023640	
332.99995254	
333.00046746	
333.00111714	
333.00137846	
333.00091776	
333.00055476	
333.00056667	
333.00060205	
333.00097380	
333.00140204	
333.00098729	
333.00076360	
333.00131376	
333.00104283	
333.00064362	
333.00027793	
332.99982864	
332.99958423	
332.99956294	
332.99949049	
332.99950166	
332.99958082	
332.99983310	
333.00028664	
332.99990732	
332.99978138	
332.99976214	
332.99929102	
332.99946477	
333.00013247	
332.99981127	
332.99968166	
333.00031099	
333.00064365	
333.00097294	
333.00115992	
333.00101171	
333.00046626	
333.00035153	
333.00094272	
333.00124136	
333.00096543	
333.00022682	
333.00011476	
333.00053144	
333.00089529	
333.00075284	
333.00048359	
333.00038355	
332.99979926	
332.99976046	
333.00004615	
333.00051741	
333.00054394	
333.00010636	
332.99978939	
332.99995138	
333.00077272	
333.00114374	
333.00113412	
333.00079360	
333.00073935	
333.00048659	
333.00039704	
333.00021308	
333.00013318	
333.00081264	
333.00091297	
333.00070462	
333.00078027	
333.00105739	
333.00059275	
332.99977708	
332.99941713	
332.99938647	
332.99954831	
332.99989591	
333.00013576	
332.99992770	
332.99937961	
332.99927517	
332.99967902	
333.00003778	
332.99985356	
332.99998418	
332.99999435	
332.99931281	
332.99940488	
332.99994660	
333.00048705	
333.00022121	
332.99957271	
332.99946056	
332.99945222	
332.99974780	
333.00023727	
332.99996193	
332.99990070	
333.00052605	
333.00085911	
333.00123950	
333.00135001	
333.00111249	
333.00076866	
333.00096020	
333.00114190	
333.00072477	
333.00078095	
333.00104475	
333.00139648	
333.00189078	
333.00173028	
333.00153896	
333.00146606	
333.00109854	
333.00076868	
333.00063725	
333.00112753	
333.00173805	
333.00142519	
333.00105606	
333.00095948	
