325.09427581	
325.09391574	
325.09386735	
325.09420118	
325.09394279	
325.09395126	
325.09397134	
325.09415819	
325.09460594	
325.09502619	
325.09531249	
325.09486800	
325.09459842	
325.09462340	
325.09460397	
325.09446421	
325.09430823	
325.09395427	
325.09408412	
325.09446006	
325.09403673	
325.09416855	
325.09464680	
325.09486629	
325.09492848	
325.09447101	
325.09426169	
325.09400127	
325.09338539	
325.09304825	
325.09337191	
325.09350133	
325.09377317	
325.09360525	
325.09307738	
325.09343552	
325.09387227	
325.09386588	
325.09401824	
325.09455126	
325.09481900	
325.09514424	
325.09557386	
325.09537199	
325.09528195	
325.09575749	
325.09549561	
325.09530339	
325.09532961	
325.09557381	
325.09598239	
325.09635317	
325.09667849	
325.09638191	
325.09653556	
325.09656756	
325.09601963	
325.09605543	
325.09568165	
325.09597539	
325.09646771	
325.09663221	
325.09625560	
325.09620410	
325.09619446	
325.09600263	
325.09614413	
325.09568091	
325.09517315	
325.09536725	
325.09577668	
325.09532205	
325.09554666	
325.09608814	
325.09636028	
325.09644112	
325.09672744	
325.09703178	
325.09723219	
325.09751299	
325.09737843	
325.09688956	
325.09715200	
325.09756172	
325.09722249	
325.09734499	
325.09736401	
325.09726189	
325.09764396	
325.09779339	
325.09787387	
325.09763310	
325.09783978	
325.09845252	
325.09820939	
325.09816354	
325.09800221	
325.09762995	
325.09784393	
325.09798496	
325.09757599	
325.09759678	
325.09810923	
325.09812033	
325.09828596	
325.09883626	
325.09852529	
325.09795454	
325.09782040	
325.09808163	
325.09785063	
325.09798739	
325.09804733	
325.09739307	
325.09708298	
325.09674535	
325.09651713	
325.09689477	
325.09657986	
325.09587539	
325.09582706	
325.09578563	
325.09555744	
325.09543992	
325.09533681	
325.09478466	
325.09505084	
325.09470868	
325.09464293	
325.09499153	
325.09437030	
325.09397283	
325.09358895	
325.09349494	
325.09318634	
325.09338588	
325.09314735	
325.09256701	
325.09254165	
325.09225072	
325.09252247	
325.09231126	
325.09212038	
325.09216711	
325.09197814	
325.09216342	
325.09200220	
325.09231366	
325.09286985	
325.09234765	
325.09223575	
325.09200879	
325.09134633	
325.09147725	
325.09145237	
325.09108250	
325.09067688	
325.09091767	
325.09126427	
325.09095580	
325.09126061	
325.09092982	
325.09065029	
325.09105581	
325.09064405	
325.09058145	
325.09102674	
325.09100243	
325.09118895	
325.09160322	
325.09141257	
325.09106197	
325.09116087	
325.09094136	
325.09087659	
325.09072851	
325.09024371	
325.09041184	
325.09012698	
325.09026813	
325.08999495	
325.08924360	
325.08891897	
325.08901908	
325.08931262	
325.08876561	
325.08832191	
325.08782352	
325.08775556	
325.08763500	
325.08759962	
325.08771988	
325.08781909	
325.08794114	
325.08824890	
325.08851696	
325.08803030	
325.08771036	
325.08776980	
325.08749917	
325.08756326	
325.08786170	
325.08735654	
325.08709256	
325.08741889	
325.08740410	
325.08715809	
325.08746808	
325.08710240	
325.08683860	
325.08670403	
325.08640166	
325.08598365	
325.08584896	
325.08617712	
325.08656332	
325.08708209	
325.08689898	
325.08719792	
325.08712180	
325.08649938	
325.08647705	
325.08644854	
325.08681162	
325.08732015	
325.08775368	
325.08778670	
325.08762489	
325.08765715	
325.08731094	
325.08746341	
325.08725576	
325.08692142	
325.08686766	
325.08652532	
325.08669492	
325.08659187	
325.08658482	
325.08669031	
325.08702645	
325.08760970	
325.08738301	
325.08714040	
325.08731294	
325.08708363	
325.08692040	
325.08653634	
325.08666391	
325.08735315	
325.08699951	
325.08675448	
325.08698789	
325.08668375	
325.08611483	
325.08643925	
325.08681235	
325.08697131	
325.08746271	
325.08753922	
325.08764774	
325.08795046	
325.08781580	
325.08780808	
325.08788859	
325.08808984	
325.08812459	
325.08840579	
325.08896931	
325.08873244	
325.08817813	
325.08824198	
325.08820050	
325.08803164	
325.08773760	
325.08774720	
325.08777598	
325.08731652	
325.08759725	
325.08807064	
325.08820780	
325.08852153	
325.08899567	
325.08929983	
325.08964220	
325.08969562	
325.08992392	
325.08999344	
325.08967896	
325.08924513	
325.08955198	
325.08934935	
325.08873222	
325.08873493	
325.08817283	
325.08778276	
325.08772703	
325.08780915	
325.08749061	
325.08718016	
325.08683759	
325.08704056	
325.08685347	
325.08644696	
325.08692204	
325.08733567	
325.08782114	
325.08823002	
325.08836179	
325.08843934	
325.08892830	
325.08944270	
325.08934019	
325.08882212	
325.08885986	
325.08917491	
325.08906340	
325.08856879	
325.08863791	
325.08895775	
325.08920522	
325.08943623	
325.08910033	
325.08894770	
325.08879071	
325.08856980	
325.08871647	
325.08905081	
325.08878001	
325.08841238	
325.08843919	
325.08827012	
325.08869949	
325.08899599	
325.08892993	
325.08854070	
325.08815304	
325.08791376	
325.08743852	
325.08782669	
325.08839042	
325.08830482	
325.08831896	
325.08855438	
325.08835301	
325.08860978	
325.08858504	
325.08816768	
325.08854123	
325.08889722	
325.08859965	
325.08798224	
325.08802826	
325.08824928	
325.08832370	
325.08823435	
325.08769244	
325.08758263	
325.08723618	
325.08692868	
325.08725308	
325.08769009	
325.08757486	
325.08716348	
325.08733446	
325.08705760	
325.08669739	
325.08630641	
325.08612611	
325.08663328	
325.08647037	
325.08615821	
325.08634434	
325.08635173	
325.08644873	
325.08660017	
325.08675627	
325.08641730	
325.08634916	
325.08670863	
325.08640927	
325.08669943	
325.08718408	
325.08732181	
325.08705600	
325.08642964	
325.08681245	
325.08651303	
325.08646341	
325.08714932	
325.08695762	
325.08723610	
325.08739475	
325.08705173	
325.08654702	
325.08649850	
325.08696028	
325.08676760	
325.08676566	
325.08711360	
325.08687865	
325.08669759	
325.08654480	
325.08684710	
325.08698461	
325.08648803	
325.08624783	
325.08579712	
325.08591881	
325.08589431	
325.08525857	
325.08471170	
325.08498246	
325.08540234	
325.08540690	
325.08587910	
325.08621334	
325.08606955	
325.08629646	
325.08679588	
325.08682291	
325.08720220	
325.08766527	
325.08810918	
325.08852068	
325.08852016	
325.08820028	
325.08798757	
325.08838201	
325.08873030	
325.08840730	
325.08797803	
325.08803652	
325.08802466	
325.08782498	
325.08815547	
325.08840110	
325.08843800	
325.08811317	
325.08779211	
325.08815468	
325.08841875	
325.08869534	
325.08852214	
325.08791508	
325.08805056	
325.08833174	
325.08864011	
325.08914104	
325.08945260	
325.08953071	
325.08987504	
325.09035754	
325.09064970	
325.09048104	
325.09028322	
325.09069216	
325.09100181	
325.09140734	
325.09107689	
325.09086766	
325.09123288	
325.09142947	
325.09144680	
325.09130455	
325.09143892	
325.09102328	
325.09122505	
325.09187590	
325.09173714	
325.09203439	
325.09223383	
325.09190048	
325.09147971	
325.09179440	
325.09164489	
325.09092294	
325.09100412	
325.09105992	
325.09106743	
325.09152865	
325.09149364	
325.09098342	
325.09096385	
325.09122921	
325.09102964	
325.09078409	
325.09036659	
325.08967615	
325.08988099	
325.08951472	
325.08927995	
325.08892353	
325.08864611	
325.08871314	
325.08861251	
325.08891823	
325.08860631	
325.08887165	
325.08862392	
325.08854118	
325.08843677	
325.08822170	
325.08878090	
325.08856249	
325.08807310	
325.08777261	
325.08797549	
325.08756831	
325.08698122	
325.08741421	
325.08787840	
325.08790870	
325.08783948	
325.08789697	
325.08783459	
325.08815437	
325.08864261	
325.08871251	
325.08835455	
325.08834389	
325.08871430	
325.08853563	
325.08884832	
325.08871977	
325.08836419	
325.08854564	
325.08839681	
325.08830926	
325.08781856	
325.08731633	
325.08760182	
325.08795731	
325.08814129	
325.08829521	
325.08803038	
325.08784859	
325.08805379	
325.08806573	
325.08793746	
325.08802942	
325.08781864	
325.08812821	
325.08849716	
325.08794902	
325.08772066	
325.08774401	
325.08800593	
325.08793336	
325.08787897	
325.08772041	
325.08728938	
325.08698384	
325.08711234	
325.08707258	
325.08726825	
325.08754600	
325.08772699	
325.08748988	
325.08737436	
325.08779636	
325.08773940	
325.08822998	
325.08784529	
325.08767163	
325.08822123	
325.08838513	
325.08839090	
325.08791772	
325.08805698	
325.08859313	
325.08814770	
325.08749814	
325.08702868	
325.08729324	
325.08765836	
325.08720343	
325.08749987	
325.08760691	
325.08715577	
325.08739141	
325.08737424	
325.08697042	
325.08705236	
325.08670658	
325.08640506	
325.08622966	
325.08610324	
325.08662199	
325.08684205	
325.08701940	
325.08674718	
325.08661918	
325.08627349	
325.08563844	
325.08606552	
325.08663833	
325.08712915	
325.08729417	
325.08719699	
325.08731504	
325.08766938	
325.08790400	
325.08824306	
325.08865399	
325.08905561	
325.08902375	
325.08897739	
325.08887989	
325.08882703	
325.08896220	
325.08899546	
325.08891533	
325.08882609	
325.08884140	
325.08890119	
325.08923935	
325.08874151	
325.08821425	
325.08801087	
325.08820701	
325.08850743	
325.08870847	
325.08875197	
325.08820419	
325.08791392	
325.08760020	
325.08729615	
325.08722495	
325.08680188	
325.08672102	
325.08716050	
325.08730117	
325.08682134	
325.08687784	
325.08714010	
325.08679576	
325.08645459	
325.08608081	
325.08646542	
325.08633095	
325.08624382	
325.08670160	
325.08665980	
325.08690246	
325.08681179	
325.08652628	
325.08645960	
325.08663777	
325.08669686	
325.08697928	
325.08670788	
325.08602023	
325.08642353	
325.08678572	
325.08634906	
325.08601003	
325.08639379	
325.08661922	
325.08629255	
325.08659864	
325.08702661	
325.08653370	
325.08626000	
325.08626602	
325.08583194	
325.08600424	
325.08597497	
325.08531553	
325.08526116	
325.08538342	
325.08513967	
325.08497295	
325.08534788	
325.08497688	
325.08486106	
325.08476944	
325.08439801	
325.08438543	
325.08387692	
325.08375469	
325.08383276	
325.08332631	
325.08279680	
325.08249209	
325.08244682	
325.08250052	
325.08235950	
325.08236879	
325.08275129	
325.08299717	
325.08258296	
325.08289025	
325.08311193	
325.08326920	
325.08335429	
325.08350787	
325.08369493	
325.08347150	
325.08345170	
325.08328662	
325.08335559	
325.08291137	
325.08302163	
325.08343778	
325.08356109	
325.08398153	
325.08366250	
325.08359918	
325.08336218	
325.08330421	
325.08345469	
325.08341848	
325.08342050	
325.08374222	
325.08357794	
325.08314377	
325.08360760	
325.08322902	
325.08336078	
325.08391567	
325.08357884	
325.08313516	
325.08352472	
325.08372314	
325.08324054	
325.08355444	
325.08365915	
325.08325494	
325.08305941	
325.08333957	
325.08381323	
325.08356212	
325.08325880	
325.08296165	
325.08323510	
325.08369101	
325.08346418	
325.08348871	
325.08370292	
325.08337412	
325.08327581	
325.08311348	
325.08298646	
325.08330364	
325.08370937	
325.08428214	
325.08393838	
325.08330047	
325.08306777	
325.08342124	
325.08352841	
325.08352954	
325.08327675	
325.08350885	
325.08332308	
325.08277921	
325.08284461	
325.08282244	
325.08322823	
325.08300744	
325.08273079	
325.08242457	
325.08266147	
325.08313955	
325.08333000	
325.08305662	
325.08308366	
325.08310660	
325.08289568	
325.08288152	
325.08253350	
325.08271487	
325.08282461	
325.08286327	
325.08246830	
325.08221080	
325.08257100	
325.08299441	
325.08319932	
325.08295955	
325.08298890	
325.08312044	
325.08314320	
325.08266408	
325.08288179	
325.08318055	
325.08258264	
325.08234222	
325.08228107	
325.08236188	
325.08257279	
325.08271155	
325.08307427	
325.08297875	
325.08247731	
325.08200390	
325.08144196	
325.08103316	
325.08079298	
325.08047611	
325.08048387	
325.08029364	
325.07989979	
325.08009810	
325.07988184	
325.07973745	
325.07995015	
325.07986174	
325.07947546	
325.07949583	
325.07957592	
325.07984896	
325.07990466	
325.07938543	
325.07889328	
325.07856784	
325.07837682	
325.07809989	
325.07769362	
325.07732296	
325.07728602	
325.07744365	
325.07729415	
325.07757256	
325.07739159	
325.07736288	
325.07790697	
325.07759464	
325.07774575	
325.07806470	
325.07836003	
325.07801219	
325.07820788	
325.07862994	
325.07859784	
325.07908399	
325.07958746	
325.08002941	
325.07963071	
325.07923203	
325.07971627	
325.07985740	
325.07941022	
325.07960909	
325.08001278	
325.08010791	
325.08057092	
325.08097961	
325.08120476	
325.08099319	
325.08111946	
325.08101357	
325.08109532	
325.08086924	
325.08066978	
325.08125984	
325.08140219	
325.08101617	
325.08065475	
325.08065606	
325.08020874	
325.08047957	
325.08104159	
325.08142023	
325.08108363	
325.08071987	
325.08071271	
325.08096755	
325.08075849	
325.08011307	
325.08026900	
325.08058546	
325.08090190	
325.08138997	
325.08118115	
325.08128552	
325.08178337	
325.08183775	
325.08154375	
325.08173881	
325.08176832	
325.08127013	
325.08179397	
325.08231788	
325.08284350	
325.08254396	
325.08248153	
325.08238656	
325.08173305	
325.08147977	
325.08159873	
325.08213260	
325.08178122	
325.08164523	
325.08187880	
325.08173173	
325.08174778	
325.08167045	
325.08154410	
325.08149923	
325.08129725	
325.08142439	
325.08191068	
325.08216249	
325.08242315	
325.08204583	
325.08206965	
325.08193390	
325.08185637	
325.08248213	
325.08226830	
325.08262214	
325.08300536	
325.08244006	
325.08188526	
325.08196117	
325.08219731	
325.08225347	
325.08203673	
325.08213133	
325.08196095	
325.08170963	
325.08151128	
325.08165714	
325.08172050	
325.08130963	
325.08137686	
325.08144809	
325.08135072	
325.08076618	
325.08073955	
325.08060173	
325.08021949	
325.08033513	
325.07997428	
325.08010355	
325.08056006	
325.08062879	
325.08054033	
325.08050481	
325.08093467	
325.08107862	
325.08070365	
325.08046149	
325.08040111	
325.08072717	
325.08113829	
325.08071838	
325.08076921	
325.08089304	
325.08048395	
325.08009660	
325.08030244	
325.08031111	
325.08015995	
325.08037479	
325.08074682	
325.08113396	
325.08087708	
325.08072822	
325.08050417	
325.08076755	
325.08086047	
325.08046342	
325.08084921	
325.08137829	
325.08141107	
325.08169961	
325.08173059	
325.08141581	
325.08187509	
325.08181229	
325.08208107	
325.08271549	
325.08242466	
325.08243450	
325.08246259	
325.08210223	
325.08180653	
325.08180881	
325.08139986	
325.08085062	
325.08046789	
325.08019016	
325.07999231	
325.07989402	
325.08024822	
325.08013813	
325.07954630	
325.07982434	
325.07992094	
325.07998166	
325.08033073	
325.08040465	
325.08075004	
325.08120620	
325.08113913	
325.08057815	
325.08022095	
325.08034698	
325.08070808	
325.08076736	
325.08116014	
325.08097186	
325.08091215	
325.08109787	
325.08058382	
325.08010278	
325.08007439	
325.08050255	
325.08017931	
325.08033479	
325.08090063	
325.08040085	
325.08039356	
325.08019202	
325.08004883	
325.07992541	
325.07985140	
325.08005484	
325.08026327	
325.07997204	
325.07954977	
325.07976109	
325.07982096	
325.08011533	
325.08051414	
325.08061798	
325.08070358	
325.08105715	
325.08078479	
325.08045767	
325.08063926	
325.08078889	
325.08113966	
325.08134182	
325.08155253	
325.08154849	
325.08093875	
325.08074107	
325.08034111	
325.08041159	
325.08031171	
325.07997925	
325.07998890	
325.07948552	
325.07911887	
325.07907771	
325.07893714	
325.07897937	
325.07942933	
325.07938864	
325.07966908	
325.08000089	
325.07985322	
325.07939747	
325.07949661	
325.07950887	
325.07925513	
325.07936987	
325.07916897	
325.07869136	
325.07851795	
325.07856159	
325.07865187	
325.07867373	
325.07813953	
325.07793025	
325.07788844	
325.07795426	
325.07783371	
325.07727204	
325.07671213	
325.07645647	
325.07599326	
325.07629324	
325.07624931	
325.07586011	
325.07574353	
325.07535674	
325.07578296	
325.07596428	
325.07634098	
325.07651601	
325.07667368	
325.07697515	
325.07726699	
325.07698527	
325.07674649	
325.07673668	
325.07656343	
325.07631679	
325.07652870	
325.07635958	
325.07641345	
325.07640557	
325.07643303	
325.07702482	
325.07638128	
325.07671927	
325.07722512	
325.07737079	
325.07720137	
325.07709793	
325.07680999	
325.07709067	
325.07715316	
325.07649329	
325.07679409	
325.07671767	
325.07616405	
325.07601629	
325.07581519	
325.07596070	
325.07616184	
325.07565472	
325.07537976	
325.07495307	
325.07516164	
325.07561252	
325.07589076	
325.07601408	
325.07596912	
325.07559483	
325.07495198	
325.07488380	
325.07455676	
325.07429123	
325.07391726	
325.07348570	
325.07360019	
325.07337145	
325.07304575	
325.07290410	
325.07321457	
325.07340506	
325.07346137	
325.07391266	
325.07363162	
325.07363065	
325.07419571	
325.07443158	
325.07470585	
325.07523120	
325.07485420	
325.07473149	
325.07527614	
325.07552499	
325.07548573	
325.07520334	
325.07514748	
325.07491057	
325.07478778	
325.07463245	
325.07456859	
325.07452736	
325.07453969	
325.07413184	
325.07343789	
325.07388140	
325.07434023	
325.07388039	
325.07361714	
325.07382809	
325.07369350	
325.07372921	
325.07356794	
325.07355786	
325.07388488	
325.07413703	
325.07407333	
325.07354877	
325.07365444	
325.07356337	
325.07355565	
325.07400230	
325.07401122	
325.07380263	
325.07377929	
325.07410687	
325.07380618	
325.07316136	
325.07322028	
325.07348370	
325.07364036	
325.07328860	
325.07329683	
325.07296964	
325.07274195	
325.07325284	
325.07364604	
325.07346486	
325.07286022	
325.07278702	
325.07320501	
325.07319527	
325.07314380	
325.07358847	
325.07333391	
325.07326289	
325.07367075	
325.07375828	
325.07390615	
325.07397477	
325.07433448	
325.07455948	
325.07448544	
325.07423978	
325.07413161	
325.07467283	
325.07463374	
325.07410213	
325.07417861	
325.07400770	
325.07349340	
325.07331858	
325.07311704	
325.07357664	
325.07387971	
325.07349283	
325.07293854	
325.07274278	
325.07266510	
325.07302597	
325.07338971	
325.07311400	
325.07313270	
325.07337749	
325.07384363	
325.07400220	
325.07407992	
325.07454756	
325.07454119	
325.07448450	
325.07472328	
325.07460777	
325.07409821	
325.07436099	
325.07452833	
325.07483194	
325.07543695	
325.07513582	
325.07548620	
325.07582101	
325.07581847	
325.07541044	
325.07562149	
325.07561305	
325.07516042	
325.07550381	
325.07565557	
325.07579430	
325.07566004	
325.07544106	
325.07568526	
325.07568682	
325.07516452	
325.07485140	
325.07505779	
325.07554821	
325.07540834	
325.07546879	
325.07533540	
325.07514209	
325.07511896	
325.07455378	
325.07411741	
325.07431288	
325.07428494	
325.07382486	
325.07356198	
325.07337001	
325.07354624	
325.07386313	
325.07428950	
325.07445243	
325.07419750	
325.07367756	
325.07363111	
325.07391514	
325.07414911	
325.07379657	
325.07327131	
325.07347652	
325.07310257	
325.07297068	
325.07302830	
325.07302435	
325.07296342	
325.07309889	
325.07334462	
325.07320675	
325.07356787	
325.07347598	
325.07350397	
325.07409268	
325.07402097	
325.07349105	
325.07316473	
325.07296644	
325.07283424	
325.07278846	
325.07288158	
325.07293601	
325.07327591	
325.07381262	
325.07383330	
325.07342482	
325.07334453	
325.07387645	
325.07417757	
325.07464685	
325.07494920	
325.07469979	
325.07429650	
325.07398176	
325.07421622	
325.07410328	
325.07398532	
325.07430694	
325.07404339	
325.07354487	
325.07340931	
325.07340249	
325.07372581	
325.07424429	
325.07423558	
325.07390472	
325.07397488	
325.07395970	
325.07402725	
325.07378454	
325.07402138	
325.07394307	
325.07336997	
325.07351159	
325.07303439	
325.07318699	
325.07315759	
325.07265284	
325.07236464	
325.07271803	
325.07322733	
325.07311641	
325.07321836	
325.07345874	
325.07380052	
325.07415119	
325.07388813	
325.07339326	
325.07296506	
325.07239673	
325.07189097	
325.07158201	
325.07113514	
325.07117990	
325.07158274	
325.07128072	
325.07073113	
325.07015475	
325.06970860	
325.06984106	
325.06983074	
325.07010457	
325.07059311	
325.07092766	
325.07115260	
325.07125569	
325.07128099	
325.07097058	
325.07082233	
325.07043064	
325.07015588	
325.07002086	
325.06975528	
325.06955901	
325.06988500	
325.06981959	
325.06916612	
325.06877881	
325.06850108	
325.06879646	
325.06860972	
325.06856386	
325.06916545	
325.06880939	
325.06883256	
325.06875749	
325.06825710	
325.06795850	
325.06807660	
325.06794317	
325.06768610	
325.06761517	
325.06781437	
325.06830525	
325.06777938	
325.06776990	
325.06759689	
325.06707763	
325.06741723	
325.06715304	
325.06652978	
325.06604327	
325.06544976	
325.06566375	
325.06569890	
325.06519162	
325.06499614	
325.06525592	
325.06561739	
325.06596766	
325.06573776	
325.06556182	
325.06584735	
325.06617786	
325.06638946	
325.06599534	
325.06634059	
325.06690909	
325.06723366	
325.06695740	
325.06712222	
325.06754728	
325.06772584	
325.06778789	
325.06802592	
325.06832432	
325.06836665	
325.06861985	
325.06842112	
325.06816671	
325.06841797	
325.06885553	
325.06853752	
325.06823867	
325.06840683	
325.06814970	
325.06790170	
325.06757421	
325.06751801	
325.06791198	
325.06809200	
325.06849848	
325.06812005	
325.06792391	
325.06794583	
325.06827410	
325.06832136	
325.06841117	
325.06895813	
325.06925663	
325.06956758	
325.06956469	
325.06969322	
325.06955111	
325.06913780	
325.06939971	
325.06986107	
325.06980799	
325.06952467	
325.06925179	
325.06914760	
325.06883738	
325.06890726	
325.06901515	
325.06849121	
325.06879560	
325.06929582	
325.06941395	
325.06942197	
325.06955014	
325.07011278	
325.07015123	
325.07038033	
325.07063555	
325.07049397	
325.07039522	
325.06999065	
325.06959143	
325.06929012	
325.06890544	
325.06915313	
325.06968352	
325.06998458	
325.06986588	
325.07021732	
325.07008904	
325.07028292	
325.07056249	
325.07003842	
325.06986589	
325.06932660	
325.06927510	
325.06928731	
325.06914342	
325.06874501	
325.06846775	
325.06817843	
325.06808418	
325.06865354	
325.06904707	
325.06904399	
325.06898500	
325.06871203	
325.06822427	
325.06801299	
325.06782645	
325.06799940	
325.06783144	
325.06755722	
325.06711673	
325.06728246	
325.06729892	
325.06722145	
325.06735452	
325.06699939	
325.06713809	
325.06756218	
325.06729643	
325.06708943	
325.06743474	
325.06701773	
325.06676034	
325.06708723	
325.06702739	
325.06700644	
325.06682575	
325.06677842	
325.06659665	
325.06649063	
325.06639021	
325.06573203	
325.06561101	
325.06549199	
325.06585677	
325.06632548	
325.06642068	
325.06601281	
325.06589815	
325.06621944	
325.06590009	
325.06600268	
325.06631694	
325.06644710	
325.06673321	
325.06691986	
325.06665532	
325.06671110	
325.06709335	
325.06700725	
325.06662858	
325.06668815	
325.06713617	
325.06672030	
325.06654809	
325.06651784	
325.06598956	
325.06625390	
325.06683601	
325.06685898	
325.06679063	
325.06716157	
325.06726758	
325.06666308	
325.06640358	
325.06612943	
325.06590757	
325.06566373	
325.06549809	
325.06531752	
325.06498643	
325.06485537	
325.06493646	
325.06517241	
325.06529537	
325.06545752	
325.06500706	
325.06484339	
325.06500029	
325.06495495	
325.06491083	
325.06462225	
325.06436100	
325.06384533	
325.06408310	
325.06469256	
325.06427735	
325.06427950	
325.06423001	
325.06370962	
325.06324230	
325.06309580	
325.06332546	
325.06362473	
325.06374515	
325.06403813	
325.06377475	
325.06353582	
325.06376875	
325.06326782	
325.06294685	
325.06281843	
325.06259662	
325.06261740	
325.06266297	
325.06259492	
325.06245730	
325.06221581	
325.06219195	
325.06185535	
325.06173234	
325.06169855	
325.06173344	
325.06140481	
325.06136083	
325.06166870	
325.06183954	
325.06239546	
325.06202637	
325.06206372	
325.06179686	
325.06118565	
325.06171485	
325.06140243	
325.06160016	
325.06201593	
325.06235573	
325.06215555	
325.06146445	
325.06110349	
325.06136779	
325.06116486	
325.06048215	
325.06064190	
325.06073725	
325.06098484	
325.06113445	
325.06118908	
325.06083499	
325.06041062	
325.05996364	
325.05953624	
325.05935252	
325.05910960	
325.05908213	
325.05915686	
325.05895716	
325.05886684	
325.05841845	
325.05859929	
325.05914906	
325.05952028	
325.05953828	
325.05959418	
325.05947074	
325.05915229	
325.05895637	
325.05836492	
325.05795576	
325.05821534	
325.05829959	
325.05796532	
325.05779914	
325.05730894	
325.05698794	
325.05648607	
325.05607298	
325.05640351	
325.05663227	
325.05685829	
325.05721184	
325.05763785	
325.05805572	
325.05783422	
325.05750879	
325.05701292	
325.05717602	
325.05691325	
325.05662296	
325.05713758	
325.05682330	
325.05687508	
325.05698923	
325.05697369	
325.05739246	
325.05729281	
325.05698963	
325.05666402	
325.05630761	
325.05586617	
325.05587107	
325.05643742	
325.05611832	
325.05622024	
325.05604856	
325.05550400	
325.05536008	
325.05536783	
325.05512323	
325.05510561	
325.05568080	
325.05561876	
325.05562989	
325.05554653	
325.05512951	
325.05536371	
325.05558678	
325.05587858	
325.05574024	
325.05510551	
325.05487467	
325.05436787	
325.05413242	
325.05453560	
325.05462798	
325.05433460	
325.05408075	
325.05404871	
325.05436347	
325.05475789	
325.05489949	
325.05450734	
325.05475769	
325.05445206	
325.05437034	
325.05489780	
325.05451008	
325.05471562	
325.05519942	
325.05529805	
325.05501265	
325.05521586	
325.05531351	
325.05509721	
325.05479030	
325.05483707	
325.05503160	
325.05491742	
325.05488045	
325.05449732	
325.05465522	
325.05424448	
325.05429824	
325.05492423	
325.05486761	
325.05491585	
325.05517100	
325.05559898	
325.05565796	
325.05594656	
325.05573607	
325.05567123	
325.05572429	
325.05530683	
325.05530774	
325.05479033	
325.05496977	
325.05536514	
325.05489508	
325.05436200	
325.05408396	
325.05408234	
325.05427185	
325.05394176	
325.05360211	
325.05380217	
325.05336146	
325.05360981	
325.05346625	
325.05308062	
325.05297241	
325.05270475	
325.05307742	
325.05259396	
325.05226638	
325.05264150	
325.05253906	
325.05275988	
325.05339463	
325.05309502	
325.05340090	
325.05366747	
325.05308571	
325.05279062	
325.05298802	
325.05323174	
325.05353621	
325.05410209	
325.05421155	
325.05433843	
325.05452499	
325.05474831	
325.05506897	
325.05501705	
325.05493419	
325.05492107	
325.05448474	
325.05474123	
325.05535141	
325.05540334	
325.05575582	
325.05538038	
325.05485220	
325.05462309	
325.05405587	
325.05370484	
325.05332562	
325.05367914	
325.05381597	
325.05367328	
325.05351473	
325.05305428	
325.05281949	
325.05303381	
325.05286021	
325.05219075	
325.05229900	
325.05279970	
325.05329296	
325.05291333	
325.05242712	
325.05264075	
325.05280369	
325.05259682	
325.05221811	
325.05233877	
325.05283813	
325.05245066	
325.05219193	
325.05260137	
325.05260453	
325.05288567	
325.05305170	
325.05267264	
325.05303546	
325.05303089	
325.05280650	
325.05307474	
325.05310362	
325.05268497	
325.05216751	
325.05232506	
325.05205046	
325.05157630	
325.05132841	
325.05156957	
325.05137476	
325.05073498	
325.05082875	
325.05072303	
325.05110871	
325.05147623	
325.05118094	
325.05151071	
325.05194595	
325.05225865	
325.05211239	
325.05165465	
325.05205197	
325.05178566	
325.05147682	
325.05113660	
325.05075801	
325.05099879	
325.05115053	
325.05097424	
325.05095618	
325.05124977	
325.05095958	
325.05073200	
325.05102556	
325.05115955	
325.05109735	
325.05148722	
325.05196238	
325.05199646	
325.05155114	
325.05160799	
325.05186941	
325.05146576	
325.05092000	
325.05068477	
325.05018767	
325.04990577	
325.05011895	
325.04971178	
325.04912866	
325.04870055	
325.04854516	
325.04822356	
325.04846135	
325.04827365	
325.04779416	
325.04745908	
325.04699603	
325.04713617	
325.04716962	
325.04759896	
325.04809550	
325.04808435	
325.04833874	
325.04807526	
325.04764091	
325.04776005	
325.04760694	
325.04716015	
325.04668997	
325.04678204	
325.04656098	
325.04620529	
325.04615878	
325.04617242	
325.04589103	
325.04605647	
325.04613655	
325.04629223	
325.04647130	
325.04594680	
325.04559669	
325.04558587	
325.04518881	
325.04465851	
325.04499477	
325.04516404	
325.04530328	
325.04511266	
325.04445731	
325.04465761	
325.04459920	
325.04422430	
325.04381815	
325.04392815	
325.04373176	
325.04355248	
325.04367181	
325.04373989	
325.04393891	
325.04380016	
325.04359759	
325.04318761	
325.04309838	
325.04299444	
325.04283459	
325.04261232	
325.04213964	
325.04153825	
325.04123439	
325.04146924	
325.04131079	
325.04125357	
325.04107719	
325.04060635	
325.04023945	
325.03986756	
325.03964762	
325.03937435	
325.03934983	
325.03969699	
325.03962290	
325.03912047	
325.03935115	
325.03977428	
325.04010583	
325.03985501	
325.03926304	
325.03928440	
325.03939807	
325.03945902	
325.03928762	
325.03963401	
325.04012286	
325.03973592	
325.03976503	
325.04030582	
325.03998753	
325.03950026	
325.03935527	
325.03950858	
325.03918318	
325.03874764	
325.03886493	
325.03859625	
325.03893200	
325.03940229	
325.03931779	
325.03878857	
325.03826038	
325.03799210	
325.03815374	
325.03806779	
325.03835856	
325.03831274	
325.03809618	
325.03837325	
325.03817590	
325.03790396	
325.03825458	
325.03861436	
325.03815999	
325.03777896	
325.03805072	
325.03839622	
325.03798813	
325.03782555	
325.03747173	
325.03741618	
325.03749502	
325.03743933	
325.03755096	
325.03718054	
325.03730486	
325.03748210	
325.03726707	
325.03739999	
325.03723749	
325.03744263	
325.03769979	
325.03727428	
325.03766028	
325.03779420	
325.03803632	
325.03833585	
325.03851973	
325.03836065	
325.03772750	
325.03809722	
325.03833733	
325.03838168	
325.03847310	
325.03821118	
325.03826596	
325.03802051	
325.03764814	
325.03738561	
325.03685461	
325.03647673	
325.03633881	
325.03673002	
325.03666715	
325.03641282	
325.03598109	
325.03606808	
325.03668675	
325.03701431	
325.03755442	
325.03728526	
325.03695361	
325.03674655	
325.03615906	
325.03563118	
325.03592498	
325.03575281	
325.03567281	
325.03616750	
325.03635181	
325.03676086	
325.03687126	
325.03677841	
325.03711467	
325.03698225	
325.03691545	
325.03735899	
325.03738243	
325.03784463	
325.03780586	
325.03759317	
325.03718158	
325.03712129	
325.03729100	
325.03695236	
325.03707753	
325.03690208	
325.03716960	
325.03738442	
325.03754344	
325.03780790	
325.03811285	
325.03789730	
325.03723603	
325.03748275	
325.03789982	
325.03777404	
325.03772946	
325.03794484	
325.03751274	
325.03769047	
325.03803967	
325.03811523	
325.03780081	
325.03740169	
325.03704108	
325.03645363	
325.03639727	
325.03640690	
325.03636533	
325.03639548	
325.03649111	
325.03674513	
325.03710178	
325.03698923	
325.03679807	
325.03651376	
325.03615946	
325.03626908	
325.03584442	
325.03590904	
325.03653061	
325.03648560	
325.03601072	
325.03607619	
325.03631861	
325.03639693	
325.03616043	
325.03641902	
325.03635616	
325.03601969	
325.03609925	
325.03592916	
325.03608394	
325.03630919	
325.03628353	
325.03576206	
325.03577292	
325.03571509	
325.03563452	
325.03579645	
325.03620436	
325.03645460	
325.03628101	
325.03671060	
325.03722148	
325.03754419	
325.03768813	
325.03801558	
325.03785773	
325.03749302	
325.03718656	
325.03672152	
325.03680717	
325.03646425	
325.03628947	
325.03602903	
325.03630714	
325.03611509	
325.03584908	
325.03612564	
325.03578984	
325.03564874	
325.03525366	
325.03525607	
325.03517629	
325.03463829	
325.03495921	
325.03542118	
325.03520335	
325.03516594	
325.03514832	
325.03486483	
325.03481910	
325.03490584	
325.03519027	
325.03505419	
325.03457296	
325.03493875	
325.03521941	
325.03529532	
325.03521689	
325.03473203	
325.03469218	
325.03434095	
325.03400668	
325.03420794	
325.03421088	
325.03423929	
325.03400090	
325.03397882	
325.03412526	
325.03456158	
325.03441735	
325.03383981	
325.03354339	
325.03367659	
325.03432209	
325.03475459	
325.03448688	
325.03453393	
325.03498576	
325.03536236	
325.03540863	
325.03513037	
325.03556087	
325.03544275	
325.03563094	
325.03550882	
325.03495159	
325.03493987	
325.03507087	
325.03512238	
325.03535606	
325.03515329	
325.03502218	
325.03555997	
325.03559859	
325.03512504	
325.03534714	
325.03581161	
325.03587052	
325.03599996	
325.03597774	
325.03603835	
325.03607311	
325.03640857	
325.03653449	
325.03660761	
325.03672725	
325.03667060	
325.03625193	
325.03634164	
325.03691362	
325.03681725	
325.03678937	
325.03727218	
325.03754344	
325.03755664	
325.03716903	
325.03728889	
325.03781093	
325.03788373	
325.03826893	
325.03832454	
325.03833463	
325.03835213	
325.03802903	
325.03812790	
325.03856100	
325.03862888	
325.03864152	
325.03886802	
325.03871085	
325.03904582	
325.03924063	
325.03945500	
325.03988670	
325.03987209	
325.04012718	
325.04022984	
325.03985485	
325.03971212	
325.03994494	
325.04036553	
325.04034232	
325.04029081	
325.04047041	
325.04066997	
325.04087196	
325.04087351	
325.04049060	
325.04025619	
325.04063134	
325.04069542	
325.04092857	
325.04103595	
325.04123317	
325.04142944	
325.04117126	
325.04134515	
325.04162654	
325.04162201	
325.04185212	
325.04156452	
325.04135742	
325.04135436	
325.04110671	
325.04074904	
325.04062977	
325.04084699	
325.04066584	
325.04016191	
325.04025405	
325.04030999	
325.04026226	
325.04078865	
325.04041820	
325.04033414	
325.04029564	
325.04021258	
325.04018082	
325.03990135	
325.04039572	
325.04003578	
325.03933978	
325.03954725	
325.03925960	
325.03910456	
325.03912324	
325.03936090	
325.03932208	
325.03953991	
325.04007773	
325.04008422	
325.04056292	
325.04089131	
325.04075437	
325.04041176	
325.04055599	
325.04093276	
325.04069946	
325.04062655	
325.04057890	
325.04022375	
325.04025199	
325.04005625	
325.03979916	
325.03997169	
325.04021494	
325.04024339	
325.04064082	
325.04031103	
325.04022700	
325.04048184	
325.04071268	
325.04106269	
325.04066600	
325.04074699	
325.04045978	
325.03993147	
325.04010232	
325.03982274	
325.03972196	
325.03979802	
325.03971178	
325.03977049	
325.04007610	
325.03993663	
325.03940012	
325.03931435	
325.03968342	
325.04021463	
325.04039020	
325.04087740	
325.04144973	
325.04150316	
325.04159107	
325.04207014	
325.04169972	
325.04165002	
325.04165878	
325.04162117	
325.04209676	
325.04219884	
325.04213097	
325.04195453	
325.04204349	
325.04160435	
325.04131614	
325.04092124	
325.04033041	
325.03988595	
325.03998600	
325.03970346	
325.03922063	
325.03969719	
325.04001205	
325.03963081	
325.03963748	
325.04020922	
325.03998296	
325.03987924	
325.03973850	
325.03976644	
325.03970357	
325.03967466	
325.04004248	
325.04030603	
325.04019323	
325.04021189	
325.04063315	
325.04075181	
325.04090813	
325.04087085	
325.04105966	
325.04147602	
325.04131791	
325.04153991	
325.04188496	
325.04148713	
325.04119859	
325.04138344	
325.04166623	
325.04193760	
325.04234278	
325.04257734	
325.04247286	
325.04213866	
325.04161664	
325.04126834	
325.04152994	
325.04139044	
325.04077593	
325.04092334	
325.04132884	
325.04161156	
325.04131741	
325.04104982	
325.04115376	
325.04072924	
325.04082297	
325.04097091	
325.04084616	
325.04109977	
325.04148563	
325.04150916	
325.04161823	
325.04218329	
325.04205018	
325.04185481	
325.04198970	
325.04189329	
325.04151875	
325.04161022	
325.04217201	
325.04246987	
325.04221664	
325.04161024	
325.04156720	
325.04194581	
325.04172525	
325.04139907	
325.04165708	
325.04178370	
325.04201185	
325.04167350	
325.04116986	
325.04116246	
325.04112615	
325.04111346	
325.04092113	
325.04079978	
325.04040785	
325.04004449	
325.04008943	
325.04023760	
325.04043646	
325.04041241	
325.04079516	
325.04080426	
325.04034622	
325.04030592	
325.04018994	
325.04037209	
325.04055955	
325.04026148	
325.04063578	
325.04074483	
325.04011147	
325.04012083	
325.03988379	
325.03986390	
325.04024221	
325.04031177	
325.04029496	
325.03988199	
325.04011554	
325.03989511	
325.04008719	
325.04018022	
325.03982833	
325.03958324	
325.03933924	
325.03954049	
325.03965985	
325.03955628	
325.03929214	
325.03929664	
325.03901786	
325.03891123	
325.03840762	
325.03789174	
325.03826063	
325.03873199	
325.03831104	
325.03797510	
325.03845304	
325.03863861	
325.03838019	
325.03880739	
325.03908792	
325.03904516	
325.03923381	
325.03949984	
325.03981503	
325.03985780	
325.03952299	
325.03983095	
325.04030086	
325.04072065	
325.04092397	
325.04041268	
325.04034953	
325.04045225	
325.04069715	
325.04043215	
325.04070486	
325.04092591	
325.04049928	
325.04045721	
325.04047712	
325.04036089	
325.04052212	
325.04050219	
325.04028844	
325.03996699	
325.03958948	
325.03994110	
325.03953527	
325.03906076	
325.03931271	
325.03947134	
325.03932779	
325.03951232	
325.04000928	
325.04045758	
325.04073962	
325.04102049	
325.04094891	
325.04043457	
325.04081604	
325.04118170	
325.04151326	
325.04152532	
325.04153905	
325.04178649	
325.04213125	
325.04271342	
325.04231851	
325.04229388	
325.04285093	
325.04292906	
325.04316174	
325.04323929	
325.04299038	
325.04344804	
325.04380191	
325.04370306	
325.04382466	
325.04366144	
325.04315675	
325.04337711	
325.04334733	
325.04311138	
325.04323353	
325.04340572	
325.04378687	
325.04341994	
325.04344242	
325.04332606	
325.04332025	
325.04353378	
325.04377320	
325.04419740	
325.04369469	
325.04382257	
325.04409379	
325.04431516	
325.04427631	
325.04395813	
325.04400893	
325.04447881	
325.04442341	
325.04463966	
325.04518009	
325.04479654	
325.04438244	
325.04470135	
325.04514877	
325.04533029	
325.04527262	
325.04486115	
325.04437987	
325.04388293	
325.04379393	
325.04364772	
325.04372671	
325.04387922	
325.04430004	
325.04465622	
325.04448527	
325.04464973	
325.04460543	
325.04500634	
325.04486300	
325.04435898	
325.04458072	
325.04451445	
325.04447923	
325.04403407	
325.04378820	
325.04414804	
325.04436569	
325.04449358	
325.04469047	
325.04452523	
325.04393043	
325.04336776	
325.04358468	
325.04419549	
325.04436180	
325.04439722	
325.04436581	
325.04428247	
325.04398706	
325.04357083	
325.04369522	
325.04362803	
325.04302055	
325.04263277	
325.04281861	
325.04306809	
325.04336973	
325.04338666	
325.04339610	
325.04337915	
325.04293914	
325.04260955	
325.04211142	
325.04163953	
325.04184339	
325.04192484	
325.04215852	
325.04263021	
325.04298565	
325.04280298	
325.04250517	
325.04281614	
325.04252391	
325.04264892	
325.04261920	
325.04281757	
325.04285202	
325.04220731	
325.04250261	
325.04241881	
325.04229763	
325.04289785	
325.04343407	
325.04320379	
325.04261495	
325.04307195	
325.04305153	
325.04256193	
325.04284255	
325.04299627	
325.04256046	
325.04215267	
325.04226204	
325.04279412	
325.04303158	
325.04309920	
325.04347271	
325.04315429	
325.04330554	
325.04347636	
325.04356528	
325.04408239	
325.04414633	
325.04425929	
325.04470270	
325.04444806	
325.04466351	
325.04460706	
325.04380030	
325.04340477	
325.04284232	
325.04274714	
325.04270167	
325.04311749	
325.04323913	
325.04318054	
325.04311154	
325.04268648	
325.04270228	
325.04319685	
325.04319182	
325.04326382	
325.04347551	
325.04303126	
325.04256636	
325.04286805	
325.04281870	
325.04256810	
325.04241923	
325.04220179	
325.04237251	
325.04282006	
325.04317098	
325.04330302	
325.04385932	
325.04425427	
325.04399087	
325.04351224	
325.04321361	
325.04296851	
325.04320372	
325.04287475	
325.04282936	
325.04341247	
325.04294837	
325.04262435	
325.04289227	
325.04250217	
325.04221227	
325.04220106	
325.04194284	
325.04148222	
325.04124755	
325.04111701	
325.04085452	
325.04088367	
325.04064042	
325.04071754	
325.04114311	
325.04101762	
325.04074462	
325.04111776	
325.04152274	
325.04148080	
325.04120440	
325.04093938	
325.04067082	
325.04076260	
325.04075237	
325.04021068	
325.04052245	
325.04103663	
325.04129124	
325.04115163	
325.04120472	
325.04116726	
325.04111339	
325.04157618	
325.04149115	
325.04122646	
325.04131362	
325.04115396	
325.04053270	
325.04084341	
325.04063331	
325.04005357	
325.04037276	
325.04072356	
325.04101736	
325.04133995	
325.04178867	
325.04186079	
325.04208061	
325.04188336	
325.04148040	
325.04184030	
325.04232969	
325.04285178	
325.04315670	
325.04350253	
325.04366466	
325.04328187	
325.04280019	
325.04229375	
325.04192315	
325.04184339	
325.04152577	
325.04139167	
325.04131391	
325.04087529	
325.04088311	
325.04101261	
325.04123894	
325.04156429	
325.04198290	
325.04204866	
325.04170680	
325.04136855	
325.04139029	
325.04127984	
325.04091295	
325.04088933	
325.04113028	
325.04129600	
325.04074637	
325.04017722	
325.03988880	
325.04029395	
325.04038716	
325.04028069	
325.04055222	
325.04042157	
325.04024016	
325.04057333	
325.04040753	
325.03984947	
325.03970217	
325.03922852	
325.03945164	
325.03984965	
325.04009182	
325.03986647	
325.03971490	
325.03967249	
325.03933498	
325.03951787	
325.03921590	
325.03950040	
325.03944345	
325.03907195	
325.03957970	
325.03922799	
325.03913850	
325.03919018	
325.03921544	
325.03936966	
325.03951813	
325.03965484	
325.03926804	
325.03938158	
325.03924689	
325.03928158	
325.03893961	
325.03896786	
325.03949314	
325.03979562	
325.04026746	
325.03997929	
325.03978457	
325.03955881	
325.03921315	
325.03946820	
325.03914521	
325.03928632	
325.03997383	
325.04011972	
325.04065229	
325.04060912	
325.04058425	
325.04024182	
325.04036134	
325.04104935	
325.04144002	
325.04138460	
325.04120191	
325.04090613	
325.04065862	
325.04105110	
325.04100834	
325.04112629	
325.04148682	
325.04163633	
325.04132851	
325.04128540	
325.04133976	
325.04171896	
325.04191936	
325.04225988	
325.04288420	
325.04273726	
325.04283475	
325.04315499	
325.04335783	
325.04365160	
325.04394876	
325.04403763	
325.04414164	
325.04453884	
325.04451660	
325.04484274	
325.04535426	
325.04568541	
325.04588044	
325.04561056	
325.04536587	
325.04567466	
325.04610193	
325.04615271	
325.04656748	
325.04633912	
325.04664315	
325.04716069	
325.04672820	
325.04653361	
325.04684357	
325.04657091	
325.04647051	
325.04634268	
325.04632260	
325.04611751	
325.04603622	
325.04630392	
325.04606425	
325.04571733	
325.04526163	
325.04503999	
325.04446884	
325.04444862	
325.04472584	
325.04515849	
325.04502113	
325.04453074	
325.04427830	
325.04371343	
325.04332714	
325.04375869	
325.04412820	
325.04442828	
325.04429497	
325.04432861	
325.04440962	
325.04467249	
325.04520078	
325.04493976	
325.04490223	
325.04486986	
325.04526011	
325.04574725	
325.04596909	
325.04572975	
325.04515040	
325.04487080	
325.04501945	
325.04512638	
325.04467867	
325.04428812	
325.04455001	
325.04424121	
325.04414059	
325.04420019	
325.04424196	
325.04468353	
325.04444295	
325.04425157	
325.04383095	
325.04347360	
325.04329777	
325.04333685	
325.04337689	
325.04372783	
325.04413003	
325.04446294	
325.04436836	
325.04441313	
325.04490036	
325.04521735	
325.04524574	
325.04495194	
325.04468412	
325.04412992	
325.04439819	
325.04417076	
325.04414787	
325.04471329	
325.04480095	
325.04453409	
325.04485461	
325.04555689	
325.04507946	
325.04506332	
325.04543077	
325.04558967	
325.04547397	
325.04517429	
325.04495866	
325.04495162	
325.04482340	
325.04423178	
325.04445566	
325.04419368	
325.04433389	
325.04496784	
325.04459582	
325.04423349	
325.04414691	
325.04429322	
325.04430962	
325.04403086	
325.04414274	
325.04406370	
325.04381001	
325.04392594	
325.04425417	
325.04433963	
325.04421478	
325.04404432	
325.04397045	
325.04368445	
325.04353312	
325.04392303	
325.04373682	
325.04388499	
325.04362652	
325.04327580	
325.04333788	
325.04307546	
325.04349988	
325.04370733	
325.04370985	
325.04427438	
325.04410773	
325.04381485	
325.04407168	
325.04388456	
325.04379517	
325.04368154	
325.04399600	
325.04373332	
325.04385324	
325.04394648	
325.04374642	
325.04402057	
325.04374618	
325.04415226	
325.04418169	
325.04376341	
325.04381949	
325.04344208	
325.04353851	
325.04417338	
325.04385063	
325.04389644	
325.04438463	
325.04439197	
325.04391020	
325.04362501	
325.04366916	
325.04357082	
325.04328193	
325.04328282	
325.04344066	
325.04323618	
325.04329410	
325.04345567	
325.04382442	
325.04412325	
325.04423889	
325.04448049	
325.04422115	
325.04438863	
325.04468807	
325.04512610	
325.04534254	
325.04493466	
325.04439163	
325.04390671	
325.04342971	
325.04327911	
325.04288925	
325.04299442	
325.04286073	
325.04210484	
325.04210231	
325.04182873	
325.04210800	
325.04208822	
325.04187745	
325.04213869	
325.04175297	
325.04127340	
325.04169896	
325.04197410	
325.04202601	
325.04205261	
325.04208390	
325.04173107	
325.04179535	
325.04195056	
325.04196421	
325.04189508	
325.04197277	
325.04183266	
325.04185354	
325.04230063	
325.04188236	
325.04164653	
325.04116581	
325.04081840	
325.04108075	
325.04096091	
325.04120482	
325.04157147	
325.04120290	
325.04154487	
325.04194415	
325.04152497	
325.04171260	
325.04182919	
325.04169492	
325.04214202	
325.04256283	
325.04229674	
325.04159118	
325.04147713	
325.04168747	
325.04168016	
325.04136275	
325.04107700	
325.04131104	
325.04190134	
325.04200403	
325.04227141	
325.04259911	
325.04287391	
325.04337810	
325.04363644	
325.04369646	
325.04393509	
325.04405385	
325.04414551	
325.04445259	
325.04457769	
325.04433674	
325.04419587	
325.04415796	
325.04432802	
325.04465537	
325.04421207	
325.04406477	
325.04465569	
325.04453264	
325.04408329	
325.04374959	
325.04376814	
325.04360471	
325.04320877	
325.04352057	
325.04364703	
325.04332024	
325.04349148	
325.04395837	
325.04398205	
325.04377743	
325.04389169	
325.04351424	
325.04361391	
325.04357683	
325.04337017	
325.04392799	
325.04386542	
325.04371358	
325.04364344	
325.04382500	
325.04342331	
325.04315773	
325.04319520	
325.04277066	
325.04298651	
325.04347979	
325.04386596	
325.04364337	
325.04387730	
325.04370652	
325.04321731	
325.04313730	
325.04344982	
325.04386720	
325.04334838	
325.04332426	
325.04345007	
325.04358765	
325.04351071	
325.04296918	
325.04253559	
325.04207760	
325.04230312	
325.04239842	
325.04244584	
325.04244367	
325.04270462	
325.04320634	
325.04273399	
325.04264388	
325.04270539	
325.04233640	
325.04225026	
325.04220831	
325.04256628	
325.04244386	
325.04184411	
325.04220804	
325.04265240	
325.04317294	
325.04310047	
325.04332043	
325.04303965	
325.04314214	
325.04341161	
325.04293894	
325.04308021	
325.04289646	
325.04306033	
325.04293397	
325.04234673	
325.04243594	
325.04208529	
325.04226038	
325.04209818	
325.04164708	
325.04168641	
325.04148392	
325.04181818	
325.04227524	
325.04233587	
325.04257043	
325.04257846	
325.04230720	
325.04238008	
325.04235350	
325.04249582	
325.04240855	
325.04271354	
325.04251423	
325.04197718	
325.04222553	
325.04262794	
325.04230225	
325.04185487	
325.04142219	
325.04086232	
325.04036128	
325.04068861	
325.04088498	
325.04068863	
325.04062939	
325.04079219	
325.04094960	
325.04040874	
325.03987335	
325.03979378	
325.03964729	
325.03905279	
325.03889531	
325.03930334	
325.03957430	
325.03994532	
325.04019202	
325.04047952	
325.04083322	
325.04088280	
325.04142168	
325.04190633	
325.04179461	
325.04192921	
325.04217830	
325.04183866	
325.04157198	
325.04145911	
325.04178689	
325.04234060	
325.04282220	
325.04329897	
325.04288808	
325.04244156	
325.04286658	
325.04330369	
325.04342634	
325.04383022	
325.04388347	
325.04339941	
325.04337784	
325.04325488	
325.04279194	
325.04265100	
325.04257884	
325.04264504	
325.04242628	
325.04189874	
325.04204200	
325.04168502	
325.04178334	
325.04166892	
325.04109960	
325.04141788	
325.04136068	
325.04150834	
325.04191866	
325.04189874	
325.04231594	
325.04249339	
325.04247298	
325.04260321	
325.04215401	
325.04240827	
325.04236196	
325.04168626	
325.04156786	
325.04133666	
325.04105759	
325.04137182	
325.04163925	
325.04114617	
325.04114558	
325.04089052	
325.04090538	
325.04134432	
325.04100046	
325.04069335	
325.04038070	
325.04021299	
325.03991723	
325.03959531	
325.03951755	
325.03967691	
325.03943932	
325.03897860	
325.03897788	
325.03898979	
325.03897066	
325.03929675	
325.03899393	
325.03917609	
325.03937626	
325.03898095	
325.03891130	
325.03908840	
325.03964814	
325.03965359	
325.03972230	
325.03973905	
325.03950925	
325.03908159	
325.03919441	
325.03926066	
325.03924599	
325.03897212	
325.03909824	
325.03923809	
325.03878335	
325.03849653	
325.03860727	
325.03924460	
325.03909608	
325.03907031	
325.03872968	
325.03822232	
325.03835210	
325.03812289	
325.03833402	
325.03870945	
325.03856862	
325.03902864	
325.03929420	
325.03956094	
325.04012915	
325.04047909	
325.04084314	
325.04079517	
325.04035441	
325.04034148	
325.04072321	
325.04090657	
325.04044931	
325.04013270	
325.04016329	
325.04046858	
325.04085418	
325.04058512	
325.04086674	
325.04083774	
325.04051655	
325.04009915	
325.03946002	
325.03904138	
325.03860605	
325.03875089	
325.03925472	
325.03887610	
325.03875975	
325.03868281	
325.03875723	
325.03934583	
325.03917676	
325.03880417	
325.03863886	
325.03908643	
325.03897196	
325.03910518	
325.03960125	
325.03944100	
325.03891878	
325.03914137	
325.03904582	
325.03870921	
325.03862252	
325.03846415	
325.03896462	
325.03941857	
325.03931740	
325.03889534	
325.03931724	
325.03979966	
325.04019196	
325.04040590	
325.04040332	
325.04075294	
325.04125767	
325.04090145	
325.04028494	
325.04077925	
325.04123547	
325.04133959	
325.04100873	
325.04080298	
325.04056132	
325.04015712	
325.03981074	
325.03934522	
325.03894737	
325.03840023	
325.03793312	
325.03753714	
325.03776596	
325.03798013	
325.03803170	
325.03834526	
325.03840569	
325.03846186	
325.03842135	
325.03877196	
325.03906110	
325.03868520	
325.03826919	
325.03838928	
325.03886244	
325.03922864	
325.03894492	
325.03843411	
325.03881337	
325.03906112	
325.03883786	
325.03866357	
325.03857598	
325.03901561	
325.03946166	
325.03970521	
325.03996903	
325.04034418	
325.04002695	
325.03931496	
325.03943200	
325.03959510	
325.03963041	
325.03947268	
325.03962848	
325.03983103	
325.04008361	
325.03982166	
325.03982477	
325.04026675	
325.04033613	
325.04013341	
325.03958895	
325.03920236	
325.03875080	
325.03827898	
325.03834790	
325.03882005	
325.03913178	
325.03876203	
325.03826969	
325.03805041	
325.03761778	
325.03777918	
325.03753734	
325.03696549	
325.03656134	
325.03607843	
325.03628594	
325.03625332	
325.03596754	
325.03581243	
325.03578426	
325.03604647	
325.03592440	
325.03557588	
325.03507857	
325.03491816	
325.03471548	
325.03436841	
325.03422988	
325.03402708	
325.03398598	
325.03444554	
325.03420410	
325.03408020	
325.03429654	
325.03411758	
325.03403683	
325.03431547	
325.03494098	
325.03473772	
325.03432415	
325.03397825	
325.03345912	
325.03293896	
325.03261815	
325.03293004	
325.03314577	
325.03323504	
325.03317459	
325.03304886	
325.03356036	
325.03347491	
325.03301840	
325.03307704	
325.03272510	
325.03210122	
325.03163288	
325.03133986	
325.03102125	
325.03087476	
325.03086923	
325.03114845	
325.03095964	
325.03059793	
325.03026583	
325.03039777	
325.03078363	
325.03092328	
325.03100891	
325.03068317	
325.03050030	
325.03043232	
325.03015326	
325.02996735	
325.02967719	
325.02979371	
325.03003655	
325.02973322	
325.02940546	
325.02919063	
325.02914595	
325.02939465	
325.02971829	
325.02977344	
325.02962096	
325.02972304	
325.02992039	
325.03024818	
325.03010033	
325.02937012	
325.02951846	
325.02937946	
325.02931127	
325.02978302	
325.02951159	
325.02917688	
325.02919592	
325.02935311	
325.02955210	
325.02942929	
325.02983548	
325.03015013	
325.03027936	
325.03031483	
325.03019163	
325.03048707	
325.03033579	
325.03052951	
325.03048641	
325.03052905	
325.03102736	
325.03091992	
325.03122928	
325.03150101	
325.03187146	
325.03186141	
325.03137282	
325.03167376	
325.03201621	
325.03161019	
325.03154348	
325.03124505	
325.03101720	
325.03149682	
325.03170572	
325.03161306	
325.03121520	
325.03153150	
325.03193573	
325.03218684	
325.03205749	
325.03157305	
325.03151160	
325.03175319	
325.03166513	
325.03165722	
325.03169823	
325.03156573	
325.03136209	
325.03109535	
325.03094385	
325.03087686	
325.03143104	
325.03162051	
325.03171046	
