288.00222549	
288.00222460	
288.00222371	
288.00222282	
288.00222193	
288.00222104	
288.00222015	
288.00221927	
288.00221838	
288.00221749	
288.00221660	
288.00221572	
288.00221483	
288.00221394	
288.00221306	
288.00221217	
288.00221129	
288.00221040	
288.00220952	
288.00220864	
288.00220775	
288.00220687	
288.00220599	
288.00220510	
288.00220422	
288.00220334	
288.00220246	
288.00220158	
288.00220070	
288.00219982	
288.00219894	
288.00219806	
288.00219718	
288.00219630	
288.00219542	
288.00219454	
288.00219367	
288.00219279	
288.00219191	
288.00219103	
288.00219016	
288.00218928	
288.00218841	
288.00218753	
288.00218666	
288.00218578	
288.00218491	
288.00218403	
288.00218316	
288.00218229	
288.00218141	
288.00218054	
288.00217967	
288.00217880	
288.00217792	
288.00217705	
288.00217618	
288.00217531	
288.00217444	
288.00217357	
288.00217270	
288.00217183	
288.00217097	
288.00217010	
288.00216923	
288.00216836	
288.00216749	
288.00216663	
288.00216576	
288.00216489	
288.00216403	
288.00216316	
288.00216230	
288.00216143	
288.00216057	
288.00215970	
288.00215884	
288.00215798	
288.00215711	
288.00215625	
288.00215539	
288.00215453	
288.00215366	
288.00215280	
288.00215194	
288.00215108	
288.00215022	
288.00214936	
288.00214850	
288.00214764	
288.00214678	
288.00214592	
288.00214506	
288.00214421	
288.00214335	
288.00214249	
288.00214163	
288.00214078	
288.00213992	
288.00213907	
288.00213821	
288.00213735	
288.00213650	
288.00213564	
288.00213479	
288.00213394	
288.00213308	
288.00213223	
288.00213138	
288.00213052	
288.00212967	
288.00212882	
288.00212797	
288.00212712	
288.00212627	
288.00212542	
288.00212457	
288.00212372	
288.00212287	
288.00212202	
288.00212117	
288.00212032	
288.00211947	
288.00211862	
288.00211778	
288.00211693	
288.00211608	
288.00211524	
288.00211439	
288.00211354	
288.00211270	
288.00211185	
288.00211101	
288.00211017	
288.00210932	
288.00210848	
288.00210763	
288.00210679	
288.00210595	
288.00210511	
288.00210426	
288.00210342	
288.00210258	
288.00210174	
288.00210090	
288.00210006	
288.00209922	
288.00209838	
288.00209754	
288.00209670	
288.00209586	
288.00209502	
288.00209419	
288.00209335	
288.00209251	
288.00209167	
288.00209084	
288.00209000	
288.00208916	
288.00208833	
288.00208749	
288.00208666	
288.00208582	
288.00208499	
288.00208416	
288.00208332	
288.00208249	
288.00208166	
288.00208082	
288.00207999	
288.00207916	
288.00207833	
288.00207750	
288.00207666	
288.00207583	
288.00207500	
288.00207417	
288.00207334	
288.00207251	
288.00207169	
288.00207086	
288.00207003	
288.00206920	
288.00206837	
288.00206755	
288.00206672	
288.00206589	
288.00206507	
288.00206424	
288.00206341	
288.00206259	
288.00206176	
288.00206094	
288.00206011	
288.00205929	
288.00205847	
288.00205764	
288.00205682	
288.00205600	
288.00205517	
288.00205435	
288.00205353	
288.00205271	
288.00205189	
288.00205107	
288.00205025	
288.00204943	
288.00204861	
288.00204779	
288.00204697	
288.00204615	
288.00204533	
288.00204451	
288.00204370	
288.00204288	
288.00204206	
288.00204124	
288.00204043	
288.00203961	
288.00203880	
288.00203798	
288.00203717	
288.00203635	
288.00203554	
288.00203472	
288.00203391	
288.00203309	
288.00203228	
288.00203147	
288.00203066	
288.00202984	
288.00202903	
288.00202822	
288.00202741	
288.00202660	
288.00202579	
288.00202498	
288.00202417	
288.00202336	
288.00202255	
288.00202174	
288.00202093	
288.00202012	
288.00201931	
288.00201851	
288.00201770	
288.00201689	
288.00201608	
288.00201528	
288.00201447	
288.00201367	
288.00201286	
288.00201206	
288.00201125	
288.00201045	
288.00200964	
288.00200884	
288.00200803	
288.00200723	
288.00200643	
288.00200563	
288.00200482	
288.00200402	
288.00200322	
288.00200242	
288.00200162	
288.00200082	
288.00200002	
288.00199922	
288.00199842	
288.00199762	
288.00199682	
288.00199602	
288.00199522	
288.00199442	
288.00199363	
288.00199283	
288.00199203	
288.00199123	
288.00199044	
288.00198964	
288.00198885	
288.00198805	
288.00198725	
288.00198646	
288.00198567	
288.00198487	
288.00198408	
288.00198328	
288.00198249	
288.00198170	
288.00198090	
288.00198011	
288.00197932	
288.00197853	
288.00197774	
288.00197695	
288.00197616	
288.00197536	
288.00197457	
288.00197378	
288.00197300	
288.00197221	
288.00197142	
288.00197063	
288.00196984	
288.00196905	
288.00196826	
288.00196748	
288.00196669	
288.00196590	
288.00196512	
288.00196433	
288.00196355	
288.00196276	
288.00196198	
288.00196119	
288.00196041	
288.00195962	
288.00195884	
288.00195805	
288.00195727	
288.00195649	
288.00195571	
288.00195492	
288.00195414	
288.00195336	
288.00195258	
288.00195180	
288.00195102	
288.00195024	
288.00194946	
288.00194868	
288.00194790	
288.00194712	
288.00194634	
288.00194556	
288.00194478	
288.00194400	
288.00194323	
288.00194245	
288.00194167	
288.00194090	
288.00194012	
288.00193934	
288.00193857	
288.00193779	
288.00193702	
288.00193624	
288.00193547	
288.00193469	
288.00193392	
288.00193315	
288.00193237	
288.00193160	
288.00193083	
288.00193005	
288.00192928	
288.00192851	
288.00192774	
288.00192697	
288.00192620	
288.00192543	
288.00192466	
288.00192389	
288.00192312	
288.00192235	
288.00192158	
288.00192081	
288.00192004	
288.00191927	
288.00191851	
288.00191774	
288.00191697	
288.00191621	
288.00191544	
288.00191467	
288.00191391	
288.00191314	
288.00191238	
288.00191161	
288.00191085	
288.00191008	
288.00190932	
288.00190855	
288.00190779	
288.00190703	
288.00190627	
288.00190550	
288.00190474	
288.00190398	
288.00190322	
288.00190246	
288.00190169	
288.00190093	
288.00190017	
288.00189941	
288.00189865	
288.00189789	
288.00189714	
288.00189638	
288.00189562	
288.00189486	
288.00189410	
288.00189334	
288.00189259	
288.00189183	
288.00189107	
288.00189032	
288.00188956	
288.00188880	
288.00188805	
288.00188729	
288.00188654	
288.00188578	
288.00188503	
288.00188428	
288.00188352	
288.00188277	
288.00188202	
288.00188126	
288.00188051	
288.00187976	
288.00187901	
288.00187825	
288.00187750	
288.00187675	
288.00187600	
288.00187525	
288.00187450	
288.00187375	
288.00187300	
288.00187225	
288.00187150	
288.00187076	
288.00187001	
288.00186926	
288.00186851	
288.00186776	
288.00186702	
288.00186627	
288.00186552	
288.00186478	
288.00186403	
288.00186329	
288.00186254	
288.00186180	
288.00186105	
288.00186031	
288.00185956	
288.00185882	
288.00185807	
288.00185733	
288.00185659	
288.00185585	
288.00185510	
288.00185436	
288.00185362	
288.00185288	
288.00185214	
288.00185140	
288.00185066	
288.00184992	
288.00184918	
288.00184844	
288.00184770	
288.00184696	
288.00184622	
288.00184548	
288.00184474	
288.00184400	
288.00184327	
288.00184253	
288.00184179	
288.00184106	
288.00184032	
288.00183958	
288.00183885	
288.00183811	
288.00183738	
288.00183664	
288.00183591	
288.00183517	
288.00183444	
288.00183370	
288.00183297	
288.00183224	
288.00183150	
288.00183077	
288.00183004	
288.00182931	
288.00182858	
288.00182784	
288.00182711	
288.00182638	
288.00182565	
288.00182492	
288.00182419	
288.00182346	
288.00182273	
288.00182200	
288.00182127	
288.00182055	
288.00181982	
288.00181909	
288.00181836	
288.00181764	
288.00181691	
288.00181618	
288.00181546	
288.00181473	
288.00181400	
288.00181328	
288.00181255	
288.00181183	
288.00181110	
288.00181038	
288.00180965	
288.00180893	
288.00180821	
288.00180748	
288.00180676	
288.00180604	
288.00180531	
288.00180459	
288.00180387	
288.00180315	
288.00180243	
288.00180171	
288.00180099	
288.00180027	
288.00179955	
288.00179883	
288.00179811	
288.00179739	
288.00179667	
288.00179595	
288.00179523	
288.00179451	
288.00179380	
288.00179308	
288.00179236	
288.00179164	
288.00179093	
288.00179021	
288.00178949	
288.00178878	
288.00178806	
288.00178735	
288.00178663	
288.00178592	
288.00178520	
288.00178449	
288.00178378	
288.00178306	
288.00178235	
288.00178164	
288.00178092	
288.00178021	
288.00177950	
288.00177879	
288.00177808	
288.00177736	
288.00177665	
288.00177594	
288.00177523	
288.00177452	
288.00177381	
288.00177310	
288.00177239	
288.00177169	
288.00177098	
288.00177027	
288.00176956	
288.00176885	
288.00176814	
288.00176744	
288.00176673	
288.00176602	
288.00176532	
288.00176461	
288.00176391	
288.00176320	
288.00176249	
288.00176179	
288.00176108	
288.00176038	
288.00175968	
288.00175897	
288.00175827	
288.00175757	
288.00175686	
288.00175616	
288.00175546	
288.00175476	
288.00175405	
288.00175335	
288.00175265	
288.00175195	
288.00175125	
288.00175055	
288.00174985	
288.00174915	
288.00174845	
288.00174775	
288.00174705	
288.00174635	
288.00174565	
288.00174495	
288.00174426	
288.00174356	
288.00174286	
288.00174216	
288.00174147	
288.00174077	
288.00174007	
288.00173938	
288.00173868	
288.00173799	
288.00173729	
288.00173660	
288.00173590	
288.00173521	
288.00173451	
288.00173382	
288.00173313	
288.00173243	
288.00173174	
288.00173105	
288.00173035	
288.00172966	
288.00172897	
288.00172828	
288.00172759	
288.00172690	
288.00172621	
288.00172552	
288.00172483	
288.00172414	
288.00172345	
288.00172276	
288.00172207	
288.00172138	
288.00172069	
288.00172000	
288.00171931	
288.00171863	
288.00171794	
288.00171725	
288.00171656	
288.00171588	
288.00171519	
288.00171451	
288.00171382	
288.00171313	
288.00171245	
288.00171176	
288.00171108	
288.00171039	
288.00170971	
288.00170903	
288.00170834	
288.00170766	
288.00170698	
288.00170629	
288.00170561	
288.00170493	
288.00170425	
288.00170357	
288.00170288	
288.00170220	
288.00170152	
288.00170084	
288.00170016	
288.00169948	
288.00169880	
288.00169812	
288.00169744	
288.00169676	
288.00169608	
288.00169541	
288.00169473	
288.00169405	
288.00169337	
288.00169270	
288.00169202	
288.00169134	
288.00169066	
288.00168999	
288.00168931	
288.00168864	
288.00168796	
288.00168729	
288.00168661	
288.00168594	
288.00168526	
288.00168459	
288.00168391	
288.00168324	
288.00168257	
288.00168189	
288.00168122	
288.00168055	
288.00167988	
288.00167921	
288.00167853	
288.00167786	
288.00167719	
288.00167652	
288.00167585	
288.00167518	
288.00167451	
288.00167384	
288.00167317	
288.00167250	
288.00167183	
288.00167116	
288.00167049	
288.00166983	
288.00166916	
288.00166849	
288.00166782	
288.00166716	
288.00166649	
288.00166582	
288.00166516	
288.00166449	
288.00166382	
288.00166316	
288.00166249	
288.00166183	
288.00166116	
288.00166050	
288.00165984	
288.00165917	
288.00165851	
288.00165784	
288.00165718	
288.00165652	
288.00165586	
288.00165519	
288.00165453	
288.00165387	
288.00165321	
288.00165255	
288.00165189	
288.00165122	
288.00165056	
288.00164990	
288.00164924	
288.00164858	
288.00164792	
288.00164727	
288.00164661	
288.00164595	
288.00164529	
288.00164463	
288.00164397	
288.00164332	
288.00164266	
288.00164200	
288.00164134	
288.00164069	
288.00164003	
288.00163938	
288.00163872	
288.00163806	
288.00163741	
288.00163675	
288.00163610	
288.00163545	
288.00163479	
288.00163414	
288.00163348	
288.00163283	
288.00163218	
288.00163152	
288.00163087	
288.00163022	
288.00162957	
288.00162892	
288.00162826	
288.00162761	
288.00162696	
288.00162631	
288.00162566	
288.00162501	
288.00162436	
288.00162371	
288.00162306	
288.00162241	
288.00162176	
288.00162111	
288.00162047	
288.00161982	
288.00161917	
288.00161852	
288.00161787	
288.00161723	
288.00161658	
288.00161593	
288.00161529	
288.00161464	
288.00161400	
288.00161335	
288.00161270	
288.00161206	
288.00161141	
288.00161077	
288.00161013	
288.00160948	
288.00160884	
288.00160819	
288.00160755	
288.00160691	
288.00160627	
288.00160562	
288.00160498	
288.00160434	
288.00160370	
288.00160306	
288.00160241	
288.00160177	
288.00160113	
288.00160049	
288.00159985	
288.00159921	
288.00159857	
288.00159793	
288.00159729	
288.00159665	
288.00159602	
288.00159538	
288.00159474	
288.00159410	
288.00159346	
288.00159283	
288.00159219	
288.00159155	
288.00159092	
288.00159028	
288.00158964	
288.00158901	
288.00158837	
288.00158774	
288.00158710	
288.00158647	
288.00158583	
288.00158520	
288.00158456	
288.00158393	
288.00158330	
288.00158266	
288.00158203	
288.00158140	
288.00158076	
288.00158013	
288.00157950	
288.00157887	
288.00157824	
288.00157761	
288.00157697	
288.00157634	
288.00157571	
288.00157508	
288.00157445	
288.00157382	
288.00157319	
288.00157256	
288.00157194	
288.00157131	
288.00157068	
288.00157005	
288.00156942	
288.00156879	
288.00156817	
288.00156754	
288.00156691	
288.00156629	
288.00156566	
288.00156503	
288.00156441	
288.00156378	
288.00156316	
288.00156253	
288.00156190	
288.00156128	
288.00156066	
288.00156003	
288.00155941	
288.00155878	
288.00155816	
288.00155754	
288.00155691	
288.00155629	
288.00155567	
288.00155505	
288.00155442	
288.00155380	
288.00155318	
288.00155256	
288.00155194	
288.00155132	
288.00155070	
288.00155008	
288.00154946	
288.00154884	
288.00154822	
288.00154760	
288.00154698	
288.00154636	
288.00154574	
288.00154512	
288.00154451	
288.00154389	
288.00154327	
288.00154265	
288.00154204	
288.00154142	
288.00154080	
288.00154019	
288.00153957	
288.00153895	
288.00153834	
288.00153772	
288.00153711	
288.00153649	
288.00153588	
288.00153526	
288.00153465	
288.00153404	
288.00153342	
288.00153281	
288.00153220	
288.00153158	
288.00153097	
288.00153036	
288.00152975	
288.00152913	
288.00152852	
288.00152791	
288.00152730	
288.00152669	
288.00152608	
288.00152547	
288.00152486	
288.00152425	
288.00152364	
288.00152303	
288.00152242	
288.00152181	
288.00152120	
288.00152059	
288.00151999	
288.00151938	
288.00151877	
288.00151816	
288.00151755	
288.00151695	
288.00151634	
288.00151573	
288.00151513	
288.00151452	
288.00151392	
288.00151331	
288.00151271	
288.00151210	
288.00151150	
288.00151089	
288.00151029	
288.00150968	
288.00150908	
288.00150847	
288.00150787	
288.00150727	
288.00150667	
288.00150606	
288.00150546	
288.00150486	
288.00150426	
288.00150365	
288.00150305	
288.00150245	
288.00150185	
288.00150125	
288.00150065	
288.00150005	
288.00149945	
288.00149885	
288.00149825	
288.00149765	
288.00149705	
288.00149645	
288.00149585	
288.00149526	
288.00149466	
288.00149406	
288.00149346	
288.00149286	
288.00149227	
288.00149167	
288.00149107	
288.00149048	
288.00148988	
288.00148929	
288.00148869	
288.00148809	
288.00148750	
288.00148690	
288.00148631	
288.00148571	
288.00148512	
288.00148453	
288.00148393	
288.00148334	
288.00148275	
288.00148215	
288.00148156	
288.00148097	
288.00148037	
288.00147978	
288.00147919	
288.00147860	
288.00147801	
288.00147742	
288.00147683	
288.00147623	
288.00147564	
288.00147505	
288.00147446	
288.00147387	
288.00147328	
288.00147270	
288.00147211	
288.00147152	
288.00147093	
288.00147034	
288.00146975	
288.00146916	
288.00146858	
288.00146799	
288.00146740	
288.00146682	
288.00146623	
288.00146564	
288.00146506	
288.00146447	
288.00146388	
288.00146330	
288.00146271	
288.00146213	
288.00146154	
288.00146096	
288.00146037	
288.00145979	
288.00145921	
288.00145862	
288.00145804	
288.00145746	
288.00145687	
288.00145629	
288.00145571	
288.00145513	
288.00145454	
288.00145396	
288.00145338	
288.00145280	
288.00145222	
288.00145164	
288.00145106	
288.00145048	
288.00144990	
288.00144932	
288.00144874	
288.00144816	
288.00144758	
288.00144700	
288.00144642	
288.00144584	
288.00144526	
288.00144468	
288.00144411	
288.00144353	
288.00144295	
288.00144237	
288.00144180	
288.00144122	
288.00144064	
288.00144007	
288.00143949	
288.00143892	
288.00143834	
288.00143776	
288.00143719	
288.00143661	
288.00143604	
288.00143547	
288.00143489	
288.00143432	
288.00143374	
288.00143317	
288.00143260	
288.00143202	
288.00143145	
288.00143088	
288.00143031	
288.00142973	
288.00142916	
288.00142859	
288.00142802	
288.00142745	
288.00142688	
288.00142631	
288.00142574	
288.00142517	
288.00142460	
288.00142403	
288.00142346	
288.00142289	
288.00142232	
288.00142175	
288.00142118	
288.00142061	
288.00142004	
288.00141947	
288.00141891	
288.00141834	
288.00141777	
288.00141720	
288.00141664	
288.00141607	
288.00141551	
288.00141494	
288.00141437	
288.00141381	
288.00141324	
288.00141268	
288.00141211	
288.00141155	
288.00141098	
288.00141042	
288.00140985	
288.00140929	
288.00140873	
288.00140816	
288.00140760	
288.00140704	
288.00140647	
288.00140591	
288.00140535	
288.00140479	
288.00140422	
288.00140366	
288.00140310	
288.00140254	
288.00140198	
288.00140142	
288.00140086	
288.00140030	
288.00139974	
288.00139918	
288.00139862	
288.00139806	
288.00139750	
288.00139694	
288.00139638	
288.00139582	
288.00139526	
288.00139471	
288.00139415	
288.00139359	
288.00139303	
288.00139248	
288.00139192	
288.00139136	
288.00139081	
288.00139025	
288.00138969	
288.00138914	
288.00138858	
288.00138803	
288.00138747	
288.00138692	
288.00138636	
288.00138581	
288.00138525	
288.00138470	
288.00138414	
288.00138359	
288.00138304	
288.00138248	
288.00138193	
288.00138138	
288.00138083	
288.00138027	
288.00137972	
288.00137917	
288.00137862	
288.00137807	
288.00137751	
288.00137696	
288.00137641	
288.00137586	
288.00137531	
288.00137476	
288.00137421	
288.00137366	
288.00137311	
288.00137256	
288.00137201	
288.00137147	
288.00137092	
288.00137037	
288.00136982	
288.00136927	
288.00136873	
288.00136818	
288.00136763	
288.00136708	
288.00136654	
288.00136599	
288.00136544	
288.00136490	
288.00136435	
288.00136381	
288.00136326	
288.00136271	
288.00136217	
288.00136162	
288.00136108	
288.00136054	
288.00135999	
288.00135945	
288.00135890	
288.00135836	
288.00135782	
288.00135727	
288.00135673	
288.00135619	
288.00135565	
288.00135510	
288.00135456	
288.00135402	
288.00135348	
288.00135294	
288.00135240	
288.00135185	
288.00135131	
288.00135077	
288.00135023	
288.00134969	
288.00134915	
288.00134861	
288.00134807	
288.00134753	
288.00134700	
288.00134646	
288.00134592	
288.00134538	
288.00134484	
288.00134430	
288.00134377	
288.00134323	
288.00134269	
288.00134215	
288.00134162	
288.00134108	
288.00134054	
288.00134001	
288.00133947	
288.00133894	
288.00133840	
288.00133787	
288.00133733	
288.00133679	
288.00133626	
288.00133573	
288.00133519	
288.00133466	
288.00133412	
288.00133359	
288.00133306	
288.00133252	
288.00133199	
288.00133146	
288.00133092	
288.00133039	
288.00132986	
288.00132933	
288.00132880	
288.00132827	
288.00132773	
288.00132720	
288.00132667	
288.00132614	
288.00132561	
288.00132508	
288.00132455	
288.00132402	
288.00132349	
288.00132296	
288.00132243	
288.00132190	
288.00132137	
288.00132085	
288.00132032	
288.00131979	
288.00131926	
288.00131873	
288.00131821	
288.00131768	
288.00131715	
288.00131663	
288.00131610	
288.00131557	
288.00131505	
288.00131452	
288.00131399	
288.00131347	
288.00131294	
288.00131242	
288.00131189	
288.00131137	
288.00131084	
288.00131032	
288.00130980	
288.00130927	
288.00130875	
288.00130822	
288.00130770	
288.00130718	
288.00130665	
288.00130613	
288.00130561	
288.00130509	
288.00130457	
288.00130404	
288.00130352	
288.00130300	
288.00130248	
288.00130196	
288.00130144	
288.00130092	
288.00130040	
288.00129988	
288.00129936	
288.00129884	
288.00129832	
288.00129780	
288.00129728	
288.00129676	
288.00129624	
288.00129572	
288.00129520	
288.00129469	
288.00129417	
288.00129365	
288.00129313	
288.00129262	
288.00129210	
288.00129158	
288.00129107	
288.00129055	
288.00129003	
288.00128952	
288.00128900	
288.00128849	
288.00128797	
288.00128746	
288.00128694	
288.00128643	
288.00128591	
288.00128540	
288.00128488	
288.00128437	
288.00128385	
288.00128334	
288.00128283	
288.00128231	
288.00128180	
288.00128129	
288.00128078	
288.00128026	
288.00127975	
288.00127924	
288.00127873	
288.00127822	
288.00127771	
288.00127719	
288.00127668	
288.00127617	
288.00127566	
288.00127515	
288.00127464	
288.00127413	
288.00127362	
288.00127311	
288.00127260	
288.00127209	
288.00127159	
288.00127108	
288.00127057	
288.00127006	
288.00126955	
288.00126904	
288.00126854	
288.00126803	
288.00126752	
288.00126702	
288.00126651	
288.00126600	
288.00126550	
288.00126499	
288.00126448	
288.00126398	
288.00126347	
288.00126297	
288.00126246	
288.00126196	
288.00126145	
288.00126095	
288.00126044	
288.00125994	
288.00125943	
288.00125893	
288.00125843	
288.00125792	
288.00125742	
288.00125692	
288.00125642	
288.00125591	
288.00125541	
288.00125491	
288.00125441	
288.00125390	
288.00125340	
288.00125290	
288.00125240	
288.00125190	
288.00125140	
288.00125090	
288.00125040	
288.00124990	
288.00124940	
288.00124890	
288.00124840	
288.00124790	
288.00124740	
288.00124690	
288.00124640	
288.00124590	
288.00124540	
288.00124491	
288.00124441	
288.00124391	
288.00124341	
288.00124292	
288.00124242	
288.00124192	
288.00124143	
288.00124093	
288.00124043	
288.00123994	
288.00123944	
288.00123894	
288.00123845	
288.00123795	
288.00123746	
288.00123696	
288.00123647	
288.00123597	
288.00123548	
288.00123499	
288.00123449	
288.00123400	
288.00123350	
288.00123301	
288.00123252	
288.00123202	
288.00123153	
288.00123104	
288.00123055	
288.00123005	
288.00122956	
288.00122907	
288.00122858	
288.00122809	
288.00122760	
288.00122711	
288.00122661	
288.00122612	
288.00122563	
288.00122514	
288.00122465	
288.00122416	
288.00122367	
288.00122318	
288.00122269	
288.00122221	
288.00122172	
288.00122123	
288.00122074	
288.00122025	
288.00121976	
288.00121928	
288.00121879	
288.00121830	
288.00121781	
288.00121733	
288.00121684	
288.00121635	
288.00121587	
288.00121538	
288.00121489	
288.00121441	
288.00121392	
288.00121344	
288.00121295	
288.00121246	
288.00121198	
288.00121150	
288.00121101	
288.00121053	
288.00121004	
288.00120956	
288.00120907	
288.00120859	
288.00120811	
288.00120762	
288.00120714	
288.00120666	
288.00120618	
288.00120569	
288.00120521	
288.00120473	
288.00120425	
288.00120376	
288.00120328	
288.00120280	
288.00120232	
288.00120184	
288.00120136	
288.00120088	
288.00120040	
288.00119992	
288.00119944	
288.00119896	
288.00119848	
288.00119800	
288.00119752	
288.00119704	
288.00119656	
288.00119608	
288.00119561	
288.00119513	
288.00119465	
288.00119417	
288.00119369	
288.00119322	
288.00119274	
288.00119226	
288.00119178	
288.00119131	
288.00119083	
288.00119036	
288.00118988	
288.00118940	
288.00118893	
288.00118845	
288.00118798	
288.00118750	
288.00118703	
288.00118655	
288.00118608	
288.00118560	
288.00118513	
288.00118465	
288.00118418	
288.00118371	
288.00118323	
288.00118276	
288.00118229	
288.00118181	
288.00118134	
288.00118087	
288.00118040	
288.00117992	
288.00117945	
288.00117898	
288.00117851	
288.00117804	
288.00117757	
288.00117709	
288.00117662	
288.00117615	
288.00117568	
288.00117521	
288.00117474	
288.00117427	
288.00117380	
288.00117333	
288.00117286	
288.00117240	
288.00117193	
288.00117146	
288.00117099	
288.00117052	
288.00117005	
288.00116958	
288.00116912	
288.00116865	
288.00116818	
288.00116771	
288.00116725	
288.00116678	
288.00116631	
288.00116585	
288.00116538	
288.00116491	
288.00116445	
288.00116398	
288.00116352	
288.00116305	
288.00116259	
288.00116212	
288.00116166	
288.00116119	
288.00116073	
288.00116026	
288.00115980	
288.00115933	
288.00115887	
288.00115841	
288.00115794	
288.00115748	
288.00115702	
288.00115656	
288.00115609	
288.00115563	
288.00115517	
288.00115471	
288.00115424	
288.00115378	
288.00115332	
288.00115286	
288.00115240	
288.00115194	
288.00115148	
288.00115102	
288.00115056	
288.00115010	
288.00114964	
288.00114918	
288.00114872	
288.00114826	
288.00114780	
288.00114734	
288.00114688	
288.00114642	
288.00114596	
288.00114550	
288.00114505	
288.00114459	
288.00114413	
288.00114367	
288.00114321	
288.00114276	
288.00114230	
288.00114184	
288.00114139	
288.00114093	
288.00114047	
288.00114002	
288.00113956	
288.00113911	
288.00113865	
288.00113819	
288.00113774	
288.00113728	
288.00113683	
288.00113637	
288.00113592	
288.00113547	
288.00113501	
288.00113456	
288.00113410	
288.00113365	
288.00113320	
288.00113274	
288.00113229	
288.00113184	
288.00113138	
288.00113093	
288.00113048	
288.00113003	
288.00112957	
288.00112912	
288.00112867	
288.00112822	
288.00112777	
288.00112732	
288.00112687	
288.00112642	
288.00112597	
288.00112551	
288.00112506	
288.00112461	
288.00112416	
288.00112372	
288.00112327	
288.00112282	
288.00112237	
288.00112192	
288.00112147	
288.00112102	
288.00112057	
288.00112012	
288.00111968	
288.00111923	
288.00111878	
288.00111833	
288.00111789	
288.00111744	
288.00111699	
288.00111654	
288.00111610	
288.00111565	
288.00111521	
288.00111476	
288.00111431	
288.00111387	
288.00111342	
288.00111298	
288.00111253	
288.00111209	
288.00111164	
288.00111120	
288.00111075	
288.00111031	
288.00110986	
288.00110942	
288.00110898	
288.00110853	
288.00110809	
288.00110765	
288.00110720	
288.00110676	
288.00110632	
288.00110588	
288.00110543	
288.00110499	
288.00110455	
288.00110411	
288.00110367	
288.00110322	
288.00110278	
288.00110234	
288.00110190	
288.00110146	
288.00110102	
288.00110058	
288.00110014	
288.00109970	
288.00109926	
288.00109882	
288.00109838	
288.00109794	
288.00109750	
288.00109706	
288.00109662	
288.00109618	
288.00109575	
288.00109531	
288.00109487	
288.00109443	
288.00109399	
288.00109356	
288.00109312	
288.00109268	
288.00109224	
288.00109181	
288.00109137	
288.00109093	
288.00109050	
288.00109006	
288.00108963	
288.00108919	
288.00108875	
288.00108832	
288.00108788	
288.00108745	
288.00108701	
288.00108658	
288.00108614	
288.00108571	
288.00108527	
288.00108484	
288.00108441	
288.00108397	
288.00108354	
288.00108311	
288.00108267	
288.00108224	
288.00108181	
288.00108137	
288.00108094	
288.00108051	
288.00108008	
288.00107964	
288.00107921	
288.00107878	
288.00107835	
288.00107792	
288.00107749	
288.00107706	
288.00107663	
288.00107619	
288.00107576	
288.00107533	
288.00107490	
288.00107447	
288.00107404	
288.00107361	
288.00107319	
288.00107276	
288.00107233	
288.00107190	
288.00107147	
288.00107104	
288.00107061	
288.00107018	
288.00106976	
288.00106933	
288.00106890	
288.00106847	
288.00106805	
288.00106762	
288.00106719	
288.00106676	
288.00106634	
288.00106591	
288.00106548	
288.00106506	
288.00106463	
288.00106421	
288.00106378	
288.00106336	
288.00106293	
288.00106250	
288.00106208	
288.00106165	
288.00106123	
288.00106081	
288.00106038	
288.00105996	
288.00105953	
288.00105911	
288.00105869	
288.00105826	
288.00105784	
288.00105742	
288.00105699	
288.00105657	
288.00105615	
288.00105572	
288.00105530	
288.00105488	
288.00105446	
288.00105404	
288.00105362	
288.00105319	
288.00105277	
288.00105235	
288.00105193	
288.00105151	
288.00105109	
288.00105067	
288.00105025	
288.00104983	
288.00104941	
288.00104899	
288.00104857	
288.00104815	
288.00104773	
288.00104731	
288.00104689	
288.00104647	
288.00104605	
288.00104564	
288.00104522	
288.00104480	
288.00104438	
288.00104396	
288.00104355	
288.00104313	
288.00104271	
288.00104230	
288.00104188	
288.00104146	
288.00104104	
288.00104063	
288.00104021	
288.00103980	
288.00103938	
288.00103896	
288.00103855	
288.00103813	
288.00103772	
288.00103730	
288.00103689	
288.00103647	
288.00103606	
288.00103564	
288.00103523	
288.00103482	
288.00103440	
288.00103399	
288.00103357	
288.00103316	
288.00103275	
288.00103234	
288.00103192	
288.00103151	
288.00103110	
288.00103068	
288.00103027	
288.00102986	
288.00102945	
288.00102904	
288.00102862	
288.00102821	
288.00102780	
288.00102739	
288.00102698	
288.00102657	
288.00102616	
288.00102575	
288.00102534	
288.00102493	
288.00102452	
288.00102411	
288.00102370	
288.00102329	
288.00102288	
288.00102247	
288.00102206	
288.00102165	
288.00102124	
288.00102084	
288.00102043	
288.00102002	
288.00101961	
288.00101920	
288.00101880	
288.00101839	
288.00101798	
288.00101757	
288.00101717	
288.00101676	
288.00101635	
288.00101595	
288.00101554	
288.00101513	
288.00101473	
288.00101432	
288.00101392	
288.00101351	
288.00101310	
288.00101270	
288.00101229	
288.00101189	
288.00101148	
288.00101108	
288.00101068	
288.00101027	
288.00100987	
288.00100946	
288.00100906	
288.00100866	
288.00100825	
288.00100785	
288.00100745	
288.00100704	
288.00100664	
288.00100624	
288.00100583	
288.00100543	
288.00100503	
288.00100463	
288.00100423	
288.00100382	
288.00100342	
288.00100302	
288.00100262	
288.00100222	
288.00100182	
288.00100142	
288.00100102	
288.00100062	
288.00100022	
288.00099982	
288.00099942	
288.00099902	
288.00099862	
288.00099822	
288.00099782	
288.00099742	
288.00099702	
288.00099662	
288.00099622	
288.00099582	
288.00099543	
288.00099503	
288.00099463	
288.00099423	
288.00099383	
288.00099344	
288.00099304	
288.00099264	
288.00099225	
288.00099185	
288.00099145	
288.00099106	
288.00099066	
288.00099026	
288.00098987	
288.00098947	
288.00098907	
288.00098868	
288.00098828	
288.00098789	
288.00098749	
288.00098710	
288.00098670	
288.00098631	
288.00098591	
288.00098552	
288.00098513	
288.00098473	
288.00098434	
288.00098394	
288.00098355	
288.00098316	
288.00098276	
288.00098237	
288.00098198	
288.00098158	
288.00098119	
288.00098080	
288.00098041	
288.00098002	
288.00097962	
288.00097923	
288.00097884	
288.00097845	
288.00097806	
288.00097767	
288.00097727	
288.00097688	
288.00097649	
288.00097610	
288.00097571	
288.00097532	
288.00097493	
288.00097454	
288.00097415	
288.00097376	
288.00097337	
288.00097298	
288.00097259	
288.00097220	
288.00097182	
288.00097143	
288.00097104	
288.00097065	
288.00097026	
288.00096987	
288.00096949	
288.00096910	
288.00096871	
288.00096832	
288.00096794	
288.00096755	
288.00096716	
288.00096677	
288.00096639	
288.00096600	
288.00096561	
288.00096523	
288.00096484	
288.00096446	
288.00096407	
288.00096369	
288.00096330	
288.00096291	
288.00096253	
288.00096214	
288.00096176	
288.00096137	
288.00096099	
288.00096061	
288.00096022	
288.00095984	
288.00095945	
288.00095907	
288.00095869	
288.00095830	
288.00095792	
288.00095754	
288.00095715	
288.00095677	
288.00095639	
288.00095601	
288.00095562	
288.00095524	
288.00095486	
288.00095448	
288.00095409	
288.00095371	
288.00095333	
288.00095295	
288.00095257	
288.00095219	
288.00095181	
288.00095143	
288.00095105	
288.00095067	
288.00095029	
288.00094990	
288.00094952	
288.00094915	
288.00094877	
288.00094839	
288.00094801	
288.00094763	
288.00094725	
288.00094687	
288.00094649	
288.00094611	
288.00094573	
288.00094536	
288.00094498	
288.00094460	
288.00094422	
288.00094384	
288.00094347	
288.00094309	
288.00094271	
288.00094233	
288.00094196	
288.00094158	
288.00094120	
288.00094083	
288.00094045	
288.00094008	
288.00093970	
288.00093932	
288.00093895	
288.00093857	
288.00093820	
288.00093782	
288.00093745	
288.00093707	
288.00093670	
288.00093632	
288.00093595	
288.00093557	
288.00093520	
288.00093482	
288.00093445	
288.00093408	
288.00093370	
288.00093333	
288.00093296	
288.00093258	
288.00093221	
288.00093184	
288.00093146	
288.00093109	
288.00093072	
288.00093035	
288.00092997	
288.00092960	
288.00092923	
288.00092886	
288.00092849	
288.00092812	
288.00092775	
288.00092737	
288.00092700	
288.00092663	
288.00092626	
288.00092589	
288.00092552	
288.00092515	
288.00092478	
288.00092441	
288.00092404	
288.00092367	
288.00092330	
288.00092293	
288.00092256	
288.00092219	
288.00092183	
288.00092146	
288.00092109	
288.00092072	
288.00092035	
288.00091998	
288.00091962	
288.00091925	
288.00091888	
288.00091851	
288.00091814	
288.00091778	
288.00091741	
288.00091704	
288.00091668	
288.00091631	
288.00091594	
288.00091558	
288.00091521	
288.00091484	
288.00091448	
288.00091411	
288.00091375	
288.00091338	
288.00091302	
288.00091265	
288.00091229	
288.00091192	
288.00091156	
288.00091119	
288.00091083	
288.00091046	
288.00091010	
288.00090973	
288.00090937	
288.00090901	
288.00090864	
288.00090828	
288.00090792	
288.00090755	
288.00090719	
288.00090683	
288.00090647	
288.00090610	
288.00090574	
288.00090538	
288.00090502	
288.00090465	
288.00090429	
288.00090393	
288.00090357	
288.00090321	
288.00090285	
288.00090248	
288.00090212	
288.00090176	
288.00090140	
288.00090104	
288.00090068	
288.00090032	
288.00089996	
288.00089960	
288.00089924	
288.00089888	
288.00089852	
288.00089816	
288.00089780	
288.00089744	
288.00089708	
288.00089673	
288.00089637	
288.00089601	
288.00089565	
288.00089529	
288.00089493	
288.00089458	
288.00089422	
288.00089386	
288.00089350	
288.00089315	
288.00089279	
288.00089243	
288.00089207	
288.00089172	
288.00089136	
288.00089100	
288.00089065	
288.00089029	
288.00088994	
288.00088958	
288.00088922	
288.00088887	
288.00088851	
288.00088816	
288.00088780	
288.00088745	
288.00088709	
288.00088674	
288.00088638	
288.00088603	
288.00088567	
288.00088532	
288.00088496	
288.00088461	
288.00088426	
288.00088390	
288.00088355	
288.00088320	
288.00088284	
288.00088249	
288.00088214	
288.00088178	
288.00088143	
288.00088108	
288.00088073	
288.00088037	
288.00088002	
288.00087967	
288.00087932	
288.00087897	
288.00087861	
288.00087826	
288.00087791	
288.00087756	
288.00087721	
288.00087686	
288.00087651	
288.00087616	
288.00087581	
288.00087546	
288.00087511	
288.00087476	
288.00087441	
288.00087406	
288.00087371	
288.00087336	
288.00087301	
288.00087266	
288.00087231	
288.00087196	
288.00087161	
288.00087126	
288.00087092	
288.00087057	
288.00087022	
288.00086987	
288.00086952	
288.00086917	
288.00086883	
288.00086848	
288.00086813	
288.00086778	
288.00086744	
288.00086709	
288.00086674	
288.00086640	
288.00086605	
288.00086570	
288.00086536	
288.00086501	
288.00086467	
288.00086432	
288.00086397	
288.00086363	
288.00086328	
288.00086294	
288.00086259	
288.00086225	
288.00086190	
288.00086156	
288.00086121	
288.00086087	
288.00086052	
288.00086018	
288.00085984	
288.00085949	
288.00085915	
288.00085880	
288.00085846	
288.00085812	
288.00085777	
288.00085743	
288.00085709	
288.00085675	
288.00085640	
288.00085606	
288.00085572	
288.00085538	
288.00085503	
288.00085469	
288.00085435	
288.00085401	
288.00085367	
288.00085332	
288.00085298	
288.00085264	
288.00085230	
288.00085196	
288.00085162	
288.00085128	
288.00085094	
288.00085060	
288.00085026	
288.00084992	
288.00084958	
288.00084924	
288.00084890	
288.00084856	
288.00084822	
288.00084788	
288.00084754	
288.00084720	
288.00084686	
288.00084652	
288.00084619	
288.00084585	
288.00084551	
288.00084517	
288.00084483	
288.00084449	
288.00084416	
288.00084382	
288.00084348	
288.00084314	
288.00084281	
288.00084247	
288.00084213	
288.00084180	
288.00084146	
288.00084112	
288.00084079	
288.00084045	
288.00084011	
288.00083978	
288.00083944	
288.00083911	
288.00083877	
288.00083843	
288.00083810	
288.00083776	
288.00083743	
288.00083709	
288.00083676	
288.00083642	
288.00083609	
288.00083576	
288.00083542	
288.00083509	
288.00083475	
288.00083442	
288.00083409	
288.00083375	
288.00083342	
288.00083308	
288.00083275	
288.00083242	
288.00083209	
288.00083175	
288.00083142	
288.00083109	
288.00083076	
288.00083042	
288.00083009	
288.00082976	
288.00082943	
288.00082909	
288.00082876	
288.00082843	
288.00082810	
288.00082777	
288.00082744	
288.00082711	
288.00082678	
288.00082645	
288.00082611	
288.00082578	
288.00082545	
288.00082512	
288.00082479	
288.00082446	
288.00082413	
288.00082380	
288.00082348	
288.00082315	
288.00082282	
288.00082249	
288.00082216	
288.00082183	
288.00082150	
288.00082117	
288.00082084	
288.00082052	
288.00082019	
288.00081986	
288.00081953	
288.00081920	
288.00081888	
288.00081855	
288.00081822	
288.00081789	
288.00081757	
288.00081724	
288.00081691	
288.00081659	
288.00081626	
288.00081593	
288.00081561	
288.00081528	
288.00081495	
288.00081463	
288.00081430	
288.00081398	
288.00081365	
288.00081333	
288.00081300	
288.00081267	
288.00081235	
288.00081202	
288.00081170	
288.00081138	
288.00081105	
288.00081073	
288.00081040	
288.00081008	
288.00080975	
288.00080943	
288.00080911	
288.00080878	
288.00080846	
288.00080814	
288.00080781	
288.00080749	
288.00080717	
288.00080684	
288.00080652	
288.00080620	
288.00080588	
288.00080555	
288.00080523	
288.00080491	
288.00080459	
288.00080426	
288.00080394	
288.00080362	
288.00080330	
288.00080298	
288.00080266	
288.00080234	
288.00080202	
288.00080169	
288.00080137	
288.00080105	
288.00080073	
288.00080041	
288.00080009	
288.00079977	
288.00079945	
288.00079913	
288.00079881	
288.00079849	
288.00079817	
288.00079786	
288.00079754	
288.00079722	
288.00079690	
288.00079658	
288.00079626	
288.00079594	
288.00079562	
288.00079531	
288.00079499	
288.00079467	
288.00079435	
288.00079403	
288.00079372	
288.00079340	
288.00079308	
288.00079276	
288.00079245	
288.00079213	
288.00079181	
288.00079150	
288.00079118	
288.00079086	
288.00079055	
288.00079023	
288.00078991	
288.00078960	
288.00078928	
288.00078897	
288.00078865	
288.00078834	
288.00078802	
288.00078771	
288.00078739	
288.00078708	
288.00078676	
288.00078645	
288.00078613	
288.00078582	
288.00078550	
288.00078519	
288.00078487	
288.00078456	
288.00078425	
288.00078393	
288.00078362	
288.00078331	
288.00078299	
288.00078268	
288.00078237	
288.00078205	
288.00078174	
288.00078143	
288.00078112	
288.00078080	
288.00078049	
288.00078018	
288.00077987	
288.00077955	
288.00077924	
288.00077893	
288.00077862	
288.00077831	
288.00077800	
288.00077769	
288.00077737	
288.00077706	
288.00077675	
288.00077644	
288.00077613	
288.00077582	
288.00077551	
288.00077520	
288.00077489	
288.00077458	
288.00077427	
288.00077396	
288.00077365	
288.00077334	
288.00077303	
288.00077272	
288.00077241	
288.00077210	
288.00077180	
288.00077149	
288.00077118	
288.00077087	
288.00077056	
288.00077025	
288.00076995	
288.00076964	
288.00076933	
288.00076902	
288.00076871	
288.00076841	
288.00076810	
288.00076779	
288.00076749	
288.00076718	
288.00076687	
288.00076656	
288.00076626	
288.00076595	
288.00076565	
288.00076534	
288.00076503	
288.00076473	
288.00076442	
288.00076412	
288.00076381	
288.00076350	
288.00076320	
288.00076289	
288.00076259	
288.00076228	
288.00076198	
288.00076167	
288.00076137	
288.00076106	
288.00076076	
288.00076046	
288.00076015	
288.00075985	
288.00075954	
288.00075924	
288.00075894	
288.00075863	
288.00075833	
288.00075803	
288.00075772	
288.00075742	
288.00075712	
288.00075681	
288.00075651	
288.00075621	
288.00075591	
288.00075560	
288.00075530	
288.00075500	
288.00075470	
288.00075439	
288.00075409	
288.00075379	
288.00075349	
288.00075319	
288.00075289	
288.00075259	
288.00075228	
288.00075198	
288.00075168	
288.00075138	
288.00075108	
288.00075078	
288.00075048	
288.00075018	
288.00074988	
288.00074958	
288.00074928	
288.00074898	
288.00074868	
288.00074838	
288.00074808	
288.00074778	
288.00074748	
288.00074719	
288.00074689	
288.00074659	
288.00074629	
288.00074599	
288.00074569	
288.00074539	
288.00074510	
288.00074480	
288.00074450	
288.00074420	
288.00074390	
288.00074361	
288.00074331	
288.00074301	
288.00074272	
288.00074242	
288.00074212	
288.00074182	
288.00074153	
288.00074123	
288.00074093	
288.00074064	
288.00074034	
288.00074005	
288.00073975	
288.00073945	
288.00073916	
288.00073886	
288.00073857	
288.00073827	
288.00073798	
288.00073768	
288.00073739	
288.00073709	
288.00073680	
288.00073650	
288.00073621	
288.00073591	
288.00073562	
288.00073532	
288.00073503	
288.00073474	
288.00073444	
288.00073415	
288.00073385	
288.00073356	
288.00073327	
288.00073297	
288.00073268	
288.00073239	
288.00073209	
288.00073180	
288.00073151	
288.00073122	
288.00073092	
288.00073063	
288.00073034	
288.00073005	
288.00072976	
288.00072946	
288.00072917	
288.00072888	
288.00072859	
288.00072830	
288.00072801	
288.00072771	
288.00072742	
288.00072713	
288.00072684	
288.00072655	
288.00072626	
288.00072597	
288.00072568	
288.00072539	
288.00072510	
288.00072481	
288.00072452	
288.00072423	
288.00072394	
288.00072365	
288.00072336	
288.00072307	
288.00072278	
288.00072249	
288.00072220	
288.00072191	
288.00072163	
288.00072134	
288.00072105	
288.00072076	
288.00072047	
288.00072018	
288.00071990	
288.00071961	
288.00071932	
288.00071903	
288.00071874	
288.00071846	
288.00071817	
288.00071788	
288.00071760	
288.00071731	
288.00071702	
288.00071673	
288.00071645	
288.00071616	
288.00071587	
288.00071559	
288.00071530	
288.00071502	
288.00071473	
288.00071444	
288.00071416	
288.00071387	
288.00071359	
288.00071330	
288.00071302	
288.00071273	
288.00071245	
288.00071216	
288.00071188	
288.00071159	
288.00071131	
288.00071102	
288.00071074	
288.00071045	
288.00071017	
288.00070989	
288.00070960	
288.00070932	
288.00070903	
288.00070875	
288.00070847	
288.00070818	
288.00070790	
288.00070762	
288.00070733	
288.00070705	
288.00070677	
288.00070649	
288.00070620	
288.00070592	
288.00070564	
288.00070536	
288.00070507	
288.00070479	
288.00070451	
288.00070423	
288.00070395	
288.00070366	
288.00070338	
288.00070310	
288.00070282	
288.00070254	
288.00070226	
288.00070198	
288.00070170	
288.00070142	
288.00070114	
288.00070086	
288.00070057	
288.00070029	
288.00070001	
288.00069973	
288.00069945	
288.00069917	
288.00069889	
288.00069862	
288.00069834	
288.00069806	
288.00069778	
288.00069750	
288.00069722	
288.00069694	
288.00069666	
288.00069638	
288.00069610	
288.00069583	
288.00069555	
288.00069527	
288.00069499	
288.00069471	
288.00069444	
288.00069416	
288.00069388	
288.00069360	
288.00069333	
288.00069305	
288.00069277	
288.00069249	
288.00069222	
288.00069194	
288.00069166	
288.00069139	
288.00069111	
288.00069083	
288.00069056	
288.00069028	
288.00069000	
288.00068973	
288.00068945	
288.00068918	
288.00068890	
288.00068863	
288.00068835	
288.00068807	
288.00068780	
288.00068752	
288.00068725	
288.00068697	
288.00068670	
288.00068642	
288.00068615	
288.00068588	
288.00068560	
288.00068533	
288.00068505	
288.00068478	
288.00068451	
288.00068423	
288.00068396	
288.00068368	
288.00068341	
288.00068314	
288.00068286	
288.00068259	
288.00068232	
288.00068204	
288.00068177	
288.00068150	
288.00068123	
288.00068095	
288.00068068	
288.00068041	
288.00068014	
288.00067987	
288.00067959	
288.00067932	
288.00067905	
288.00067878	
288.00067851	
288.00067824	
288.00067796	
288.00067769	
288.00067742	
288.00067715	
288.00067688	
288.00067661	
288.00067634	
288.00067607	
288.00067580	
288.00067553	
288.00067526	
288.00067499	
288.00067472	
288.00067445	
288.00067418	
288.00067391	
288.00067364	
288.00067337	
288.00067310	
288.00067283	
288.00067256	
288.00067229	
288.00067202	
288.00067175	
288.00067149	
288.00067122	
288.00067095	
288.00067068	
288.00067041	
288.00067014	
288.00066988	
288.00066961	
288.00066934	
288.00066907	
288.00066880	
288.00066854	
288.00066827	
288.00066800	
288.00066773	
288.00066747	
288.00066720	
288.00066693	
288.00066667	
288.00066640	
288.00066613	
288.00066587	
288.00066560	
288.00066533	
288.00066507	
288.00066480	
288.00066454	
288.00066427	
288.00066401	
288.00066374	
288.00066347	
288.00066321	
288.00066294	
288.00066268	
288.00066241	
288.00066215	
288.00066188	
288.00066162	
288.00066135	
288.00066109	
288.00066083	
288.00066056	
288.00066030	
288.00066003	
288.00065977	
288.00065950	
288.00065924	
288.00065898	
288.00065871	
288.00065845	
288.00065819	
288.00065792	
288.00065766	
288.00065740	
288.00065713	
288.00065687	
288.00065661	
288.00065635	
288.00065608	
288.00065582	
288.00065556	
288.00065530	
288.00065503	
288.00065477	
288.00065451	
288.00065425	
288.00065399	
288.00065373	
288.00065346	
288.00065320	
288.00065294	
288.00065268	
288.00065242	
288.00065216	
288.00065190	
288.00065164	
288.00065138	
288.00065112	
288.00065085	
288.00065059	
288.00065033	
288.00065007	
288.00064981	
288.00064955	
288.00064929	
288.00064903	
288.00064877	
288.00064852	
288.00064826	
288.00064800	
288.00064774	
288.00064748	
288.00064722	
288.00064696	
288.00064670	
288.00064644	
288.00064618	
288.00064593	
288.00064567	
288.00064541	
288.00064515	
288.00064489	
288.00064464	
288.00064438	
288.00064412	
288.00064386	
288.00064360	
288.00064335	
288.00064309	
288.00064283	
288.00064258	
288.00064232	
288.00064206	
288.00064180	
288.00064155	
288.00064129	
288.00064103	
288.00064078	
288.00064052	
288.00064027	
288.00064001	
288.00063975	
288.00063950	
288.00063924	
288.00063899	
288.00063873	
288.00063847	
288.00063822	
288.00063796	
288.00063771	
288.00063745	
288.00063720	
288.00063694	
288.00063669	
288.00063643	
288.00063618	
288.00063593	
288.00063567	
288.00063542	
288.00063516	
288.00063491	
288.00063465	
288.00063440	
288.00063415	
288.00063389	
288.00063364	
288.00063339	
288.00063313	
288.00063288	
288.00063263	
288.00063237	
288.00063212	
288.00063187	
288.00063162	
288.00063136	
288.00063111	
288.00063086	
288.00063061	
288.00063035	
288.00063010	
288.00062985	
288.00062960	
288.00062934	
288.00062909	
288.00062884	
288.00062859	
288.00062834	
288.00062809	
288.00062784	
288.00062758	
288.00062733	
288.00062708	
288.00062683	
288.00062658	
288.00062633	
288.00062608	
288.00062583	
288.00062558	
288.00062533	
288.00062508	
288.00062483	
288.00062458	
288.00062433	
288.00062408	
288.00062383	
288.00062358	
288.00062333	
288.00062308	
288.00062283	
288.00062258	
288.00062233	
288.00062209	
288.00062184	
288.00062159	
288.00062134	
288.00062109	
288.00062084	
288.00062059	
288.00062035	
288.00062010	
288.00061985	
288.00061960	
288.00061935	
288.00061911	
288.00061886	
288.00061861	
288.00061836	
288.00061812	
288.00061787	
288.00061762	
288.00061737	
288.00061713	
288.00061688	
288.00061663	
288.00061639	
288.00061614	
288.00061589	
288.00061565	
288.00061540	
288.00061516	
288.00061491	
288.00061466	
288.00061442	
288.00061417	
288.00061393	
288.00061368	
288.00061344	
288.00061319	
288.00061294	
288.00061270	
288.00061245	
288.00061221	
288.00061196	
288.00061172	
288.00061147	
288.00061123	
288.00061099	
288.00061074	
288.00061050	
288.00061025	
288.00061001	
288.00060976	
288.00060952	
288.00060928	
288.00060903	
288.00060879	
288.00060855	
288.00060830	
288.00060806	
288.00060782	
288.00060757	
288.00060733	
288.00060709	
288.00060684	
288.00060660	
288.00060636	
288.00060612	
288.00060587	
288.00060563	
288.00060539	
288.00060515	
288.00060491	
288.00060466	
288.00060442	
288.00060418	
288.00060394	
288.00060370	
288.00060345	
288.00060321	
288.00060297	
288.00060273	
288.00060249	
288.00060225	
288.00060201	
288.00060177	
288.00060153	
288.00060129	
288.00060105	
288.00060080	
288.00060056	
288.00060032	
288.00060008	
288.00059984	
288.00059960	
288.00059936	
288.00059912	
288.00059889	
288.00059865	
288.00059841	
288.00059817	
288.00059793	
288.00059769	
288.00059745	
288.00059721	
288.00059697	
288.00059673	
288.00059649	
288.00059626	
288.00059602	
288.00059578	
288.00059554	
288.00059530	
288.00059506	
288.00059483	
288.00059459	
288.00059435	
288.00059411	
288.00059387	
288.00059364	
288.00059340	
288.00059316	
288.00059292	
288.00059269	
288.00059245	
288.00059221	
288.00059198	
288.00059174	
288.00059150	
288.00059127	
288.00059103	
288.00059079	
288.00059056	
288.00059032	
288.00059009	
288.00058985	
288.00058961	
288.00058938	
288.00058914	
288.00058891	
288.00058867	
288.00058843	
288.00058820	
288.00058796	
288.00058773	
288.00058749	
288.00058726	
288.00058702	
288.00058679	
288.00058655	
288.00058632	
288.00058609	
288.00058585	
288.00058562	
288.00058538	
288.00058515	
288.00058491	
288.00058468	
288.00058445	
288.00058421	
288.00058398	
288.00058375	
288.00058351	
288.00058328	
288.00058304	
288.00058281	
288.00058258	
288.00058235	
288.00058211	
288.00058188	
288.00058165	
288.00058141	
288.00058118	
288.00058095	
288.00058072	
288.00058048	
288.00058025	
288.00058002	
288.00057979	
288.00057956	
288.00057932	
288.00057909	
288.00057886	
288.00057863	
288.00057840	
288.00057817	
288.00057794	
288.00057770	
288.00057747	
288.00057724	
288.00057701	
288.00057678	
288.00057655	
288.00057632	
288.00057609	
288.00057586	
288.00057563	
288.00057540	
288.00057517	
288.00057494	
288.00057471	
288.00057448	
288.00057425	
288.00057402	
288.00057379	
288.00057356	
288.00057333	
288.00057310	
288.00057287	
288.00057264	
288.00057241	
288.00057218	
288.00057196	
288.00057173	
288.00057150	
288.00057127	
288.00057104	
288.00057081	
288.00057058	
288.00057036	
288.00057013	
288.00056990	
288.00056967	
288.00056944	
288.00056922	
288.00056899	
288.00056876	
288.00056853	
288.00056831	
288.00056808	
288.00056785	
288.00056762	
288.00056740	
288.00056717	
288.00056694	
288.00056672	
288.00056649	
288.00056626	
288.00056604	
288.00056581	
288.00056558	
288.00056536	
288.00056513	
288.00056491	
288.00056468	
288.00056445	
288.00056423	
288.00056400	
288.00056378	
288.00056355	
288.00056333	
288.00056310	
288.00056287	
288.00056265	
288.00056242	
288.00056220	
288.00056197	
288.00056175	
288.00056153	
288.00056130	
288.00056108	
288.00056085	
288.00056063	
288.00056040	
288.00056018	
288.00055995	
288.00055973	
288.00055951	
288.00055928	
288.00055906	
288.00055884	
288.00055861	
288.00055839	
288.00055817	
288.00055794	
288.00055772	
288.00055750	
288.00055727	
288.00055705	
288.00055683	
288.00055660	
288.00055638	
288.00055616	
288.00055594	
288.00055571	
288.00055549	
288.00055527	
288.00055505	
288.00055483	
288.00055460	
288.00055438	
288.00055416	
288.00055394	
288.00055372	
288.00055350	
288.00055327	
288.00055305	
288.00055283	
288.00055261	
288.00055239	
288.00055217	
288.00055195	
288.00055173	
288.00055151	
288.00055129	
288.00055107	
288.00055084	
288.00055062	
288.00055040	
288.00055018	
288.00054996	
288.00054974	
288.00054952	
288.00054930	
288.00054908	
288.00054886	
288.00054865	
288.00054843	
288.00054821	
288.00054799	
288.00054777	
288.00054755	
288.00054733	
288.00054711	
288.00054689	
288.00054667	
288.00054645	
288.00054624	
288.00054602	
288.00054580	
288.00054558	
288.00054536	
288.00054514	
288.00054493	
288.00054471	
288.00054449	
288.00054427	
288.00054406	
288.00054384	
288.00054362	
288.00054340	
288.00054319	
288.00054297	
288.00054275	
288.00054253	
288.00054232	
288.00054210	
288.00054188	
288.00054167	
288.00054145	
288.00054123	
288.00054102	
288.00054080	
288.00054058	
288.00054037	
288.00054015	
288.00053994	
288.00053972	
288.00053950	
288.00053929	
288.00053907	
288.00053886	
288.00053864	
288.00053843	
288.00053821	
288.00053799	
288.00053778	
288.00053756	
288.00053735	
288.00053713	
288.00053692	
288.00053670	
288.00053649	
288.00053628	
288.00053606	
288.00053585	
288.00053563	
288.00053542	
288.00053520	
288.00053499	
288.00053478	
288.00053456	
288.00053435	
288.00053413	
288.00053392	
288.00053371	
288.00053349	
288.00053328	
288.00053307	
288.00053285	
288.00053264	
288.00053243	
288.00053221	
288.00053200	
288.00053179	
288.00053158	
288.00053136	
288.00053115	
288.00053094	
288.00053073	
288.00053051	
288.00053030	
288.00053009	
288.00052988	
288.00052967	
288.00052945	
288.00052924	
288.00052903	
288.00052882	
288.00052861	
288.00052840	
288.00052818	
288.00052797	
288.00052776	
288.00052755	
288.00052734	
