346.51844898	
346.51807538	
346.51764872	
346.51641924	
346.51479074	
346.51367144	
346.51298470	
346.51219326	
346.51130974	
346.51082883	
346.51053096	
346.50984263	
346.50928275	
346.50846521	
346.50700478	
346.50621859	
346.50581803	
346.50518908	
346.50480060	
346.50431979	
346.50309944	
346.50152327	
346.49989608	
346.49878734	
346.49828779	
346.49781335	
346.49726522	
346.49675958	
346.49572881	
346.49479788	
346.49476051	
346.49431044	
346.49386913	
346.49313360	
346.49214496	
346.49127774	
346.48996724	
346.48879915	
346.48778696	
346.48720332	
346.48706227	
346.48696989	
346.48661650	
346.48610167	
346.48548117	
346.48487541	
346.48430283	
346.48395121	
346.48312082	
346.48215537	
346.48141080	
346.48049015	
346.47968650	
346.47828955	
346.47666027	
346.47529884	
346.47415293	
346.47300518	
346.47152093	
346.47015104	
346.46934004	
346.46900356	
346.46830872	
346.46681149	
346.46566489	
346.46464306	
346.46385115	
346.46360233	
346.46324941	
346.46227073	
346.46062953	
346.45952978	
346.45872920	
346.45731018	
346.45579575	
346.45445555	
346.45356030	
346.45248248	
346.45152071	
346.45074693	
346.45011060	
346.44934132	
346.44851457	
346.44824708	
346.44802787	
346.44762122	
346.44655912	
346.44520279	
346.44447930	
346.44432246	
346.44404057	
346.44318687	
346.44162614	
346.44050237	
346.43971985	
346.43848339	
346.43764700	
346.43670667	
346.43497973	
346.43390485	
346.43292752	
346.43218518	
346.43163645	
346.43100080	
346.43012803	
346.42845787	
346.42689948	
346.42560683	
346.42479379	
346.42414273	
346.42309850	
346.42177027	
346.42026897	
346.41928908	
346.41876425	
346.41754947	
346.41618528	
346.41567822	
346.41546938	
346.41461097	
346.41338623	
346.41266066	
346.41228971	
346.41135009	
346.40993554	
346.40844174	
346.40742787	
346.40702651	
346.40664968	
346.40591567	
346.40520247	
346.40488555	
346.40396765	
346.40277532	
346.40149671	
346.40011924	
346.39953849	
346.39903263	
346.39808106	
346.39761124	
346.39751562	
346.39732549	
346.39731894	
346.39693431	
346.39632250	
346.39612513	
346.39562269	
346.39485695	
346.39416900	
346.39290204	
346.39181177	
346.39116058	
346.39004861	
346.38917475	
346.38895550	
346.38815049	
346.38742021	
346.38722625	
346.38625326	
346.38550197	
346.38551864	
346.38528390	
346.38503980	
346.38428280	
346.38319956	
346.38247072	
346.38197637	
346.38118738	
346.37977494	
346.37877008	
346.37782612	
346.37687655	
346.37619337	
346.37509212	
346.37440335	
346.37419965	
346.37395897	
346.37352939	
346.37229090	
346.37152468	
346.37084785	
346.36997974	
346.36922959	
346.36861626	
346.36851895	
346.36840888	
346.36838709	
346.36775170	
346.36663876	
346.36535092	
346.36434190	
346.36407995	
346.36392060	
346.36316128	
346.36245515	
346.36201716	
346.36126002	
346.36010475	
346.35873166	
346.35756308	
346.35625378	
346.35522831	
346.35454854	
346.35351917	
346.35254219	
346.35200692	
346.35104742	
346.34985823	
346.34881437	
346.34746402	
346.34634566	
346.34513681	
346.34388998	
346.34298217	
346.34213924	
346.34145576	
346.34039056	
346.33903780	
346.33828903	
346.33761600	
346.33698272	
346.33622471	
346.33493077	
346.33412925	
346.33337883	
346.33208768	
346.33073697	
346.32944150	
346.32800301	
346.32702009	
346.32680938	
346.32671803	
346.32628388	
346.32539815	
346.32435459	
346.32336909	
346.32273122	
346.32175962	
346.32037980	
346.31944953	
346.31834593	
346.31708804	
346.31586586	
346.31467685	
346.31397797	
346.31332688	
346.31239549	
346.31153143	
346.31103145	
346.31062603	
346.31029756	
346.31002337	
346.30947716	
346.30859526	
346.30772480	
346.30724865	
346.30629469	
346.30493180	
346.30367185	
346.30216688	
346.30105955	
346.30082626	
346.30002917	
346.29908220	
346.29886903	
346.29837849	
346.29754727	
346.29638616	
346.29483817	
346.29323421	
346.29185276	
346.29093850	
346.29021586	
346.28930652	
346.28876728	
346.28794311	
346.28647545	
346.28561424	
346.28521421	
346.28495288	
346.28497753	
346.28466480	
346.28432885	
346.28356443	
346.28212291	
346.28148426	
346.28097246	
346.27969619	
346.27847974	
346.27744244	
346.27619955	
346.27499209	
346.27408698	
346.27367503	
346.27364799	
346.27317520	
346.27272463	
346.27244635	
346.27187747	
346.27088205	
346.26978687	
346.26954080	
346.26932716	
346.26855679	
346.26805581	
346.26741515	
346.26666497	
346.26637635	
346.26583772	
346.26491302	
346.26358604	
346.26267308	
346.26226920	
346.26144370	
346.26023519	
346.25957886	
346.25919935	
346.25869238	
346.25787815	
346.25645368	
346.25512317	
346.25420247	
346.25322646	
346.25261765	
346.25225519	
346.25155890	
346.25119086	
346.25093293	
346.25063887	
346.25036844	
346.24976324	
346.24881588	
346.24801725	
346.24702190	
346.24624900	
346.24606642	
346.24569108	
346.24532681	
346.24484801	
346.24407712	
346.24313903	
346.24237913	
346.24156324	
346.24048136	
346.23940152	
346.23812768	
346.23684043	
346.23544586	
346.23402540	
346.23348448	
346.23321064	
346.23209669	
346.23071401	
346.22951904	
346.22861055	
346.22768387	
346.22646562	
346.22567052	
346.22540014	
346.22536927	
346.22522559	
346.22420357	
346.22309942	
346.22252650	
346.22196975	
346.22114636	
346.22015826	
346.21934641	
346.21876390	
346.21823197	
346.21718946	
346.21654350	
346.21629639	
346.21546908	
346.21488709	
346.21483791	
346.21419843	
346.21267127	
346.21106448	
346.20945452	
346.20819051	
346.20781054	
346.20772604	
346.20712511	
346.20632092	
346.20565208	
346.20529554	
346.20472499	
346.20399619	
346.20303207	
346.20214658	
346.20160258	
346.20089792	
346.20013794	
346.19903840	
346.19762773	
346.19609628	
346.19501963	
346.19449221	
346.19394056	
346.19323469	
346.19301055	
346.19229804	
346.19106935	
346.18992991	
346.18875813	
346.18755132	
346.18656117	
346.18566807	
346.18463154	
346.18352365	
346.18257104	
346.18183054	
346.18067167	
346.17941289	
346.17825538	
346.17701662	
346.17641482	
346.17604712	
346.17516979	
346.17489646	
346.17482261	
346.17451801	
346.17382986	
346.17276887	
346.17165104	
346.17029655	
346.16907493	
346.16868424	
346.16887733	
346.16904172	
346.16881552	
346.16819076	
346.16721904	
346.16581307	
346.16479845	
346.16396065	
346.16350137	
346.16328332	
346.16284644	
346.16272318	
346.16196905	
346.16054041	
346.15948992	
346.15850840	
346.15778580	
346.15698275	
346.15573435	
346.15492854	
346.15404320	
346.15318168	
346.15280091	
346.15221697	
346.15179933	
346.15151998	
346.15114059	
346.15053722	
346.15009243	
346.14954616	
346.14883699	
346.14802379	
346.14666892	
346.14557411	
346.14485359	
346.14433495	
346.14332034	
346.14228762	
346.14180886	
346.14111105	
346.14034252	
346.13963354	
346.13890990	
346.13817402	
346.13696885	
346.13582180	
346.13510950	
346.13456937	
346.13424561	
346.13391915	
346.13357111	
346.13278245	
346.13180007	
346.13118898	
346.13065066	
346.12988426	
346.12889663	
346.12843771	
346.12789325	
346.12696390	
346.12647094	
346.12643572	
346.12581063	
346.12479077	
346.12377523	
346.12321711	
346.12311159	
346.12224515	
346.12119860	
346.12004659	
346.11893625	
346.11848068	
346.11759682	
346.11679259	
346.11637704	
346.11572537	
346.11513914	
346.11455577	
346.11382812	
346.11268188	
346.11188265	
346.11157810	
346.11071068	
346.10985357	
346.10895589	
346.10787034	
346.10691655	
346.10573065	
346.10441401	
346.10314190	
346.10192834	
346.10086345	
346.10018009	
346.09917375	
346.09834587	
346.09785257	
346.09748060	
346.09743532	
346.09709503	
346.09656777	
346.09618604	
346.09591741	
346.09528984	
346.09418467	
346.09309842	
346.09273446	
346.09268275	
346.09172166	
346.09026249	
346.08943248	
346.08940807	
346.08937233	
346.08872354	
346.08769219	
346.08720445	
346.08718118	
346.08696320	
346.08626024	
346.08496677	
346.08437238	
346.08385052	
346.08279377	
346.08222738	
346.08188666	
346.08186319	
346.08122285	
346.07997960	
346.07904165	
346.07844688	
346.07820120	
346.07762273	
346.07703939	
346.07624374	
346.07569945	
346.07505637	
346.07398664	
346.07370257	
346.07367187	
346.07343682	
346.07325161	
346.07302479	
346.07213169	
346.07070153	
346.06924725	
346.06841739	
346.06770832	
346.06692425	
346.06645126	
346.06546722	
346.06489364	
346.06456996	
346.06365609	
346.06252760	
346.06168898	
346.06102281	
346.05977167	
346.05884944	
346.05813476	
346.05724935	
346.05673555	
346.05622681	
346.05552582	
346.05454489	
346.05405442	
346.05424942	
346.05412597	
346.05321718	
346.05223500	
346.05144378	
346.05022617	
346.04956319	
346.04955342	
346.04902872	
346.04848444	
346.04832547	
346.04796333	
346.04704419	
346.04585744	
346.04534435	
346.04544491	
346.04541690	
346.04474566	
346.04404365	
346.04350904	
346.04305317	
346.04254307	
346.04177543	
346.04092551	
346.04033542	
346.04036992	
346.04057144	
346.04000679	
346.03860395	
346.03782142	
346.03700117	
346.03603022	
346.03576836	
346.03496079	
346.03371984	
346.03289831	
346.03222106	
346.03184357	
346.03169881	
346.03118440	
346.03039217	
346.03004565	
346.02993013	
346.02928502	
346.02824929	
346.02698416	
346.02561481	
346.02452817	
346.02406088	
346.02327249	
346.02195849	
346.02093954	
346.01979102	
346.01905359	
346.01887280	
346.01855703	
346.01795728	
346.01718654	
346.01623822	
346.01543184	
346.01512632	
346.01449581	
346.01411899	
346.01395532	
346.01319483	
346.01281307	
346.01225952	
346.01139749	
346.01093632	
346.01045531	
346.01004197	
346.00988930	
346.00989126	
346.00921781	
346.00779324	
346.00705778	
346.00714029	
346.00662173	
346.00534945	
346.00397977	
346.00280977	
346.00226986	
346.00212036	
346.00171947	
346.00107101	
346.00001425	
345.99885862	
345.99772591	
345.99657249	
345.99602473	
345.99535774	
345.99409118	
345.99354965	
345.99333503	
345.99237744	
345.99107438	
345.98967697	
345.98843215	
345.98773601	
345.98701494	
345.98581229	
345.98532158	
345.98492914	
345.98437404	
345.98384844	
345.98308488	
345.98264195	
345.98231558	
345.98164088	
345.98042481	
345.97935078	
345.97905404	
345.97847104	
345.97719684	
345.97619630	
345.97535859	
345.97460005	
345.97378564	
345.97258148	
345.97133552	
345.97026473	
345.96990554	
345.96977869	
345.96943147	
345.96921135	
345.96893490	
345.96884240	
345.96858463	
345.96769296	
345.96686515	
345.96615754	
345.96488105	
345.96420847	
345.96405675	
345.96307172	
345.96228972	
345.96177614	
345.96113639	
345.96084015	
345.96046957	
345.96021413	
345.95954965	
345.95881309	
345.95821719	
345.95764634	
345.95731183	
345.95628895	
345.95532293	
345.95436352	
345.95325822	
345.95247520	
345.95164941	
345.95097222	
345.95083282	
345.95026316	
345.94967397	
345.94976245	
345.94933586	
345.94821233	
345.94735246	
345.94693667	
345.94672560	
345.94608452	
345.94525560	
345.94520490	
345.94522195	
345.94494529	
345.94475549	
345.94420425	
345.94310570	
345.94277074	
345.94256871	
345.94163662	
345.94086252	
345.94058773	
345.94008804	
345.93942882	
345.93880256	
345.93850426	
345.93879063	
345.93848586	
345.93756394	
345.93716202	
345.93682712	
345.93599737	
345.93540383	
345.93498714	
345.93399089	
345.93327067	
345.93317939	
345.93243461	
345.93189816	
345.93213040	
345.93183249	
345.93122050	
345.93036703	
345.92931061	
345.92898597	
345.92874220	
345.92839410	
345.92854504	
345.92866231	
345.92869304	
345.92828164	
345.92755438	
345.92714990	
345.92642613	
345.92596886	
345.92601267	
345.92592356	
345.92599352	
345.92585219	
345.92554872	
345.92551385	
345.92488367	
345.92434875	
345.92429767	
345.92396474	
345.92389877	
345.92398420	
345.92352398	
345.92308868	
345.92258861	
345.92174497	
345.92150574	
345.92161188	
345.92177586	
345.92152576	
345.92036628	
345.91902723	
345.91801795	
345.91776222	
345.91768701	
345.91738349	
345.91679908	
345.91586913	
345.91479514	
345.91368931	
345.91338715	
345.91312980	
345.91215062	
345.91088339	
345.90980827	
345.90899296	
345.90790892	
345.90700409	
345.90682664	
345.90625836	
345.90502831	
345.90437122	
345.90440203	
345.90458840	
345.90423981	
345.90372116	
345.90365220	
345.90385370	
345.90402979	
345.90353698	
345.90308165	
345.90295600	
345.90268108	
345.90255449	
345.90267933	
345.90251772	
345.90196132	
345.90126268	
345.90051384	
345.89948557	
345.89841622	
345.89799852	
345.89783635	
345.89784899	
345.89776825	
345.89698578	
345.89585997	
345.89525149	
345.89480317	
345.89376956	
345.89307269	
345.89318680	
345.89304392	
345.89226017	
345.89160845	
345.89100529	
345.89076444	
345.89056926	
345.88944791	
345.88797086	
345.88707511	
345.88652944	
345.88567703	
345.88473571	
345.88395141	
345.88362891	
345.88367212	
345.88305286	
345.88188956	
345.88074309	
345.87973269	
345.87945321	
345.87910107	
345.87861021	
345.87805139	
345.87705884	
345.87620352	
345.87538431	
345.87498352	
345.87438297	
345.87382464	
345.87321932	
345.87220287	
345.87206048	
345.87226493	
345.87157174	
345.87080381	
345.87024148	
345.86972418	
345.86964181	
345.86905738	
345.86839069	
345.86777629	
345.86754238	
345.86712118	
345.86654295	
345.86668560	
345.86609332	
345.86549409	
345.86492587	
345.86357560	
345.86298462	
345.86291978	
345.86244448	
345.86142652	
345.86004346	
345.85919106	
345.85905800	
345.85927675	
345.85875791	
345.85755355	
345.85633091	
345.85507881	
345.85448551	
345.85445053	
345.85402085	
345.85314888	
345.85199196	
345.85103211	
345.85083579	
345.85064347	
345.85001385	
345.84976923	
345.84964571	
345.84913246	
345.84861268	
345.84807957	
345.84798845	
345.84799825	
345.84762158	
345.84737488	
345.84717274	
345.84702333	
345.84635703	
345.84490583	
345.84407876	
345.84412859	
345.84403137	
345.84356968	
345.84325754	
345.84268365	
345.84193336	
345.84178686	
345.84146059	
345.84047421	
345.83964452	
345.83910670	
345.83897315	
345.83917171	
345.83928087	
345.83926843	
345.83895978	
345.83822686	
345.83708000	
345.83609122	
345.83510477	
345.83435598	
345.83408493	
345.83337948	
345.83254353	
345.83215431	
345.83225624	
345.83197714	
345.83100401	
345.83004119	
345.82913037	
345.82802240	
345.82717305	
345.82685321	
345.82669335	
345.82591577	
345.82501743	
345.82423509	
345.82298870	
345.82238712	
345.82249625	
345.82182836	
345.82086627	
345.82028886	
345.81943735	
345.81822883	
345.81710248	
345.81651291	
345.81643899	
345.81613662	
345.81538268	
345.81450215	
345.81364771	
345.81259637	
345.81155472	
345.81104769	
345.81041832	
345.80962538	
345.80947544	
345.80926165	
345.80846558	
345.80744182	
345.80675999	
345.80598272	
345.80467371	
345.80362990	
345.80254482	
345.80120991	
345.80060797	
345.80019808	
345.79959594	
345.79933769	
345.79905517	
345.79826730	
345.79780507	
345.79762009	
345.79696727	
345.79628185	
345.79597548	
345.79629238	
345.79635259	
345.79586182	
345.79554170	
345.79557030	
345.79506010	
345.79431744	
345.79393111	
345.79339439	
345.79292243	
345.79239120	
345.79139187	
345.79079508	
345.79002663	
345.78904072	
345.78891856	
345.78856545	
345.78815787	
345.78752852	
345.78626922	
345.78548831	
345.78513022	
345.78512244	
345.78500762	
345.78430465	
345.78404744	
345.78357983	
345.78303520	
345.78261977	
345.78183520	
345.78172261	
345.78136677	
345.78032163	
345.77967436	
345.77912612	
345.77859574	
345.77831250	
345.77823997	
345.77856227	
345.77809987	
345.77761226	
345.77787128	
345.77744766	
345.77627882	
345.77520913	
345.77484365	
345.77472277	
345.77457505	
345.77479099	
345.77432036	
345.77333279	
345.77253739	
345.77185206	
345.77141984	
345.77076495	
345.76987425	
345.76917618	
345.76840070	
345.76808697	
345.76776942	
345.76731155	
345.76740081	
345.76741512	
345.76723276	
345.76641140	
345.76509186	
345.76387205	
345.76294153	
345.76191796	
345.76100098	
345.76083638	
345.76046328	
345.75939328	
345.75840850	
345.75754014	
345.75642569	
345.75509500	
345.75382137	
345.75271391	
345.75218246	
345.75215172	
345.75186468	
345.75113066	
345.75054873	
345.74978883	
345.74935920	
345.74922224	
345.74823805	
345.74725534	
345.74703019	
345.74651435	
345.74588740	
345.74536726	
345.74454170	
345.74416171	
345.74373382	
345.74277302	
345.74235636	
345.74240178	
345.74151759	
345.74101791	
345.74108945	
345.74082697	
345.74082503	
345.74064196	
345.74029078	
345.74035488	
345.74019236	
345.74000385	
345.74026198	
345.73979068	
345.73890963	
345.73869670	
345.73877895	
345.73878389	
345.73839968	
345.73760912	
345.73733997	
345.73767470	
345.73747712	
345.73702492	
345.73684644	
345.73694837	
345.73671258	
345.73583000	
345.73494017	
345.73397271	
345.73335972	
345.73274397	
345.73219831	
345.73169733	
345.73115207	
345.73118890	
345.73114222	
345.73065088	
345.72967681	
345.72909793	
345.72906249	
345.72899708	
345.72866689	
345.72832878	
345.72835567	
345.72830069	
345.72768824	
345.72723256	
345.72752227	
345.72714185	
345.72640978	
345.72580041	
345.72468776	
345.72371263	
345.72270101	
345.72178257	
345.72120826	
345.72052918	
345.71994738	
345.71903927	
345.71842235	
345.71839985	
345.71834141	
345.71840550	
345.71860100	
345.71817616	
345.71734585	
345.71663599	
345.71597111	
345.71599008	
345.71605586	
345.71578483	
345.71517613	
345.71477915	
345.71420257	
345.71350264	
345.71278081	
345.71149852	
345.71062092	
345.70967745	
345.70840894	
345.70724423	
345.70622585	
345.70515947	
345.70456839	
345.70397118	
345.70302695	
345.70259711	
345.70189511	
345.70105750	
345.70099572	
345.70096351	
345.70013127	
345.69897262	
345.69818451	
345.69808767	
345.69765901	
345.69694960	
345.69638385	
345.69611323	
345.69558808	
345.69430788	
345.69329410	
345.69308645	
345.69301712	
345.69240583	
345.69176534	
345.69150991	
345.69142454	
345.69105247	
345.69031440	
345.68934609	
345.68859012	
345.68833542	
345.68786990	
345.68670437	
345.68622941	
345.68583287	
345.68466340	
345.68373487	
345.68358311	
345.68373318	
345.68300939	
345.68238754	
345.68260232	
345.68269361	
345.68283227	
345.68240802	
345.68127932	
345.68031010	
345.67998808	
345.67991399	
345.67932425	
345.67854635	
345.67803429	
345.67758351	
345.67702640	
345.67704633	
345.67695494	
345.67602608	
345.67476909	
345.67397824	
345.67394224	
345.67405792	
345.67367503	
345.67279263	
345.67180703	
345.67088358	
345.66996985	
345.66911272	
345.66834993	
345.66776656	
345.66703927	
345.66643753	
345.66583489	
345.66552048	
345.66566513	
345.66566192	
345.66576427	
345.66546900	
345.66456263	
345.66417101	
345.66368910	
345.66304601	
345.66284865	
345.66266590	
345.66238144	
345.66222891	
345.66251733	
345.66229810	
345.66207455	
345.66216951	
345.66211009	
345.66227482	
345.66192812	
345.66099567	
345.66025723	
345.65918833	
345.65870929	
345.65829264	
345.65785179	
345.65772186	
345.65718445	
345.65668747	
345.65598641	
345.65521291	
345.65478269	
345.65414268	
345.65329310	
345.65236746	
345.65189869	
345.65178837	
345.65176317	
345.65209856	
345.65180372	
345.65115415	
345.65024778	
345.64945920	
345.64936287	
345.64891740	
345.64865364	
345.64889858	
345.64865843	
345.64848000	
345.64820318	
345.64807693	
345.64788874	
345.64718180	
345.64638603	
345.64605392	
345.64555698	
345.64481970	
345.64406020	
345.64332945	
345.64316619	
345.64325487	
345.64365717	
345.64412058	
345.64432517	
345.64401455	
345.64401710	
345.64419439	
345.64418673	
345.64385816	
345.64289596	
345.64192567	
345.64118264	
345.64044593	
345.63970647	
345.63911158	
345.63862190	
345.63801676	
345.63756141	
345.63713488	
345.63701271	
345.63699767	
345.63674875	
345.63670886	
345.63688797	
345.63718985	
345.63735879	
345.63766902	
345.63812802	
345.63795906	
345.63695388	
345.63602057	
345.63592307	
345.63587117	
345.63574966	
345.63531225	
345.63432803	
345.63335471	
345.63278058	
345.63265730	
345.63206428	
345.63155949	
345.63177516	
345.63145180	
345.63073779	
345.63008676	
345.62919403	
345.62818194	
345.62731442	
345.62734872	
345.62756511	
345.62774343	
345.62807218	
345.62841603	
345.62884430	
345.62843949	
345.62720147	
345.62587624	
345.62463117	
345.62393997	
345.62322590	
345.62234986	
345.62174865	
345.62125261	
345.62064715	
345.62037031	
345.61989328	
345.61904408	
345.61869218	
345.61819021	
345.61778241	
345.61773127	
345.61743320	
345.61717335	
345.61664882	
345.61566649	
345.61483702	
345.61464039	
345.61465394	
345.61449576	
345.61404167	
345.61324702	
345.61233015	
345.61147762	
345.61105794	
345.61070340	
345.61065432	
345.61094620	
345.61044437	
345.60999824	
345.60987751	
345.60923562	
345.60899190	
345.60868646	
345.60844581	
345.60871751	
345.60884752	
345.60883019	
345.60869154	
345.60808023	
345.60729203	
345.60662374	
345.60611930	
345.60583102	
345.60593871	
345.60570495	
345.60489162	
345.60388818	
345.60330706	
345.60310436	
345.60232672	
345.60180169	
345.60158963	
345.60095608	
345.59987415	
345.59864255	
345.59778535	
345.59722383	
345.59629971	
345.59548006	
345.59527050	
345.59466543	
345.59420293	
345.59394476	
345.59306581	
345.59231918	
345.59141092	
345.59098314	
345.59126728	
345.59155583	
345.59172907	
345.59163879	
345.59143488	
345.59101272	
345.59076637	
345.59063324	
345.59067386	
345.59051114	
345.59002126	
345.59008891	
345.58985777	
345.58926504	
345.58869540	
345.58834481	
345.58838052	
345.58842627	
345.58871007	
345.58854724	
345.58830109	
345.58856123	
345.58874341	
345.58830389	
345.58744259	
345.58682585	
345.58599638	
345.58519772	
345.58479300	
345.58406866	
345.58304568	
345.58193599	
345.58109443	
345.58026844	
345.57969685	
345.57949517	
345.57932460	
345.57958558	
345.57930511	
345.57891757	
345.57896523	
345.57911546	
345.57941590	
345.57964068	
345.57977304	
345.57937483	
345.57857341	
345.57824279	
345.57792822	
345.57767958	
345.57729098	
345.57702955	
345.57744687	
345.57716457	
345.57677307	
345.57618595	
345.57533305	
345.57502829	
345.57495737	
345.57473625	
345.57448719	
345.57471577	
345.57446517	
345.57364799	
345.57276549	
345.57171749	
345.57089499	
345.57041638	
345.57025658	
345.56969155	
345.56910140	
345.56862950	
345.56757408	
345.56650645	
345.56571056	
345.56551366	
345.56516285	
345.56454384	
345.56421295	
345.56347725	
345.56275368	
345.56256339	
345.56230306	
345.56145294	
345.56081121	
345.56095724	
345.56105156	
345.56105538	
345.56073215	
345.56021540	
345.56000124	
345.56010212	
345.56035390	
345.55999682	
345.55952313	
345.55943223	
345.55926451	
345.55922577	
345.55894179	
345.55795148	
345.55753305	
345.55741774	
345.55691815	
345.55657338	
345.55613087	
345.55526823	
345.55457808	
345.55412828	
345.55367557	
345.55326794	
345.55302869	
345.55256115	
345.55208052	
345.55164453	
345.55101512	
345.55017714	
345.54898319	
345.54800804	
345.54729509	
345.54648092	
345.54533343	
345.54413084	
345.54341734	
345.54262833	
345.54169491	
345.54147183	
345.54142500	
345.54141007	
345.54160135	
345.54120536	
345.54032802	
345.53989697	
345.53983842	
345.53938300	
345.53879280	
345.53828966	
345.53743695	
345.53631170	
345.53589457	
345.53557747	
345.53490454	
345.53497980	
345.53499783	
345.53508259	
345.53543888	
345.53566126	
345.53544976	
345.53482712	
345.53408990	
345.53361846	
345.53294756	
345.53201215	
345.53178041	
345.53132301	
345.53095664	
345.53135683	
345.53144188	
345.53139130	
345.53088965	
345.52963165	
345.52889021	
345.52889667	
345.52885493	
345.52889751	
345.52896261	
345.52907574	
345.52923987	
345.52916327	
345.52909568	
345.52910775	
345.52874014	
345.52764753	
345.52725984	
345.52689686	
345.52565391	
345.52467705	
345.52370128	
345.52279383	
345.52189094	
345.52074342	
345.52023159	
345.52020959	
345.52035443	
345.52060165	
345.52055226	
345.52028703	
345.52010566	
345.51982791	
345.51955174	
345.51898263	
345.51819753	
345.51796791	
345.51808391	
345.51845202	
345.51815612	
345.51785915	
345.51810356	
345.51751138	
345.51714022	
345.51746201	
345.51699844	
345.51658349	
345.51632769	
345.51556691	
345.51487428	
345.51478926	
345.51454496	
345.51421405	
345.51386688	
345.51304117	
345.51293392	
345.51287134	
345.51225062	
345.51184201	
345.51128565	
345.51025802	
345.50928130	
345.50852783	
345.50801939	
345.50741461	
345.50677852	
345.50612025	
345.50597080	
345.50634145	
345.50661821	
345.50644684	
345.50581918	
345.50501629	
345.50404952	
345.50306435	
345.50226097	
345.50179597	
345.50138362	
345.50073376	
345.49967151	
345.49894530	
345.49834940	
345.49795519	
345.49773829	
345.49679539	
345.49568630	
345.49526745	
345.49495776	
345.49462170	
345.49460257	
345.49405482	
345.49348733	
345.49305220	
345.49271729	
345.49252445	
345.49244333	
345.49258408	
345.49219276	
345.49197838	
345.49191820	
345.49114040	
345.49049075	
345.48987428	
345.48954981	
345.48914040	
345.48813517	
345.48763580	
345.48759502	
345.48729090	
345.48726639	
345.48731045	
345.48707207	
345.48700901	
345.48712067	
345.48733519	
345.48742626	
345.48684640	
345.48614775	
345.48550088	
345.48502297	
345.48527811	
345.48490493	
345.48451522	
345.48460340	
345.48465421	
345.48458905	
345.48383550	
345.48302324	
345.48228652	
345.48160847	
345.48145421	
345.48108462	
345.48033446	
345.47936962	
345.47837383	
345.47747961	
345.47696999	
345.47696532	
345.47641939	
345.47529665	
345.47482313	
345.47463662	
345.47411018	
345.47379162	
345.47349893	
345.47341016	
345.47373238	
345.47345945	
345.47305062	
345.47285994	
345.47226021	
345.47143764	
345.47101738	
345.47073707	
345.46984980	
345.46903825	
345.46888759	
345.46888957	
345.46902649	
345.46891264	
345.46819670	
345.46766613	
345.46717542	
345.46690984	
345.46688279	
345.46618432	
345.46575229	
345.46544616	
345.46433201	
345.46354539	
345.46287158	
345.46219246	
345.46227796	
345.46258933	
345.46276296	
345.46245466	
345.46184848	
345.46122236	
345.46062424	
345.45997243	
345.45974483	
345.46021404	
345.45982074	
345.45891663	
345.45866385	
345.45857998	
345.45839019	
345.45833660	
345.45807911	
345.45732271	
345.45655483	
345.45605913	
345.45536394	
345.45463888	
345.45429439	
345.45409522	
345.45350425	
345.45284107	
345.45281387	
345.45310923	
345.45320789	
345.45295709	
345.45245905	
345.45202626	
345.45200077	
345.45198424	
345.45181517	
345.45134701	
345.45061600	
345.44986858	
345.44961013	
345.44988079	
345.44950888	
345.44910964	
345.44890823	
345.44832805	
345.44778591	
345.44784194	
345.44750874	
345.44704489	
345.44702718	
345.44712498	
345.44706075	
345.44612793	
345.44497615	
345.44407722	
345.44326719	
345.44234900	
345.44217635	
345.44259995	
345.44261366	
345.44207901	
345.44124443	
345.44038394	
345.43973799	
345.43925270	
345.43842888	
345.43787157	
345.43777680	
345.43737729	
345.43644464	
345.43596795	
345.43570856	
345.43539324	
345.43559757	
345.43513563	
345.43392278	
345.43296056	
345.43271030	
345.43287163	
345.43233358	
345.43195478	
345.43223557	
345.43167160	
345.43056252	
345.42986845	
345.42964500	
345.42913945	
345.42897483	
345.42933817	
345.42942498	
345.42962126	
345.43000919	
345.43026081	
345.43046485	
345.43035100	
345.42949911	
345.42921418	
345.42921595	
345.42869086	
345.42856562	
345.42855713	
345.42845165	
345.42878701	
345.42939192	
345.42961071	
345.42969371	
345.42960669	
345.42875306	
345.42815522	
345.42830894	
345.42873233	
345.42863725	
345.42827788	
345.42808029	
345.42812604	
345.42845531	
345.42813451	
345.42770265	
345.42791335	
345.42828270	
345.42865844	
345.42907332	
345.42936384	
345.42917093	
345.42881865	
345.42890291	
345.42878255	
345.42882933	
345.42924887	
345.42964157	
345.42973078	
345.42984777	
345.43034824	
345.43075168	
345.43085661	
345.43051033	
345.42993008	
345.42916043	
345.42874689	
345.42831441	
345.42807469	
345.42774727	
345.42705600	
345.42679765	
345.42650211	
345.42656005	
345.42667730	
345.42649540	
345.42585957	
345.42487045	
345.42415665	
345.42368350	
345.42308102	
345.42263917	
345.42230409	
345.42211724	
345.42222660	
345.42216486	
345.42223886	
345.42252872	
345.42220487	
345.42188398	
345.42145459	
345.42050146	
345.42018113	
345.41986124	
345.41921787	
345.41912222	
345.41941257	
345.41936637	
345.41888640	
345.41853092	
345.41855334	
345.41820068	
345.41749730	
345.41707167	
345.41669515	
345.41584211	
345.41482200	
345.41439114	
345.41450063	
345.41476640	
345.41448704	
345.41429380	
345.41456616	
345.41411157	
345.41347314	
345.41343391	
345.41338534	
345.41277824	
345.41245742	
345.41242226	
345.41243533	
345.41290733	
345.41310881	
345.41290164	
345.41249717	
345.41162326	
345.41135582	
345.41181971	
345.41159029	
345.41080948	
345.41069426	
345.41055124	
345.41033827	
345.41024867	
345.40945272	
345.40843085	
345.40733085	
345.40674004	
345.40670153	
345.40650734	
345.40602935	
345.40522917	
345.40417018	
345.40302625	
345.40186612	
345.40086170	
345.40050950	
345.40025802	
345.39936660	
345.39882108	
345.39882316	
345.39888130	
345.39871090	
345.39876963	
345.39938864	
345.40003165	
345.40014161	
345.39975667	
345.39899190	
345.39842689	
345.39868676	
345.39885394	
345.39893516	
345.39861008	
345.39792937	
345.39769297	
345.39764391	
345.39703430	
345.39665030	
345.39642830	
345.39630161	
345.39604586	
345.39575364	
345.39552121	
345.39486690	
345.39487591	
345.39509090	
345.39490453	
345.39491019	
345.39543354	
345.39551456	
345.39513844	
345.39478642	
345.39436059	
345.39349558	
345.39250710	
345.39213860	
345.39195578	
345.39177527	
345.39133436	
345.39120448	
345.39180148	
345.39181814	
345.39146330	
345.39114651	
345.39060627	
345.39014207	
345.39002027	
345.38977663	
345.38908640	
345.38880552	
345.38840837	
345.38794164	
345.38743470	
345.38702997	
345.38666565	
345.38634725	
345.38618531	
345.38582746	
345.38537230	
345.38452287	
345.38427672	
345.38457223	
345.38440950	
345.38374252	
345.38313010	
345.38269847	
345.38199060	
345.38110244	
345.38041882	
345.38032193	
345.38003406	
345.37907536	
345.37813585	
345.37706455	
345.37678418	
345.37715329	
345.37667518	
345.37582304	
345.37526228	
345.37516457	
345.37522143	
345.37495962	
345.37457577	
345.37452030	
345.37458467	
345.37431876	
345.37408555	
345.37392106	
345.37356686	
345.37329366	
345.37327352	
345.37307530	
345.37270393	
345.37244603	
345.37192658	
345.37091044	
345.37025517	
345.36984181	
345.36928430	
345.36847473	
345.36763528	
345.36695570	
345.36628352	
345.36540023	
345.36484607	
345.36429247	
345.36332644	
345.36252533	
345.36167179	
345.36110446	
345.36106152	
345.36098671	
345.36099749	
345.36089282	
345.36089717	
345.36126492	
345.36079647	
345.36020889	
345.35983220	
345.35970272	
345.35941681	
345.35835902	
345.35785635	
345.35792761	
345.35733464	
345.35640852	
345.35572909	
345.35539712	
345.35558989	
345.35581256	
345.35615225	
345.35632961	
345.35563951	
345.35524391	
345.35523664	
345.35500547	
345.35461518	
345.35450840	
345.35499353	
345.35511077	
345.35458341	
345.35403451	
345.35356437	
345.35310636	
345.35251296	
345.35166858	
345.35112672	
345.35041332	
345.35015317	
345.35064451	
345.35068700	
345.35071382	
345.35097624	
345.35122385	
345.35098649	
345.35018818	
345.34942745	
345.34902224	
345.34859998	
345.34835250	
345.34809282	
345.34742584	
345.34687253	
345.34656078	
345.34622560	
345.34534197	
345.34426817	
345.34320662	
345.34247537	
345.34173008	
345.34146212	
345.34201471	
345.34168988	
345.34062361	
345.34018205	
345.33979803	
345.33918387	
345.33920724	
345.33917352	
345.33837305	
345.33797798	
345.33772741	
345.33714213	
345.33691684	
345.33646071	
345.33607036	
345.33607091	
345.33557309	
345.33480131	
345.33425092	
345.33419916	
345.33391268	
345.33349250	
345.33372422	
345.33412370	
345.33443558	
345.33450470	
345.33425654	
345.33376995	
345.33330213	
345.33329306	
345.33333552	
345.33288424	
345.33290210	
345.33271725	
345.33193245	
345.33186726	
345.33208801	
345.33214936	
345.33205451	
345.33215252	
345.33205767	
345.33195016	
345.33231289	
345.33268309	
345.33239320	
345.33196309	
345.33230545	
345.33214264	
345.33175613	
345.33115728	
345.33049801	
345.33007039	
345.32930263	
345.32861494	
345.32783026	
345.32741086	
345.32743127	
345.32677448	
345.32604589	
345.32585552	
345.32570303	
345.32515859	
345.32484309	
345.32510460	
345.32523231	
345.32513222	
345.32455426	
345.32361648	
345.32331877	
345.32289851	
345.32264674	
345.32245382	
345.32192777	
345.32132923	
345.32080112	
345.32102609	
345.32069201	
345.32012658	
345.31985833	
345.31919556	
345.31852830	
345.31827253	
345.31796262	
345.31790625	
345.31800876	
345.31746202	
345.31646237	
345.31601237	
345.31586060	
345.31498948	
345.31396322	
345.31321525	
345.31253896	
345.31165539	
345.31079741	
345.31054073	
345.31034609	
345.31022607	
345.31052564	
345.31012072	
345.30957946	
345.30943609	
345.30963352	
345.31005417	
345.31003650	
345.30977426	
345.30943068	
345.30900734	
345.30865021	
345.30872591	
345.30922337	
345.30915004	
345.30872845	
345.30889584	
345.30854235	
345.30767066	
345.30716647	
345.30665555	
345.30577572	
345.30522236	
345.30526619	
345.30530898	
345.30516010	
345.30476499	
345.30425169	
345.30365251	
345.30367845	
345.30378585	
345.30384360	
345.30443513	
345.30480152	
345.30460930	
345.30375304	
345.30266235	
345.30233918	
345.30218837	
345.30204084	
345.30161396	
345.30098006	
345.30042374	
345.30024653	
345.30070405	
345.30097859	
345.30060364	
345.30014358	
345.29971424	
345.29873929	
345.29818885	
345.29774528	
345.29755210	
345.29732117	
345.29710947	
345.29718873	
345.29695997	
345.29668749	
345.29687125	
345.29700433	
345.29673007	
345.29655546	
345.29662082	
345.29678827	
345.29673875	
345.29650940	
345.29587327	
345.29543325	
345.29492776	
345.29412088	
345.29342367	
345.29303111	
345.29247082	
345.29209932	
345.29240810	
345.29202096	
345.29150916	
345.29174193	
345.29148756	
345.29103190	
345.29069849	
345.28995357	
345.28977041	
345.28950525	
345.28928210	
345.28916777	
345.28876600	
345.28837452	
345.28814769	
345.28810604	
345.28787038	
345.28719314	
345.28664140	
345.28620170	
345.28590513	
345.28549935	
345.28513979	
345.28541150	
345.28566726	
345.28543552	
345.28495128	
345.28440191	
345.28385176	
345.28379884	
345.28360585	
345.28285978	
345.28210155	
345.28165898	
345.28150457	
345.28178724	
345.28189083	
345.28198774	
345.28217942	
345.28173078	
345.28129020	
345.28095203	
345.28061987	
345.28064450	
345.28087768	
345.28125621	
345.28174358	
345.28238347	
345.28279567	
345.28287544	
345.28265026	
345.28259499	
345.28307272	
345.28295773	
345.28231946	
345.28181182	
345.28095603	
345.27996226	
345.27964898	
345.27954178	
345.27900100	
345.27883404	
345.27895927	
345.27858415	
345.27805822	
345.27747514	
345.27682985	
345.27686245	
345.27683512	
345.27680012	
345.27666351	
345.27644946	
345.27678865	
345.27689119	
345.27657659	
345.27605728	
345.27569334	
345.27522055	
345.27464212	
345.27429917	
345.27412733	
345.27399587	
345.27394189	
345.27343023	
345.27291692	
345.27282403	
345.27255115	
345.27210908	
345.27193267	
345.27150476	
345.27121530	
345.27184402	
345.27172719	
345.27109758	
345.27088818	
345.27080346	
345.27067859	
345.27077667	
345.27039603	
345.27015189	
345.27016139	
345.27017767	
345.27039423	
345.26992901	
345.26938147	
345.26947362	
345.26945529	
345.26862614	
345.26767313	
345.26683681	
345.26660729	
345.26694670	
345.26690475	
345.26610422	
345.26523899	
345.26450552	
345.26353188	
345.26318501	
345.26350470	
345.26387259	
345.26366649	
345.26281506	
345.26204036	
345.26158833	
345.26136210	
345.26116006	
345.26121080	
345.26116338	
345.26089171	
345.26070097	
345.26000800	
345.25943215	
345.25976192	
345.26010014	
345.25995196	
345.25994147	
345.26030044	
345.26009930	
345.25978613	
345.25949490	
345.25865829	
345.25831604	
345.25819430	
345.25816589	
345.25846253	
345.25818644	
345.25751650	
345.25661615	
345.25555774	
345.25485688	
345.25456568	
345.25417704	
345.25402895	
345.25441801	
345.25414356	
345.25317261	
345.25273021	
345.25238898	
345.25160830	
345.25087346	
345.25056717	
345.25037772	
345.25027365	
345.24993762	
345.24948679	
345.24972420	
345.24990433	
345.25002773	
345.25025911	
345.24982966	
345.24961597	
345.25006643	
345.25021046	
345.24985432	
345.24979974	
345.25012661	
345.24992440	
345.24936501	
345.24895340	
345.24842136	
345.24791863	
345.24807757	
345.24831197	
345.24777644	
345.24707082	
345.24649153	
345.24626501	
345.24646016	
345.24654255	
345.24613511	
345.24551657	
345.24547049	
345.24536107	
345.24498557	
345.24491640	
345.24476202	
345.24433823	
345.24449515	
345.24513141	
345.24565691	
345.24614764	
345.24607940	
345.24536709	
345.24486024	
345.24455268	
345.24440351	
345.24451475	
345.24452000	
345.24426976	
345.24366942	
345.24353083	
345.24408023	
345.24449702	
345.24439033	
345.24377862	
345.24366943	
345.24342438	
345.24267911	
345.24246392	
345.24250132	
345.24224294	
345.24170462	
345.24139539	
345.24138811	
345.24129217	
345.24120783	
345.24102370	
345.24102456	
345.24089304	
345.24065910	
345.24030137	
345.23987700	
345.23998751	
345.23966624	
345.23872801	
345.23815779	
345.23792399	
345.23719870	
345.23670009	
345.23688455	
345.23683211	
345.23670893	
345.23675413	
345.23706605	
345.23699891	
345.23622025	
345.23561486	
345.23521412	
345.23467299	
345.23392910	
345.23309320	
345.23217792	
345.23144573	
345.23075768	
345.23000244	
345.22993518	
345.22967601	
345.22929128	
345.22918998	
345.22905552	
345.22936148	
345.22923584	
345.22862899	
345.22781420	
345.22725376	
345.22695443	
345.22687141	
345.22655006	
345.22641823	
345.22638223	
345.22547765	
345.22530323	
345.22590728	
345.22627582	
345.22625069	
345.22554643	
345.22511368	
345.22510875	
345.22464930	
345.22451845	
345.22443696	
345.22435799	
345.22448032	
345.22395426	
345.22375783	
345.22407508	
345.22401940	
345.22403442	
345.22385019	
345.22358855	
345.22308603	
345.22195088	
345.22121210	
345.22075731	
345.21989883	
345.21894196	
345.21818047	
345.21732431	
345.21704696	
345.21735852	
345.21727328	
345.21662662	
345.21643635	
345.21689622	
345.21732745	
345.21787431	
345.21825371	
345.21790652	
345.21724715	
345.21670126	
345.21671013	
345.21647303	
345.21570669	
345.21571711	
345.21574102	
345.21495713	
345.21404321	
345.21405145	
345.21386091	
345.21309581	
345.21311259	
345.21364641	
345.21344435	
345.21245304	
345.21181892	
345.21176354	
345.21176601	
345.21126860	
345.21100377	
345.21121649	
345.21133945	
345.21148532	
345.21172983	
345.21157750	
345.21120622	
345.21069738	
345.21021915	
345.21048610	
345.21050221	
345.20991189	
345.20961067	
345.20942208	
345.20939065	
345.20935360	
345.20911014	
345.20853352	
345.20758022	
345.20743260	
345.20748903	
345.20740903	
345.20707475	
345.20622732	
345.20591064	
345.20545861	
345.20450387	
345.20363227	
345.20346755	
345.20396719	
345.20412301	
345.20378197	
345.20344257	
345.20298888	
345.20282150	
345.20339846	
345.20405894	
345.20426371	
345.20361870	
345.20339186	
345.20369528	
345.20325852	
345.20275591	
345.20287894	
345.20342513	
345.20400950	
345.20445231	
345.20434515	
345.20381412	
345.20396860	
345.20414969	
345.20389996	
345.20327182	
345.20216957	
345.20149527	
345.20157156	
345.20206592	
345.20232204	
345.20253569	
345.20220585	
345.20155020	
345.20140799	
345.20104359	
345.20030743	
345.19942743	
345.19913269	
345.19950577	
345.19932664	
345.19879045	
345.19814729	
345.19787323	
345.19789825	
345.19777270	
345.19737975	
345.19675464	
345.19693122	
345.19722286	
345.19677889	
345.19630329	
345.19594149	
345.19558937	
345.19518105	
345.19483979	
345.19469797	
345.19455768	
345.19435692	
345.19385757	
345.19300056	
345.19276276	
345.19333508	
345.19381457	
345.19364794	
345.19351802	
345.19324568	
345.19262658	
345.19231816	
345.19191927	
345.19152435	
345.19090736	
345.19054115	
345.19071081	
345.19096145	
345.19142602	
345.19201116	
345.19255361	
345.19238752	
345.19157110	
345.19114231	
345.19082092	
345.19029718	
345.19032811	
345.19026541	
345.18937594	
345.18850421	
345.18789443	
345.18775274	
345.18772263	
345.18763256	
345.18751320	
345.18740308	
345.18740240	
345.18694096	
345.18676315	
345.18718543	
345.18715188	
345.18722408	
345.18748581	
345.18757885	
345.18770881	
345.18795785	
345.18813648	
345.18768336	
345.18672550	
345.18602909	
345.18534511	
345.18492088	
345.18516635	
345.18502688	
345.18438449	
345.18430921	
345.18417871	
345.18362268	
345.18355678	
345.18383279	
345.18380336	
345.18318583	
345.18250041	
345.18163841	
345.18117179	
345.18074329	
345.17988404	
345.17969675	
345.18000962	
345.18022374	
345.18030576	
345.18033712	
345.17990676	
345.17903065	
345.17829473	
345.17762249	
345.17682441	
345.17582252	
345.17514617	
345.17490922	
345.17438954	
345.17421474	
345.17393195	
345.17354292	
345.17375705	
345.17419713	
345.17446723	
345.17414908	
345.17372270	
345.17341989	
345.17343960	
345.17328017	
345.17325306	
345.17344982	
345.17372098	
345.17433874	
345.17409666	
345.17340143	
345.17312745	
345.17306309	
345.17328795	
345.17337634	
345.17354166	
345.17337031	
345.17240385	
345.17152728	
345.17154052	
345.17227743	
345.17278744	
345.17287137	
345.17288099	
345.17304863	
345.17258723	
345.17213075	
345.17237527	
345.17249789	
345.17267218	
345.17229677	
345.17165186	
345.17150753	
345.17133530	
345.17102332	
345.17107217	
345.17145616	
345.17160183	
345.17127009	
345.17047054	
345.16972213	
345.16911679	
345.16892509	
345.16911460	
345.16914099	
345.16881792	
345.16852131	
345.16839648	
345.16812033	
345.16820794	
345.16878240	
345.16911130	
345.16881563	
345.16837005	
345.16768010	
345.16731762	
345.16768177	
345.16730478	
345.16656005	
345.16598950	
345.16529019	
345.16461873	
345.16411034	
345.16385603	
345.16406919	
345.16425326	
345.16427130	
345.16400560	
345.16354704	
345.16358193	
345.16350037	
345.16319875	
345.16343507	
345.16392540	
345.16397304	
345.16395850	
345.16351469	
345.16254739	
345.16233082	
345.16224577	
345.16157552	
345.16071287	
345.16009036	
345.15998378	
345.15992283	
345.15983982	
345.16015805	
345.16048853	
345.16013733	
345.15973041	
345.15965951	
345.15922564	
345.15903966	
345.15919893	
345.15861112	
345.15832661	
345.15853925	
345.15818581	
345.15772988	
345.15740832	
345.15683628	
345.15643062	
345.15583744	
345.15538385	
345.15522915	
345.15499249	
345.15511848	
345.15554174	
345.15611058	
345.15614071	
345.15545530	
345.15446653	
345.15338293	
345.15309173	
345.15331735	
345.15355221	
345.15360504	
345.15345060	
345.15367253	
345.15399251	
345.15388396	
345.15361013	
345.15344937	
345.15346567	
345.15366933	
345.15349554	
345.15339625	
345.15375272	
345.15372760	
345.15328482	
345.15346268	
345.15388762	
345.15383306	
345.15398978	
345.15459414	
345.15489010	
345.15468570	
345.15477704	
345.15509518	
345.15496703	
345.15498160	
345.15501590	
345.15439148	
345.15404945	
345.15441449	
345.15441052	
345.15378119	
345.15373161	
345.15400776	
345.15393166	
345.15407688	
345.15376838	
345.15355639	
345.15331691	
345.15267121	
345.15275164	
345.15241925	
345.15215567	
345.15188779	
345.15075543	
345.15007598	
345.14983713	
345.15001750	
345.15056168	
345.15030343	
345.14995023	
345.15037160	
345.15094546	
345.15150236	
345.15149551	
345.15067097	
345.15019685	
345.15049802	
345.15020860	
345.14952538	
345.14903499	
345.14855765	
345.14814059	
345.14810018	
345.14855935	
345.14910743	
345.14931267	
345.14879740	
345.14823476	
345.14789364	
345.14775484	
345.14774253	
345.14770641	
345.14769041	
345.14749669	
345.14727898	
345.14733278	
345.14702015	
345.14658530	
345.14649339	
345.14599755	
345.14507748	
345.14435688	
345.14413154	
345.14403100	
345.14345237	
345.14281235	
345.14302412	
345.14353707	
345.14323696	
345.14241774	
345.14203854	
345.14202397	
345.14161422	
345.14103332	
345.14059517	
345.13987650	
345.13942055	
345.13961843	
345.13934433	
345.13886979	
345.13838856	
345.13803679	
345.13763281	
345.13744076	
345.13815309	
345.13852103	
345.13866676	
345.13870554	
345.13804821	
345.13770383	
345.13760307	
345.13719079	
345.13703038	
345.13676105	
345.13652195	
345.13616948	
345.13529597	
345.13475203	
345.13420798	
345.13332060	
345.13333555	
345.13327887	
345.13231311	
345.13188588	
345.13152715	
345.13048885	
345.13025034	
345.13083330	
345.13126066	
345.13108692	
345.13074489	
345.13060697	
345.13064589	
345.13076202	
345.13080495	
345.13049420	
345.12968734	
345.12898360	
345.12816250	
345.12783555	
345.12791641	
345.12809105	
345.12799981	
345.12718261	
345.12695056	
345.12713022	
345.12687113	
345.12608957	
345.12532900	
345.12538168	
345.12520493	
345.12441058	
345.12428596	
345.12436966	
345.12372560	
345.12329577	
345.12365782	
345.12365621	
345.12310067	
345.12294929	
345.12326694	
345.12366198	
345.12382989	
345.12412579	
345.12476182	
345.12457026	
345.12411570	
345.12374614	
345.12292247	
345.12259783	
345.12280359	
345.12254820	
345.12211265	
345.12188046	
345.12175190	
345.12124225	
345.12042678	
345.11969121	
345.11894425	
345.11881005	
345.11879262	
345.11821411	
345.11783211	
345.11765673	
345.11718480	
345.11720746	
345.11785669	
345.11811646	
345.11834248	
345.11829287	
345.11788900	
345.11805617	
345.11792138	
345.11771705	
345.11812392	
345.11874013	
345.11916820	
345.11877169	
345.11814398	
345.11773633	
345.11705937	
345.11632310	
345.11635327	
345.11638405	
345.11633566	
345.11671276	
345.11661762	
345.11635719	
345.11638608	
345.11626153	
345.11619291	
345.11610362	
345.11546922	
345.11459763	
345.11383778	
345.11378023	
345.11365859	
345.11330057	
345.11358483	
345.11353484	
345.11285970	
345.11239189	
345.11185800	
345.11163849	
345.11202048	
345.11219219	
345.11189857	
345.11149424	
345.11164442	
345.11148585	
345.11054326	
345.11002085	
345.10993261	
345.11000224	
345.11042408	
345.11066912	
345.11089390	
345.11142497	
345.11173058	
345.11178721	
345.11189712	
345.11147490	
345.11123793	
345.11173052	
345.11162125	
345.11086627	
345.11013811	
345.10957014	
345.10918923	
345.10939231	
345.10999324	
345.10975535	
345.10911991	
345.10899454	
345.10843318	
345.10817361	
345.10817708	
345.10747191	
345.10696368	
345.10673903	
345.10601599	
345.10537909	
345.10560610	
345.10568910	
345.10564951	
345.10537896	
345.10487802	
345.10492001	
345.10494558	
345.10508067	
345.10471520	
345.10426637	
345.10407760	
345.10330557	
345.10309107	
345.10290614	
345.10283511	
345.10309720	
345.10261436	
345.10263644	
345.10265269	
345.10220707	
345.10249548	
345.10229710	
345.10213620	
345.10275225	
345.10283384	
345.10291907	
345.10331977	
345.10346607	
345.10291917	
345.10272675	
345.10258627	
345.10193148	
345.10183114	
345.10206459	
345.10217124	
345.10230292	
345.10265106	
345.10262338	
345.10227535	
345.10178670	
345.10128886	
345.10143033	
345.10159975	
345.10169562	
345.10194807	
345.10179470	
345.10125448	
345.10050534	
345.10045871	
345.10096102	
345.10107728	
345.10086660	
345.10099098	
345.10109814	
345.10103424	
345.10092577	
345.10018938	
345.10002038	
345.10008881	
345.09950938	
345.09896966	
345.09821220	
345.09803151	
345.09845917	
345.09852252	
345.09817364	
345.09790422	
345.09765757	
345.09719124	
345.09676530	
345.09683076	
345.09719416	
345.09698191	
345.09684280	
345.09685635	
345.09690432	
345.09659601	
345.09622997	
345.09632057	
345.09673630	
345.09748119	
345.09804873	
345.09863733	
345.09919144	
345.09930761	
345.09901547	
345.09852541	
345.09861881	
345.09844530	
345.09829791	
345.09837538	
345.09835313	
345.09887168	
345.09931247	
345.09991739	
345.10070844	
345.10071716	
345.10062768	
345.10045194	
345.09985292	
345.09939222	
345.09866650	
345.09867059	
345.09868843	
345.09827500	
345.09782511	
345.09760700	
345.09784188	
345.09751587	
345.09662635	
345.09591446	
345.09566729	
345.09598286	
345.09583164	
345.09475831	
345.09379679	
345.09328838	
345.09277548	
345.09184689	
345.09108984	
345.09109375	
345.09110350	
345.09039055	
345.08974596	
345.08973499	
345.08970127	
345.08924818	
345.08925412	
345.08943027	
345.08909597	
345.08923249	
345.08954649	
345.08971591	
345.09012883	
345.08996530	
345.08907211	
345.08821544	
345.08821714	
345.08879973	
345.08912198	
345.08916862	
345.08924668	
345.08922389	
345.08865574	
345.08784579	
345.08768312	
345.08767251	
345.08722724	
345.08679752	
345.08610448	
345.08589069	
345.08645504	
345.08657273	
345.08666760	
345.08674752	
345.08607852	
345.08530984	
345.08536479	
345.08572803	
345.08568548	
345.08589286	
345.08625624	
345.08635165	
345.08665098	
345.08708184	
345.08750252	
345.08807486	
345.08865383	
345.08847499	
345.08753144	
345.08690815	
345.08632970	
345.08619320	
345.08662645	
345.08660911	
345.08672489	
345.08670280	
345.08674147	
345.08740750	
345.08753266	
345.08746613	
345.08739139	
345.08703703	
345.08707651	
345.08679101	
345.08663478	
345.08638995	
345.08562406	
345.08541547	
345.08543266	
345.08521081	
345.08529976	
345.08523673	
345.08481013	
345.08461246	
345.08412498	
345.08364838	
345.08320284	
345.08326430	
345.08341927	
345.08276879	
345.08207071	
345.08161603	
345.08156504	
345.08184981	
345.08178850	
345.08150090	
345.08152320	
345.08125578	
345.08116677	
345.08159861	
345.08175849	
345.08211093	
345.08224615	
345.08147212	
345.08129675	
345.08173946	
345.08163533	
345.08174114	
345.08151519	
345.08108260	
345.08114824	
345.08111420	
345.08137809	
345.08171561	
345.08130940	
345.08036682	
345.07985062	
345.07954716	
345.07946944	
345.07914903	
345.07886202	
345.07927756	
345.07965867	
345.07998816	
345.07993163	
345.07970264	
345.07990967	
345.08013620	
345.07983291	
345.07934257	
345.07914316	
345.07951110	
345.07994566	
345.07975467	
345.07937147	
345.07912160	
345.07873203	
345.07806384	
345.07792886	
345.07767412	
345.07687435	
345.07637894	
345.07576786	
345.07569091	
345.07549363	
345.07517793	
345.07496527	
345.07424074	
345.07352830	
345.07307655	
345.07281986	
345.07236860	
345.07200723	
345.07215205	
345.07212102	
345.07184247	
345.07162896	
345.07147146	
345.07139582	
345.07081661	
345.06997133	
345.06956735	
345.06957084	
345.06987917	
345.07011820	
345.06950880	
345.06846630	
345.06774508	
345.06726266	
345.06660965	
345.06592255	
345.06579074	
345.06580849	
345.06558311	
345.06557636	
345.06584156	
345.06620423	
345.06646820	
345.06688228	
345.06749577	
345.06782768	
345.06759729	
345.06764395	
345.06808906	
345.06786356	
345.06753216	
345.06703693	
345.06627331	
345.06558447	
345.06490150	
345.06452561	
345.06419599	
345.06397325	
345.06346182	
345.06324866	
345.06302537	
345.06229658	
345.06169225	
345.06132427	
345.06167417	
345.06174654	
345.06153586	
345.06118084	
345.06062331	
345.06001726	
345.05977972	
345.05976636	
345.05915372	
345.05838035	
345.05813211	
345.05789035	
345.05698955	
345.05664797	
345.05692614	
345.05681768	
345.05679660	
345.05718618	
345.05749108	
345.05786617	
345.05796367	
345.05769812	
345.05776915	
345.05755381	
345.05677991	
345.05632105	
345.05615126	
345.05643261	
345.05635268	
345.05592228	
345.05622972	
345.05641739	
345.05588116	
345.05523829	
345.05538862	
345.05569118	
345.05571232	
345.05542565	
345.05542364	
345.05572066	
345.05589959	
345.05574512	
345.05557825	
345.05545118	
345.05548445	
345.05594918	
345.05615151	
345.05633314	
