345.05657036	
345.05681315	
345.05652117	
345.05562880	
345.05501849	
345.05483133	
345.05419861	
345.05406259	
345.05392970	
345.05363997	
345.05411973	
345.05475678	
345.05538060	
345.05513781	
345.05505155	
345.05512009	
345.05464281	
345.05434134	
345.05443560	
345.05413817	
345.05315952	
345.05310435	
345.05333496	
345.05321026	
345.05269381	
345.05208194	
345.05158751	
345.05147260	
345.05127957	
345.05095659	
345.05077963	
345.05064013	
345.05079117	
345.05027809	
345.04983671	
345.04968202	
345.04933673	
345.04902402	
345.04846734	
345.04773239	
345.04698040	
345.04608222	
345.04565071	
345.04560380	
345.04517188	
345.04501574	
345.04503735	
345.04466117	
345.04396786	
345.04303150	
345.04250771	
345.04255128	
345.04282452	
345.04326439	
345.04365889	
345.04414931	
345.04470179	
345.04493248	
345.04479171	
345.04460817	
345.04486239	
345.04524180	
345.04579087	
345.04646564	
345.04672170	
345.04636099	
345.04615019	
345.04610674	
345.04540333	
345.04435732	
345.04419478	
345.04439380	
345.04389973	
345.04371611	
345.04390143	
345.04403069	
345.04389618	
345.04318042	
345.04290924	
345.04299490	
345.04314863	
345.04375821	
345.04398493	
345.04359881	
345.04322797	
345.04326756	
345.04290001	
345.04195068	
345.04157470	
345.04194796	
345.04219154	
345.04181622	
345.04184916	
345.04217643	
345.04231513	
345.04279807	
345.04263325	
345.04240126	
345.04291872	
345.04350454	
345.04375860	
345.04330365	
345.04261449	
345.04264508	
345.04321230	
345.04376004	
345.04361961	
345.04280388	
345.04235644	
345.04223709	
345.04247723	
345.04224227	
345.04152771	
345.04083716	
345.04052442	
345.04101789	
345.04133976	
345.04127453	
345.04142850	
345.04150639	
345.04085582	
345.04005435	
345.03928999	
345.03850342	
345.03792612	
345.03754092	
345.03694717	
345.03594827	
345.03573665	
345.03605477	
345.03618022	
345.03612598	
345.03550698	
345.03453553	
345.03421930	
345.03411942	
345.03330918	
345.03276553	
345.03290139	
345.03276955	
345.03200986	
345.03107615	
345.03018780	
345.02997729	
345.03030646	
345.03043612	
345.03059653	
345.03050276	
345.03003647	
345.02985362	
345.02941171	
345.02882794	
345.02899805	
345.02934183	
345.02972470	
345.03006709	
345.03038599	
345.03105548	
345.03135647	
345.03106944	
345.03082388	
345.03105875	
345.03110314	
345.03111796	
345.03104645	
345.03025837	
345.02937232	
345.02929319	
345.02973410	
345.02962973	
345.02947904	
345.02954760	
345.02973324	
345.03015914	
345.02996757	
345.02926035	
345.02915293	
345.02897653	
345.02830727	
345.02810356	
345.02798651	
345.02777092	
345.02816905	
345.02866384	
345.02895749	
345.02914418	
345.02888175	
345.02879474	
345.02927386	
345.02985992	
345.03002032	
345.02935872	
345.02843364	
345.02827558	
345.02824693	
345.02808816	
345.02815250	
345.02760775	
345.02738429	
345.02753580	
345.02705448	
345.02695774	
345.02690075	
345.02644114	
345.02596838	
345.02532671	
345.02461629	
345.02390084	
345.02394968	
345.02431782	
345.02418196	
345.02432644	
345.02419753	
345.02360800	
345.02328463	
345.02328254	
345.02380493	
345.02413639	
345.02438787	
345.02491365	
345.02515899	
345.02491961	
345.02430187	
345.02363342	
345.02330239	
345.02318723	
345.02297280	
345.02234639	
345.02192084	
345.02241738	
345.02261399	
345.02224990	
345.02219272	
345.02204229	
345.02166432	
345.02155670	
345.02140404	
345.02074074	
345.02021307	
345.01995854	
345.01964686	
345.01996616	
345.02073429	
345.02064261	
345.02025274	
345.01989232	
345.01924894	
345.01857731	
345.01800978	
345.01792762	
345.01818641	
345.01811306	
345.01776864	
345.01772976	
345.01722585	
345.01639172	
345.01571325	
345.01532359	
345.01486749	
345.01432349	
345.01418150	
345.01384046	
345.01387513	
345.01410373	
345.01424627	
345.01476918	
345.01495402	
345.01475248	
345.01435053	
345.01381709	
345.01340126	
345.01304460	
345.01236690	
345.01198092	
345.01225690	
345.01216158	
345.01203502	
345.01195747	
345.01162648	
345.01145997	
345.01155307	
345.01197502	
345.01216435	
345.01179626	
345.01120060	
345.01074264	
345.01008050	
345.00929382	
345.00864260	
345.00828270	
345.00776334	
345.00671884	
345.00586000	
345.00533302	
345.00541921	
345.00531040	
345.00451490	
345.00381402	
345.00309381	
345.00288398	
345.00269015	
345.00196261	
345.00195229	
345.00175311	
345.00091458	
345.00047901	
345.00015000	
345.00007947	
345.00025418	
345.00038068	
345.00044483	
345.00037074	
344.99989879	
344.99980963	
345.00046623	
345.00061050	
345.00050172	
345.00065571	
345.00049673	
345.00028462	
345.00009679	
345.00015656	
345.00016890	
344.99972359	
344.99986341	
344.99987777	
344.99928906	
344.99868837	
344.99843445	
344.99815078	
344.99766831	
344.99704242	
344.99631969	
344.99596919	
344.99623794	
344.99625483	
344.99632385	
344.99630411	
344.99575727	
344.99547108	
344.99519444	
344.99476999	
344.99397985	
344.99384928	
344.99405152	
344.99378689	
344.99335832	
344.99334181	
344.99359387	
344.99362376	
344.99382261	
344.99400493	
344.99447532	
344.99488849	
344.99470574	
344.99470729	
344.99518964	
344.99505404	
344.99422145	
344.99369178	
344.99394867	
344.99393864	
344.99380291	
344.99372321	
344.99312070	
344.99312337	
344.99331092	
344.99334806	
344.99309088	
344.99227438	
344.99162795	
344.99152379	
344.99183496	
344.99177021	
344.99156037	
344.99143281	
344.99093094	
344.99068830	
344.99050807	
344.99003794	
344.98936562	
344.98910675	
344.98889411	
344.98852685	
344.98835557	
344.98806496	
344.98773719	
344.98768205	
344.98805524	
344.98799540	
344.98772966	
344.98753452	
344.98742045	
344.98713317	
344.98659911	
344.98646534	
344.98676305	
