290.97809595	
290.97690858	
290.97572169	
290.97453528	
290.97334934	
290.97216388	
290.97097890	
290.96979440	
290.96861037	
290.96742681	
290.96624373	
290.96506113	
290.96387900	
290.96269735	
290.96151618	
290.96033547	
290.95915524	
290.95797549	
290.95679621	
290.95561741	
290.95443907	
290.95326122	
290.95208383	
290.95090692	
290.94973048	
290.94855451	
290.94737902	
290.94620400	
290.94502945	
290.94385538	
290.94268177	
290.94150864	
290.94033598	
290.93916379	
290.93799207	
290.93682082	
290.93565004	
290.93447974	
290.93330990	
290.93214053	
290.93097164	
290.92980321	
290.92863525	
290.92746777	
290.92630075	
290.92513420	
290.92396812	
290.92280251	
290.92163736	
290.92047269	
290.91930848	
290.91814474	
290.91698147	
290.91581867	
290.91465633	
290.91349446	
290.91233306	
290.91117213	
290.91001166	
290.90885166	
290.90769212	
290.90653305	
290.90537445	
290.90421631	
290.90305864	
290.90190143	
290.90074468	
290.89958841	
290.89843259	
290.89727725	
290.89612236	
290.89496794	
290.89381399	
290.89266049	
290.89150747	
290.89035490	
290.88920280	
290.88805116	
290.88689998	
290.88574927	
290.88459902	
290.88344923	
290.88229990	
290.88115104	
290.88000264	
290.87885470	
290.87770722	
290.87656020	
290.87541364	
290.87426754	
290.87312191	
290.87197673	
290.87083202	
290.86968776	
290.86854397	
290.86740063	
290.86625775	
290.86511534	
290.86397338	
290.86283188	
290.86169084	
290.86055026	
290.85941014	
290.85827047	
290.85713126	
290.85599252	
290.85485422	
290.85371639	
290.85257901	
290.85144210	
290.85030563	
290.84916963	
290.84803408	
290.84689899	
290.84576435	
290.84463017	
290.84349645	
290.84236318	
290.84123036	
290.84009801	
290.83896610	
290.83783465	
290.83670366	
290.83557312	
290.83444304	
290.83331341	
290.83218423	
290.83105551	
290.82992724	
290.82879943	
290.82767206	
290.82654516	
290.82541870	
290.82429270	
290.82316715	
290.82204205	
290.82091740	
290.81979321	
290.81866947	
290.81754618	
290.81642334	
290.81530095	
290.81417901	
290.81305753	
290.81193649	
290.81081591	
290.80969577	
290.80857609	
290.80745686	
290.80633807	
290.80521974	
290.80410185	
290.80298442	
290.80186743	
290.80075089	
290.79963481	
290.79851917	
290.79740397	
290.79628923	
290.79517494	
290.79406109	
290.79294769	
290.79183474	
290.79072223	
290.78961017	
290.78849856	
290.78738740	
290.78627668	
290.78516641	
290.78405658	
290.78294720	
290.78183827	
290.78072978	
290.77962174	
290.77851414	
290.77740699	
290.77630029	
290.77519403	
290.77408821	
290.77298284	
290.77187791	
290.77077342	
290.76966938	
290.76856579	
290.76746263	
290.76635992	
290.76525766	
290.76415583	
290.76305445	
290.76195352	
290.76085302	
290.75975297	
290.75865336	
290.75755419	
290.75645546	
290.75535717	
290.75425933	
290.75316193	
290.75206496	
290.75096844	
290.74987236	
290.74877672	
290.74768152	
290.74658676	
290.74549245	
290.74439857	
290.74330513	
290.74221213	
290.74111956	
290.74002744	
290.73893576	
290.73784452	
290.73675371	
290.73566334	
290.73457341	
290.73348392	
290.73239487	
290.73130625	
290.73021808	
290.72913034	
290.72804303	
290.72695617	
290.72586974	
290.72478374	
290.72369819	
290.72261307	
290.72152838	
290.72044414	
290.71936032	
290.71827695	
290.71719401	
290.71611150	
290.71502943	
290.71394779	
290.71286659	
290.71178583	
290.71070549	
290.70962559	
290.70854613	
290.70746710	
290.70638850	
290.70531034	
290.70423261	
290.70315531	
290.70207845	
290.70100202	
290.69992602	
290.69885046	
290.69777532	
290.69670062	
290.69562635	
290.69455252	
290.69347911	
290.69240613	
290.69133359	
290.69026148	
290.68918980	
290.68811855	
290.68704773	
290.68597734	
290.68490738	
290.68383785	
290.68276875	
290.68170008	
290.68063184	
290.67956403	
290.67849665	
290.67742969	
290.67636317	
290.67529707	
290.67423141	
290.67316617	
290.67210136	
290.67103698	
290.66997302	
290.66890949	
290.66784639	
290.66678372	
290.66572148	
290.66465966	
290.66359827	
290.66253730	
290.66147676	
290.66041665	
290.65935696	
290.65829770	
290.65723887	
290.65618046	
290.65512248	
290.65406492	
290.65300779	
290.65195108	
290.65089479	
290.64983893	
290.64878350	
290.64772849	
290.64667390	
290.64561974	
290.64456600	
290.64351268	
290.64245979	
290.64140732	
290.64035528	
290.63930365	
290.63825245	
290.63720167	
290.63615132	
290.63510138	
290.63405187	
290.63300278	
290.63195412	
290.63090587	
290.62985804	
290.62881064	
290.62776366	
290.62671709	
290.62567095	
290.62462523	
290.62357993	
290.62253505	
290.62149059	
290.62044655	
290.61940292	
290.61835972	
290.61731694	
290.61627457	
290.61523263	
290.61419110	
290.61315000	
290.61210931	
290.61106904	
290.61002918	
290.60898975	
290.60795073	
290.60691213	
290.60587395	
290.60483619	
290.60379884	
290.60276191	
290.60172539	
290.60068930	
290.59965362	
290.59861835	
290.59758350	
290.59654907	
290.59551505	
290.59448145	
290.59344827	
290.59241549	
290.59138314	
290.59035120	
290.58931967	
290.58828856	
290.58725786	
290.58622758	
290.58519771	
290.58416826	
290.58313922	
290.58211059	
290.58108238	
290.58005458	
290.57902719	
290.57800021	
290.57697365	
290.57594750	
290.57492177	
290.57389644	
290.57287153	
290.57184703	
290.57082294	
290.56979926	
290.56877600	
290.56775314	
290.56673070	
290.56570867	
290.56468705	
290.56366583	
290.56264503	
290.56162464	
290.56060466	
290.55958509	
290.55856593	
290.55754718	
290.55652884	
290.55551091	
290.55449338	
290.55347627	
290.55245957	
290.55144327	
290.55042738	
290.54941190	
290.54839683	
290.54738216	
290.54636791	
290.54535406	
290.54434062	
290.54332759	
290.54231496	
290.54130274	
290.54029093	
290.53927952	
290.53826852	
290.53725793	
290.53624774	
290.53523796	
290.53422859	
290.53321962	
290.53221105	
290.53120290	
290.53019514	
290.52918779	
290.52818085	
290.52717431	
290.52616818	
290.52516245	
290.52415712	
290.52315220	
290.52214768	
290.52114357	
290.52013986	
290.51913655	
290.51813365	
290.51713115	
290.51612905	
290.51512736	
290.51412606	
290.51312517	
290.51212469	
290.51112460	
290.51012492	
290.50912563	
290.50812675	
290.50712828	
290.50613020	
290.50513252	
290.50413525	
290.50313837	
290.50214190	
290.50114583	
290.50015015	
290.49915488	
290.49816001	
290.49716553	
290.49617146	
290.49517779	
290.49418451	
290.49319164	
290.49219916	
290.49120709	
290.49021541	
290.48922413	
290.48823325	
290.48724276	
290.48625268	
290.48526299	
290.48427370	
290.48328481	
290.48229632	
290.48130822	
290.48032052	
290.47933322	
290.47834631	
290.47735980	
290.47637369	
290.47538797	
290.47440265	
290.47341773	
290.47243320	
290.47144906	
290.47046533	
290.46948199	
290.46849904	
290.46751649	
290.46653433	
290.46555257	
290.46457120	
290.46359023	
290.46260965	
290.46162946	
290.46064967	
290.45967028	
290.45869127	
290.45771266	
290.45673445	
290.45575662	
290.45477919	
290.45380216	
290.45282551	
290.45184926	
290.45087340	
290.44989793	
290.44892286	
290.44794817	
290.44697388	
290.44599998	
290.44502647	
290.44405335	
290.44308063	
290.44210829	
290.44113635	
290.44016479	
290.43919363	
290.43822286	
290.43725247	
290.43628248	
290.43531288	
290.43434366	
290.43337484	
290.43240640	
290.43143836	
290.43047070	
290.42950343	
290.42853656	
290.42757006	
290.42660396	
290.42563825	
290.42467292	
290.42370799	
290.42274344	
290.42177928	
290.42081550	
290.41985211	
290.41888912	
290.41792650	
290.41696428	
290.41600244	
290.41504099	
290.41407992	
290.41311924	
290.41215895	
290.41119904	
290.41023952	
290.40928038	
290.40832163	
290.40736326	
290.40640528	
290.40544769	
290.40449048	
290.40353365	
290.40257721	
290.40162115	
290.40066548	
290.39971019	
290.39875529	
290.39780077	
290.39684663	
290.39589288	
290.39493951	
290.39398652	
290.39303392	
290.39208170	
290.39112986	
290.39017840	
290.38922733	
290.38827664	
290.38732633	
290.38637640	
290.38542686	
290.38447769	
290.38352891	
290.38258051	
290.38163249	
290.38068485	
290.37973759	
290.37879072	
290.37784422	
290.37689810	
290.37595237	
290.37500701	
290.37406204	
290.37311744	
290.37217322	
290.37122939	
290.37028593	
290.36934285	
290.36840015	
290.36745783	
290.36651589	
290.36557433	
290.36463314	
290.36369233	
290.36275191	
290.36181186	
290.36087218	
290.35993289	
290.35899397	
290.35805543	
290.35711727	
290.35617948	
290.35524207	
290.35430504	
290.35336839	
290.35243211	
290.35149621	
290.35056068	
290.34962553	
290.34869075	
290.34775636	
290.34682233	
290.34588868	
290.34495541	
290.34402251	
290.34308999	
290.34215784	
290.34122607	
290.34029467	
290.33936365	
290.33843300	
290.33750272	
290.33657282	
290.33564329	
290.33471413	
290.33378535	
290.33285695	
290.33192891	
290.33100125	
290.33007396	
290.32914704	
290.32822050	
290.32729433	
290.32636853	
290.32544310	
290.32451804	
290.32359336	
290.32266905	
290.32174511	
290.32082154	
290.31989834	
290.31897552	
290.31805306	
290.31713097	
290.31620926	
290.31528792	
290.31436694	
290.31344634	
290.31252610	
290.31160624	
290.31068675	
290.30976762	
290.30884887	
290.30793048	
290.30701246	
290.30609482	
290.30517754	
290.30426063	
290.30334409	
290.30242791	
290.30151211	
290.30059667	
290.29968160	
290.29876690	
290.29785257	
290.29693860	
290.29602500	
290.29511177	
290.29419890	
290.29328641	
290.29237427	
290.29146251	
290.29055111	
290.28964008	
290.28872942	
290.28781912	
290.28690918	
290.28599961	
290.28509041	
290.28418157	
290.28327310	
290.28236500	
290.28145725	
290.28054988	
290.27964287	
290.27873622	
290.27782994	
290.27692402	
290.27601846	
290.27511327	
290.27420844	
290.27330398	
290.27239988	
290.27149614	
290.27059277	
290.26968976	
290.26878711	
290.26788483	
290.26698291	
290.26608135	
290.26518015	
290.26427932	
290.26337884	
290.26247873	
290.26157898	
290.26067960	
290.25978057	
290.25888191	
290.25798360	
290.25708566	
290.25618808	
290.25529086	
290.25439400	
290.25349750	
290.25260136	
290.25170558	
290.25081016	
290.24991510	
290.24902040	
290.24812606	
290.24723208	
290.24633846	
290.24544520	
290.24455230	
290.24365975	
290.24276757	
290.24187574	
290.24098427	
290.24009316	
290.23920241	
290.23831202	
290.23742198	
290.23653230	
290.23564298	
290.23475402	
290.23386541	
290.23297716	
290.23208927	
290.23120174	
290.23031456	
290.22942774	
290.22854127	
290.22765516	
290.22676941	
290.22588401	
290.22499897	
290.22411429	
290.22322996	
290.22234598	
290.22146236	
290.22057910	
290.21969619	
290.21881364	
290.21793144	
290.21704959	
290.21616810	
290.21528696	
290.21440618	
290.21352575	
290.21264568	
290.21176596	
290.21088659	
290.21000758	
290.20912892	
290.20825061	
290.20737266	
290.20649506	
290.20561781	
290.20474091	
290.20386437	
290.20298818	
290.20211234	
290.20123685	
290.20036172	
290.19948694	
290.19861250	
290.19773842	
290.19686470	
290.19599132	
290.19511829	
290.19424562	
290.19337329	
290.19250132	
290.19162969	
290.19075842	
290.18988749	
290.18901692	
290.18814670	
290.18727682	
290.18640730	
290.18553812	
290.18466930	
290.18380082	
290.18293270	
290.18206492	
290.18119749	
290.18033041	
290.17946367	
290.17859729	
290.17773126	
290.17686557	
290.17600023	
290.17513524	
290.17427059	
290.17340629	
290.17254235	
290.17167874	
290.17081549	
290.16995258	
290.16909002	
290.16822780	
290.16736594	
290.16650441	
290.16564324	
290.16478241	
290.16392193	
290.16306179	
290.16220200	
290.16134255	
290.16048345	
290.15962469	
290.15876628	
290.15790822	
290.15705050	
290.15619312	
290.15533609	
290.15447940	
290.15362306	
290.15276706	
290.15191141	
290.15105610	
290.15020113	
290.14934651	
290.14849223	
290.14763829	
290.14678470	
290.14593145	
290.14507854	
290.14422598	
290.14337376	
290.14252188	
290.14167034	
290.14081915	
290.13996830	
290.13911779	
290.13826762	
290.13741779	
290.13656831	
290.13571916	
290.13487036	
290.13402190	
290.13317378	
290.13232600	
290.13147856	
290.13063146	
290.12978470	
290.12893829	
290.12809221	
290.12724647	
290.12640108	
290.12555602	
290.12471130	
290.12386692	
290.12302288	
290.12217918	
290.12133582	
290.12049280	
290.11965012	
290.11880778	
290.11796577	
290.11712410	
290.11628277	
290.11544178	
290.11460113	
290.11376082	
290.11292084	
290.11208120	
290.11124190	
290.11040293	
290.10956431	
290.10872602	
290.10788806	
290.10705045	
290.10621317	
290.10537622	
290.10453961	
290.10370334	
290.10286741	
290.10203181	
290.10119655	
290.10036162	
290.09952703	
290.09869277	
290.09785885	
290.09702527	
290.09619201	
290.09535910	
290.09452652	
290.09369427	
290.09286236	
290.09203078	
290.09119954	
290.09036863	
290.08953805	
290.08870781	
290.08787790	
290.08704833	
290.08621909	
290.08539018	
290.08456161	
290.08373337	
290.08290546	
290.08207788	
290.08125064	
290.08042373	
290.07959715	
290.07877090	
290.07794499	
290.07711941	
290.07629416	
290.07546924	
290.07464465	
290.07382039	
290.07299647	
290.07217288	
290.07134962	
290.07052668	
290.06970408	
290.06888181	
290.06805987	
290.06723826	
290.06641699	
290.06559604	
290.06477542	
290.06395513	
290.06313517	
290.06231554	
290.06149624	
290.06067727	
290.05985863	
290.05904031	
290.05822233	
290.05740467	
290.05658735	
290.05577035	
290.05495368	
290.05413734	
290.05332132	
290.05250564	
290.05169028	
290.05087525	
290.05006055	
290.04924617	
290.04843213	
290.04761841	
290.04680501	
290.04599195	
290.04517921	
290.04436679	
290.04355471	
290.04274295	
290.04193151	
290.04112041	
290.04030962	
290.03949917	
290.03868904	
290.03787923	
290.03706975	
290.03626060	
290.03545177	
290.03464327	
290.03383509	
290.03302724	
290.03221971	
290.03141250	
290.03060562	
290.02979907	
290.02899284	
290.02818693	
290.02738134	
290.02657608	
290.02577115	
290.02496654	
290.02416225	
290.02335828	
290.02255464	
290.02175132	
290.02094832	
290.02014565	
290.01934329	
290.01854127	
290.01773956	
290.01693817	
290.01613711	
290.01533637	
290.01453595	
290.01373585	
290.01293608	
290.01213663	
290.01133749	
290.01053868	
290.00974019	
290.00894202	
290.00814417	
290.00734664	
290.00654944	
290.00575255	
290.00495598	
290.00415974	
290.00336381	
290.00256820	
290.00177292	
290.00097795	
290.00018330	
289.99938897	
289.99859496	
289.99780127	
289.99700790	
289.99621485	
289.99542212	
289.99462970	
289.99383760	
289.99304583	
289.99225437	
289.99146322	
289.99067240	
289.98988189	
289.98909171	
289.98830184	
289.98751228	
289.98672305	
289.98593413	
289.98514553	
289.98435724	
289.98356927	
289.98278162	
289.98199429	
289.98120727	
289.98042057	
289.97963418	
289.97884811	
289.97806236	
289.97727692	
289.97649180	
289.97570699	
289.97492250	
289.97413833	
289.97335447	
289.97257092	
289.97178769	
289.97100477	
289.97022217	
289.96943989	
289.96865791	
289.96787626	
289.96709491	
289.96631388	
289.96553317	
289.96475276	
289.96397268	
289.96319290	
289.96241344	
289.96163429	
289.96085546	
289.96007693	
289.95929872	
289.95852083	
289.95774324	
289.95696597	
289.95618901	
289.95541237	
289.95463603	
289.95386001	
289.95308430	
289.95230890	
289.95153381	
289.95075904	
289.94998457	
289.94921042	
289.94843658	
289.94766305	
289.94688983	
289.94611692	
289.94534432	
289.94457203	
289.94380006	
289.94302839	
289.94225703	
289.94148599	
289.94071525	
289.93994482	
289.93917470	
289.93840489	
289.93763540	
289.93686621	
289.93609733	
289.93532875	
289.93456049	
289.93379254	
289.93302489	
289.93225756	
289.93149053	
289.93072381	
289.92995740	
289.92919129	
289.92842550	
289.92766001	
289.92689483	
289.92612996	
289.92536539	
289.92460113	
289.92383718	
289.92307354	
289.92231020	
289.92154717	
289.92078445	
289.92002203	
289.91925992	
289.91849812	
289.91773662	
289.91697543	
289.91621454	
289.91545396	
289.91469369	
289.91393372	
289.91317405	
289.91241470	
289.91165564	
289.91089689	
289.91013845	
289.90938031	
289.90862248	
289.90786495	
289.90710773	
289.90635081	
289.90559419	
289.90483788	
289.90408187	
289.90332617	
289.90257077	
289.90181567	
289.90106088	
289.90030639	
289.89955220	
289.89879832	
289.89804474	
289.89729146	
289.89653849	
289.89578581	
289.89503344	
289.89428138	
289.89352961	
289.89277815	
289.89202699	
289.89127613	
289.89052557	
289.88977532	
289.88902536	
289.88827571	
289.88752636	
289.88677731	
289.88602856	
289.88528011	
289.88453196	
289.88378412	
289.88303657	
289.88228933	
289.88154238	
289.88079574	
289.88004939	
289.87930335	
289.87855760	
289.87781216	
289.87706701	
289.87632216	
289.87557762	
289.87483337	
289.87408942	
289.87334577	
289.87260242	
289.87185937	
289.87111662	
289.87037416	
289.86963201	
289.86889015	
289.86814859	
289.86740733	
289.86666636	
289.86592570	
289.86518533	
289.86444526	
289.86370548	
289.86296601	
289.86222683	
289.86148795	
289.86074936	
289.86001107	
289.85927308	
289.85853539	
289.85779799	
289.85706089	
289.85632408	
289.85558757	
289.85485136	
289.85411544	
289.85337982	
289.85264450	
289.85190947	
289.85117473	
289.85044029	
289.84970615	
289.84897230	
289.84823874	
289.84750548	
289.84677252	
289.84603985	
289.84530747	
289.84457539	
289.84384360	
289.84311211	
289.84238091	
289.84165000	
289.84091939	
289.84018907	
289.83945905	
289.83872932	
289.83799988	
289.83727074	
289.83654189	
289.83581333	
289.83508506	
289.83435709	
289.83362941	
289.83290202	
289.83217492	
289.83144812	
289.83072161	
289.82999539	
289.82926946	
289.82854383	
289.82781848	
289.82709343	
289.82636867	
289.82564420	
289.82492002	
289.82419613	
289.82347254	
289.82274923	
289.82202622	
289.82130349	
289.82058106	
289.81985891	
289.81913706	
289.81841550	
289.81769422	
289.81697324	
289.81625255	
289.81553214	
289.81481203	
289.81409220	
289.81337267	
289.81265342	
289.81193446	
289.81121580	
289.81049742	
289.80977932	
289.80906152	
289.80834401	
289.80762678	
289.80690985	
289.80619320	
289.80547684	
289.80476076	
289.80404498	
289.80332948	
289.80261427	
289.80189935	
289.80118471	
289.80047036	
289.79975630	
289.79904253	
289.79832904	
289.79761584	
289.79690293	
289.79619030	
289.79547796	
289.79476591	
289.79405414	
289.79334266	
289.79263146	
289.79192055	
289.79120993	
289.79049959	
289.78978953	
289.78907976	
289.78837028	
289.78766108	
289.78695217	
289.78624354	
289.78553520	
289.78482714	
289.78411937	
289.78341188	
289.78270468	
289.78199775	
289.78129112	
289.78058477	
289.77987870	
289.77917291	
289.77846741	
289.77776219	
289.77705726	
289.77635261	
289.77564824	
289.77494416	
289.77424036	
289.77353684	
289.77283360	
289.77213065	
289.77142798	
289.77072559	
289.77002348	
289.76932166	
289.76862012	
289.76791886	
289.76721788	
289.76651718	
289.76581677	
289.76511664	
289.76441678	
289.76371721	
289.76301792	
289.76231892	
289.76162019	
289.76092174	
289.76022358	
289.75952569	
289.75882809	
289.75813076	
289.75743372	
289.75673695	
289.75604047	
289.75534427	
289.75464834	
289.75395270	
289.75325733	
289.75256225	
289.75186744	
289.75117292	
289.75047867	
289.74978470	
289.74909101	
289.74839760	
289.74770447	
289.74701161	
289.74631904	
289.74562674	
289.74493472	
289.74424298	
289.74355152	
289.74286034	
289.74216943	
289.74147880	
289.74078845	
289.74009838	
289.73940858	
289.73871906	
289.73802982	
289.73734085	
289.73665217	
289.73596375	
289.73527562	
289.73458776	
289.73390018	
289.73321288	
289.73252585	
289.73183909	
289.73115262	
289.73046642	
289.72978049	
289.72909484	
289.72840947	
289.72772437	
289.72703954	
289.72635500	
289.72567072	
289.72498673	
289.72430300	
289.72361956	
289.72293638	
289.72225348	
289.72157086	
289.72088851	
289.72020643	
289.71952463	
289.71884310	
289.71816185	
289.71748087	
289.71680016	
289.71611973	
289.71543957	
289.71475969	
289.71408007	
289.71340073	
289.71272167	
289.71204288	
289.71136435	
289.71068611	
289.71000813	
289.70933043	
289.70865300	
289.70797584	
289.70729895	
289.70662234	
289.70594600	
289.70526993	
289.70459413	
289.70391860	
289.70324335	
289.70256836	
289.70189365	
289.70121921	
289.70054504	
289.69987114	
289.69919751	
289.69852415	
289.69785107	
289.69717825	
289.69650570	
289.69583343	
289.69516142	
289.69448969	
289.69381822	
289.69314703	
289.69247610	
289.69180544	
289.69113506	
289.69046494	
289.68979509	
289.68912551	
289.68845620	
289.68778716	
289.68711839	
289.68644989	
289.68578165	
289.68511369	
289.68444599	
289.68377856	
289.68311140	
289.68244451	
289.68177788	
289.68111153	
289.68044544	
289.67977962	
289.67911406	
289.67844878	
289.67778376	
289.67711901	
289.67645452	
289.67579031	
289.67512636	
289.67446267	
289.67379926	
289.67313611	
289.67247322	
289.67181061	
289.67114826	
289.67048617	
289.66982435	
289.66916280	
289.66850151	
289.66784049	
289.66717974	
289.66651925	
289.66585903	
289.66519907	
289.66453937	
289.66387995	
289.66322078	
289.66256188	
289.66190325	
289.66124488	
289.66058678	
289.65992894	
289.65927136	
289.65861405	
289.65795701	
289.65730022	
289.65664370	
289.65598745	
289.65533146	
289.65467573	
289.65402027	
289.65336507	
289.65271013	
289.65205546	
289.65140105	
289.65074690	
289.65009301	
289.64943939	
289.64878603	
289.64813294	
289.64748010	
289.64682753	
289.64617522	
289.64552317	
289.64487139	
289.64421986	
289.64356860	
289.64291760	
289.64226686	
289.64161639	
289.64096617	
289.64031622	
289.63966653	
289.63901710	
289.63836793	
289.63771902	
289.63707037	
289.63642198	
289.63577385	
289.63512598	
289.63447838	
289.63383103	
289.63318395	
289.63253712	
289.63189055	
289.63124425	
289.63059820	
289.62995242	
289.62930689	
289.62866162	
289.62801661	
289.62737186	
289.62672737	
289.62608314	
289.62543917	
289.62479546	
289.62415200	
289.62350881	
289.62286587	
289.62222319	
289.62158077	
289.62093861	
289.62029670	
289.61965506	
289.61901367	
289.61837254	
289.61773166	
289.61709105	
289.61645069	
289.61581059	
289.61517075	
289.61453116	
289.61389183	
289.61325276	
289.61261394	
289.61197539	
289.61133708	
289.61069904	
289.61006125	
289.60942372	
289.60878644	
289.60814942	
289.60751266	
289.60687615	
289.60623989	
289.60560390	
289.60496816	
289.60433267	
289.60369744	
289.60306247	
289.60242775	
289.60179328	
289.60115907	
289.60052512	
289.59989142	
289.59925797	
289.59862478	
289.59799185	
289.59735916	
289.59672674	
289.59609456	
289.59546264	
289.59483098	
289.59419957	
289.59356841	
289.59293751	
289.59230686	
289.59167646	
289.59104632	
289.59041643	
289.58978679	
289.58915740	
289.58852827	
289.58789940	
289.58727077	
289.58664240	
289.58601428	
289.58538641	
289.58475879	
289.58413143	
289.58350432	
289.58287746	
289.58225085	
289.58162450	
289.58099840	
289.58037254	
289.57974694	
289.57912159	
289.57849650	
289.57787165	
289.57724706	
289.57662271	
289.57599862	
289.57537478	
289.57475118	
289.57412784	
289.57350475	
289.57288191	
289.57225932	
289.57163698	
289.57101490	
289.57039306	
289.56977147	
289.56915013	
289.56852904	
289.56790820	
289.56728761	
289.56666727	
289.56604717	
289.56542733	
289.56480774	
289.56418839	
289.56356930	
289.56295045	
289.56233185	
289.56171350	
289.56109540	
289.56047755	
289.55985995	
289.55924259	
289.55862548	
289.55800862	
289.55739201	
289.55677565	
289.55615953	
289.55554366	
289.55492804	
289.55431267	
289.55369754	
289.55308266	
289.55246803	
289.55185364	
289.55123951	
289.55062561	
289.55001197	
289.54939857	
289.54878542	
289.54817252	
289.54755986	
289.54694744	
289.54633528	
289.54572336	
289.54511168	
289.54450026	
289.54388907	
289.54327814	
289.54266744	
289.54205700	
289.54144680	
289.54083684	
289.54022713	
289.53961767	
289.53900845	
289.53839947	
289.53779074	
289.53718225	
289.53657401	
289.53596602	
289.53535826	
289.53475076	
289.53414349	
289.53353647	
289.53292969	
289.53232316	
289.53171687	
289.53111083	
289.53050503	
289.52989947	
289.52929416	
289.52868908	
289.52808426	
289.52747967	
289.52687533	
289.52627123	
289.52566738	
289.52506376	
289.52446039	
289.52385726	
289.52325438	
289.52265173	
289.52204933	
289.52144717	
289.52084526	
289.52024358	
289.51964215	
289.51904095	
289.51844000	
289.51783930	
289.51723883	
289.51663860	
289.51603862	
289.51543887	
289.51483937	
289.51424011	
289.51364109	
289.51304231	
289.51244377	
289.51184547	
289.51124741	
289.51064960	
289.51005202	
289.50945468	
289.50885758	
289.50826073	
289.50766411	
289.50706773	
289.50647159	
289.50587570	
289.50528004	
289.50468462	
289.50408944	
289.50349450	
289.50289979	
289.50230533	
289.50171111	
289.50111712	
289.50052338	
289.49992987	
289.49933660	
289.49874357	
289.49815078	
289.49755822	
289.49696591	
289.49637383	
289.49578199	
289.49519039	
289.49459902	
289.49400790	
289.49341701	
289.49282636	
289.49223594	
289.49164576	
289.49105583	
289.49046612	
289.48987666	
289.48928743	
289.48869844	
289.48810968	
289.48752116	
289.48693288	
289.48634484	
289.48575703	
289.48516945	
289.48458212	
289.48399502	
289.48340815	
289.48282152	
289.48223513	
289.48164897	
289.48106305	
289.48047736	
289.47989191	
289.47930670	
289.47872172	
289.47813697	
289.47755246	
289.47696819	
289.47638415	
289.47580034	
289.47521677	
289.47463343	
289.47405033	
289.47346746	
289.47288483	
289.47230243	
289.47172027	
289.47113833	
289.47055664	
289.46997517	
289.46939394	
289.46881295	
289.46823218	
289.46765165	
289.46707136	
289.46649130	
289.46591147	
289.46533187	
289.46475251	
289.46417338	
289.46359448	
289.46301581	
289.46243738	
289.46185918	
289.46128121	
289.46070348	
289.46012597	
289.45954870	
289.45897166	
289.45839485	
289.45781828	
289.45724193	
289.45666582	
289.45608994	
289.45551429	
289.45493887	
289.45436369	
289.45378873	
289.45321401	
289.45263951	
289.45206525	
289.45149122	
289.45091742	
289.45034385	
289.44977051	
289.44919740	
289.44862452	
289.44805187	
289.44747945	
289.44690727	
289.44633531	
289.44576358	
289.44519208	
289.44462081	
289.44404977	
289.44347896	
289.44290838	
289.44233803	
289.44176791	
289.44119801	
289.44062835	
289.44005891	
289.43948971	
289.43892073	
289.43835198	
289.43778346	
289.43721517	
289.43664711	
289.43607927	
289.43551167	
289.43494429	
289.43437714	
289.43381021	
289.43324352	
289.43267705	
289.43211081	
289.43154480	
289.43097902	
289.43041346	
289.42984813	
289.42928303	
289.42871815	
289.42815351	
289.42758909	
289.42702489	
289.42646092	
289.42589718	
289.42533367	
289.42477038	
289.42420732	
289.42364448	
289.42308188	
289.42251949	
289.42195734	
289.42139541	
289.42083370	
289.42027222	
289.41971097	
289.41914994	
289.41858914	
289.41802856	
289.41746821	
289.41690808	
289.41634818	
289.41578850	
289.41522905	
289.41466983	
289.41411082	
289.41355205	
289.41299349	
289.41243517	
289.41187706	
289.41131918	
289.41076153	
289.41020410	
289.40964689	
289.40908991	
289.40853315	
289.40797661	
289.40742030	
289.40686421	
289.40630835	
289.40575271	
289.40519729	
289.40464209	
289.40408712	
289.40353237	
289.40297785	
289.40242355	
289.40186947	
289.40131561	
289.40076197	
289.40020856	
289.39965537	
289.39910241	
289.39854966	
289.39799714	
289.39744484	
289.39689276	
289.39634090	
289.39578927	
289.39523785	
289.39468666	
289.39413569	
289.39358494	
289.39303441	
289.39248411	
289.39193402	
289.39138416	
289.39083452	
289.39028509	
289.38973589	
289.38918691	
289.38863815	
289.38808961	
289.38754129	
289.38699320	
289.38644532	
289.38589766	
289.38535022	
289.38480300	
289.38425601	
289.38370923	
289.38316267	
289.38261633	
289.38207021	
289.38152431	
289.38097863	
289.38043317	
289.37988793	
289.37934291	
289.37879810	
289.37825352	
289.37770915	
289.37716501	
289.37662108	
289.37607737	
289.37553388	
289.37499061	
289.37444755	
289.37390472	
289.37336210	
289.37281970	
289.37227752	
289.37173555	
289.37119381	
289.37065228	
289.37011097	
289.36956988	
289.36902900	
289.36848834	
289.36794790	
289.36740768	
289.36686767	
289.36632788	
289.36578831	
289.36524895	
289.36470981	
289.36417089	
289.36363219	
289.36309370	
289.36255543	
289.36201737	
289.36147953	
289.36094190	
289.36040450	
289.35986731	
289.35933033	
289.35879357	
289.35825703	
289.35772070	
289.35718458	
289.35664869	
289.35611300	
289.35557754	
289.35504228	
289.35450725	
289.35397243	
289.35343782	
289.35290343	
289.35236925	
289.35183529	
289.35130154	
289.35076801	
289.35023469	
289.34970158	
289.34916869	
289.34863602	
289.34810356	
289.34757131	
289.34703928	
289.34650746	
289.34597585	
289.34544446	
289.34491328	
289.34438231	
289.34385156	
289.34332102	
289.34279069	
289.34226058	
289.34173068	
289.34120100	
289.34067152	
289.34014226	
289.33961321	
289.33908438	
289.33855576	
289.33802734	
289.33749915	
289.33697116	
289.33644339	
289.33591583	
289.33538848	
289.33486134	
289.33433441	
289.33380770	
289.33328120	
289.33275491	
289.33222883	
289.33170296	
289.33117730	
289.33065186	
289.33012663	
289.32960160	
289.32907679	
289.32855219	
289.32802780	
289.32750362	
289.32697965	
289.32645590	
289.32593235	
289.32540901	
289.32488588	
289.32436297	
289.32384026	
289.32331777	
289.32279548	
289.32227340	
289.32175154	
289.32122988	
289.32070843	
289.32018720	
289.31966617	
289.31914535	
289.31862474	
289.31810434	
289.31758415	
289.31706417	
289.31654440	
289.31602483	
289.31550548	
289.31498633	
289.31446739	
289.31394866	
289.31343014	
289.31291183	
289.31239373	
289.31187583	
289.31135815	
289.31084067	
289.31032340	
289.30980633	
289.30928948	
289.30877283	
289.30825639	
289.30774016	
289.30722413	
289.30670831	
289.30619270	
289.30567730	
289.30516210	
289.30464711	
289.30413233	
289.30361776	
289.30310339	
289.30258923	
289.30207527	
289.30156152	
289.30104798	
289.30053465	
289.30002152	
289.29950859	
289.29899588	
289.29848337	
289.29797106	
289.29745896	
289.29694707	
289.29643538	
289.29592390	
289.29541262	
289.29490155	
289.29439069	
289.29388003	
289.29336957	
289.29285932	
289.29234928	
289.29183944	
289.29132981	
289.29082038	
289.29031115	
289.28980213	
289.28929332	
289.28878471	
289.28827630	
289.28776810	
289.28726010	
289.28675230	
289.28624471	
289.28573733	
289.28523015	
289.28472317	
289.28421639	
289.28370982	
289.28320346	
289.28269729	
289.28219133	
289.28168558	
289.28118002	
289.28067467	
289.28016953	
289.27966458	
289.27915984	
289.27865530	
289.27815097	
289.27764683	
289.27714290	
289.27663918	
289.27613565	
289.27563233	
289.27512921	
289.27462629	
289.27412357	
289.27362106	
289.27311875	
289.27261664	
289.27211473	
289.27161302	
289.27111151	
289.27061021	
289.27010911	
289.26960821	
289.26910751	
289.26860701	
289.26810671	
289.26760662	
289.26710672	
289.26660703	
289.26610754	
289.26560824	
289.26510915	
289.26461026	
289.26411157	
289.26361308	
289.26311479	
289.26261670	
289.26211881	
289.26162112	
289.26112363	
289.26062634	
289.26012925	
289.25963236	
289.25913567	
289.25863918	
289.25814289	
289.25764680	
289.25715091	
289.25665522	
289.25615972	
289.25566443	
289.25516933	
289.25467444	
289.25417974	
289.25368524	
289.25319094	
289.25269684	
289.25220294	
289.25170924	
289.25121573	
289.25072242	
289.25022931	
289.24973640	
289.24924369	
289.24875118	
289.24825886	
289.24776674	
289.24727482	
289.24678310	
289.24629157	
289.24580024	
289.24530911	
289.24481818	
289.24432744	
289.24383690	
289.24334656	
289.24285642	
289.24236647	
289.24187672	
289.24138717	
289.24089781	
289.24040865	
289.23991969	
289.23943092	
289.23894235	
289.23845397	
289.23796580	
289.23747781	
289.23699003	
289.23650244	
289.23601504	
289.23552785	
289.23504084	
289.23455404	
289.23406743	
289.23358101	
289.23309479	
289.23260877	
289.23212294	
289.23163731	
289.23115187	
289.23066663	
289.23018158	
289.22969672	
289.22921207	
289.22872760	
289.22824333	
289.22775926	
289.22727538	
289.22679169	
289.22630820	
289.22582491	
289.22534180	
289.22485890	
289.22437618	
289.22389366	
289.22341134	
289.22292920	
289.22244727	
289.22196552	
289.22148397	
289.22100261	
289.22052145	
289.22004048	
289.21955970	
289.21907912	
289.21859873	
289.21811853	
289.21763852	
289.21715871	
289.21667909	
289.21619967	
289.21572043	
289.21524139	
289.21476254	
289.21428389	
289.21380542	
289.21332715	
289.21284907	
289.21237118	
289.21189349	
289.21141599	
289.21093868	
289.21046156	
289.20998463	
289.20950789	
289.20903135	
289.20855500	
289.20807884	
289.20760287	
289.20712709	
289.20665150	
289.20617610	
289.20570090	
289.20522588	
289.20475106	
289.20427643	
289.20380199	
289.20332774	
289.20285368	
289.20237981	
289.20190613	
289.20143264	
289.20095934	
289.20048623	
289.20001331	
289.19954059	
289.19906805	
289.19859570	
289.19812354	
289.19765157	
289.19717979	
289.19670820	
289.19623680	
289.19576559	
289.19529457	
289.19482374	
289.19435310	
289.19388265	
289.19341238	
289.19294231	
289.19247242	
289.19200272	
289.19153321	
289.19106389	
289.19059476	
289.19012582	
289.18965707	
289.18918850	
289.18872012	
289.18825193	
289.18778393	
289.18731612	
289.18684849	
289.18638106	
289.18591381	
289.18544675	
289.18497987	
289.18451319	
289.18404669	
289.18358038	
289.18311425	
289.18264832	
289.18218257	
289.18171701	
289.18125163	
289.18078645	
289.18032144	
289.17985663	
289.17939200	
289.17892756	
289.17846331	
289.17799924	
289.17753536	
289.17707167	
289.17660816	
289.17614484	
289.17568171	
289.17521876	
289.17475599	
289.17429342	
289.17383103	
289.17336882	
289.17290680	
289.17244497	
289.17198332	
289.17152186	
289.17106058	
289.17059949	
289.17013858	
289.16967786	
289.16921733	
289.16875697	
289.16829681	
289.16783683	
289.16737703	
289.16691742	
289.16645799	
289.16599875	
289.16553970	
289.16508082	
289.16462213	
289.16416363	
289.16370531	
289.16324718	
289.16278922	
289.16233146	
289.16187387	
289.16141647	
289.16095926	
289.16050223	
289.16004538	
289.15958872	
289.15913223	
289.15867594	
289.15821982	
289.15776389	
289.15730814	
289.15685258	
289.15639720	
289.15594200	
289.15548699	
289.15503215	
289.15457750	
289.15412304	
289.15366875	
289.15321465	
289.15276073	
289.15230700	
289.15185344	
289.15140007	
289.15094688	
289.15049387	
289.15004105	
289.14958840	
289.14913594	
289.14868366	
289.14823156	
289.14777965	
289.14732791	
289.14687636	
289.14642499	
289.14597380	
289.14552279	
289.14507196	
289.14462131	
289.14417085	
289.14372057	
289.14327046	
289.14282054	
289.14237080	
289.14192124	
289.14147186	
289.14102266	
289.14057364	
289.14012480	
289.13967614	
289.13922766	
289.13877937	
289.13833125	
289.13788331	
289.13743556	
289.13698798	
289.13654058	
289.13609336	
289.13564633	
289.13519947	
289.13475279	
289.13430629	
289.13385997	
289.13341383	
289.13296787	
289.13252209	
289.13207649	
289.13163106	
289.13118582	
289.13074075	
289.13029587	
289.12985116	
289.12940663	
289.12896228	
289.12851811	
289.12807411	
289.12763030	
289.12718666	
289.12674321	
289.12629993	
289.12585682	
289.12541390	
289.12497116	
289.12452859	
289.12408620	
289.12364399	
289.12320195	
289.12276010	
289.12231842	
289.12187692	
289.12143559	
289.12099444	
289.12055348	
289.12011268	
289.11967207	
289.11923163	
289.11879137	
289.11835129	
289.11791138	
289.11747165	
289.11703210	
289.11659272	
289.11615352	
289.11571449	
289.11527565	
289.11483698	
289.11439848	
289.11396016	
289.11352202	
289.11308406	
289.11264627	
289.11220865	
289.11177121	
289.11133395	
289.11089687	
289.11045995	
289.11002322	
289.10958666	
289.10915027	
289.10871407	
289.10827803	
289.10784217	
289.10740649	
289.10697098	
289.10653565	
289.10610049	
289.10566551	
289.10523070	
289.10479607	
289.10436161	
289.10392732	
289.10349321	
289.10305928	
289.10262552	
289.10219193	
289.10175852	
289.10132528	
289.10089222	
289.10045933	
289.10002661	
289.09959407	
289.09916170	
289.09872951	
289.09829749	
289.09786564	
289.09743397	
289.09700247	
289.09657114	
289.09613999	
289.09570901	
289.09527820	
289.09484757	
289.09441710	
289.09398682	
289.09355670	
289.09312676	
289.09269699	
289.09226740	
289.09183797	
289.09140872	
289.09097964	
289.09055074	
289.09012200	
289.08969344	
289.08926505	
289.08883684	
289.08840879	
289.08798092	
289.08755322	
289.08712569	
289.08669833	
289.08627115	
289.08584414	
289.08541729	
289.08499062	
289.08456412	
289.08413780	
289.08371164	
289.08328566	
289.08285984	
289.08243420	
289.08200873	
289.08158343	
289.08115830	
289.08073334	
289.08030855	
289.07988394	
289.07945949	
289.07903521	
289.07861111	
289.07818717	
289.07776341	
289.07733982	
289.07691639	
289.07649314	
289.07607005	
289.07564714	
289.07522440	
289.07480182	
289.07437942	
289.07395719	
289.07353512	
289.07311323	
289.07269150	
289.07226995	
289.07184856	
289.07142734	
289.07100630	
289.07058542	
289.07016471	
289.06974417	
289.06932380	
289.06890360	
289.06848356	
289.06806370	
289.06764400	
289.06722448	
289.06680512	
289.06638593	
289.06596691	
289.06554805	
289.06512937	
289.06471085	
289.06429250	
289.06387432	
289.06345631	
289.06303847	
289.06262079	
289.06220328	
289.06178594	
289.06136877	
289.06095177	
289.06053493	
289.06011826	
289.05970176	
289.05928542	
289.05886926	
289.05845326	
289.05803742	
289.05762176	
289.05720626	
289.05679093	
289.05637576	
289.05596076	
289.05554593	
289.05513127	
289.05471677	
289.05430244	
289.05388827	
289.05347427	
289.05306044	
289.05264678	
289.05223328	
289.05181994	
289.05140678	
289.05099378	
289.05058094	
289.05016827	
289.04975577	
289.04934343	
289.04893126	
289.04851925	
289.04810741	
289.04769574	
289.04728423	
289.04687289	
289.04646171	
289.04605069	
289.04563985	
289.04522916	
289.04481864	
289.04440829	
289.04399810	
289.04358808	
289.04317822	
289.04276853	
289.04235900	
289.04194963	
289.04154043	
289.04113140	
289.04072253	
289.04031382	
289.03990528	
289.03949690	
289.03908869	
289.03868064	
289.03827275	
289.03786503	
289.03745747	
289.03705007	
289.03664284	
289.03623578	
289.03582887	
289.03542213	
289.03501556	
289.03460914	
289.03420289	
289.03379681	
289.03339088	
289.03298512	
289.03257953	
289.03217409	
289.03176882	
289.03136371	
289.03095877	
289.03055399	
289.03014937	
289.02974491	
289.02934061	
289.02893648	
289.02853251	
289.02812870	
289.02772506	
289.02732158	
289.02691826	
289.02651510	
289.02611210	
289.02570927	
289.02530659	
289.02490408	
289.02450173	
289.02409955	
289.02369752	
289.02329566	
289.02289395	
289.02249241	
289.02209103	
289.02168981	
289.02128876	
289.02088786	
289.02048713	
289.02008655	
289.01968614	
289.01928589	
289.01888580	
289.01848587	
289.01808610	
289.01768649	
289.01728704	
289.01688775	
289.01648862	
289.01608966	
289.01569085	
289.01529220	
289.01489372	
289.01449539	
289.01409723	
289.01369922	
289.01330138	
289.01290369	
289.01250616	
289.01210880	
289.01171159	
289.01131454	
289.01091766	
289.01052093	
289.01012436	
289.00972795	
289.00933170	
289.00893561	
289.00853968	
289.00814391	
289.00774830	
289.00735284	
289.00695755	
289.00656241	
289.00616743	
289.00577261	
289.00537795	
289.00498345	
289.00458911	
289.00419493	
289.00380090	
289.00340703	
289.00301332	
289.00261977	
289.00222638	
289.00183315	
289.00144007	
289.00104715	
289.00065439	
289.00026179	
288.99986934	
288.99947706	
288.99908493	
288.99869295	
288.99830114	
288.99790948	
288.99751798	
288.99712664	
288.99673546	
288.99634443	
288.99595356	
288.99556284	
288.99517229	
288.99478189	
288.99439165	
288.99400156	
288.99361163	
288.99322186	
288.99283224	
288.99244278	
288.99205348	
288.99166434	
288.99127535	
288.99088651	
288.99049784	
288.99010932	
288.98972095	
288.98933274	
288.98894469	
288.98855679	
288.98816905	
288.98778147	
288.98739404	
288.98700677	
288.98661965	
288.98623269	
288.98584588	
288.98545923	
288.98507273	
288.98468639	
288.98430021	
288.98391418	
288.98352830	
288.98314258	
288.98275702	
288.98237161	
288.98198635	
288.98160125	
288.98121631	
288.98083152	
288.98044688	
288.98006240	
288.97967808	
288.97929390	
288.97890989	
288.97852602	
288.97814231	
288.97775876	
288.97737536	
288.97699211	
288.97660902	
288.97622608	
288.97584330	
288.97546066	
288.97507819	
288.97469586	
288.97431369	
288.97393168	
288.97354982	
288.97316811	
288.97278655	
288.97240515	
288.97202390	
288.97164280	
288.97126186	
288.97088107	
288.97050044	
288.97011995	
288.96973962	
288.96935944	
288.96897942	
288.96859955	
288.96821983	
288.96784026	
288.96746085	
288.96708158	
288.96670248	
288.96632352	
288.96594471	
288.96556606	
288.96518756	
288.96480921	
288.96443102	
288.96405297	
288.96367508	
288.96329734	
288.96291975	
288.96254232	
288.96216503	
288.96178790	
288.96141092	
288.96103408	
288.96065741	
288.96028088	
288.95990450	
288.95952828	
288.95915220	
288.95877628	
288.95840051	
288.95802489	
288.95764942	
288.95727410	
288.95689893	
288.95652392	
288.95614905	
288.95577434	
288.95539977	
288.95502536	
288.95465109	
288.95427698	
288.95390302	
288.95352920	
288.95315554	
288.95278203	
288.95240867	
288.95203546	
288.95166239	
288.95128948	
288.95091672	
288.95054411	
288.95017164	
288.94979933	
288.94942717	
288.94905515	
288.94868329	
288.94831157	
288.94794001	
288.94756859	
288.94719733	
288.94682621	
288.94645524	
288.94608442	
288.94571375	
288.94534323	
288.94497286	
288.94460263	
288.94423256	
288.94386263	
288.94349285	
288.94312323	
288.94275375	
288.94238441	
288.94201523	
288.94164620	
288.94127731	
288.94090857	
288.94053998	
288.94017154	
288.93980325	
288.93943510	
288.93906710	
288.93869925	
288.93833155	
288.93796400	
288.93759659	
288.93722933	
288.93686222	
288.93649525	
288.93612844	
288.93576177	
288.93539525	
288.93502887	
288.93466265	
288.93429657	
288.93393063	
288.93356485	
288.93319921	
288.93283372	
288.93246837	
288.93210318	
288.93173813	
288.93137322	
288.93100846	
288.93064385	
288.93027939	
288.92991507	
288.92955090	
288.92918687	
288.92882299	
288.92845926	
288.92809568	
288.92773224	
288.92736894	
288.92700579	
288.92664279	
288.92627993	
288.92591722	
288.92555466	
288.92519224	
288.92482997	
288.92446784	
288.92410586	
288.92374402	
288.92338233	
288.92302078	
288.92265938	
288.92229813	
288.92193702	
288.92157605	
288.92121523	
288.92085456	
288.92049403	
288.92013364	
288.91977340	
288.91941330	
288.91905335	
288.91869355	
288.91833389	
288.91797437	
288.91761500	
288.91725577	
288.91689668	
288.91653775	
288.91617895	
288.91582030	
288.91546179	
288.91510343	
288.91474521	
288.91438714	
288.91402921	
288.91367142	
288.91331378	
288.91295628	
288.91259892	
288.91224171	
288.91188464	
288.91152772	
288.91117093	
288.91081430	
288.91045780	
288.91010145	
288.90974524	
288.90938918	
288.90903326	
288.90867748	
288.90832184	
288.90796635	
288.90761100	
288.90725579	
288.90690073	
288.90654580	
288.90619102	
288.90583639	
288.90548189	
288.90512754	
288.90477333	
288.90441927	
288.90406534	
288.90371156	
288.90335792	
288.90300442	
288.90265107	
288.90229785	
288.90194478	
288.90159185	
288.90123906	
288.90088642	
288.90053391	
288.90018155	
288.89982933	
288.89947725	
288.89912531	
288.89877351	
288.89842186	
288.89807034	
288.89771897	
288.89736774	
288.89701665	
288.89666570	
288.89631489	
288.89596422	
288.89561370	
288.89526331	
288.89491307	
288.89456297	
288.89421300	
288.89386318	
288.89351350	
288.89316396	
288.89281456	
288.89246530	
288.89211618	
288.89176720	
288.89141836	
288.89106966	
288.89072110	
288.89037268	
288.89002440	
288.88967626	
288.88932826	
288.88898040	
288.88863268	
288.88828510	
288.88793766	
288.88759036	
288.88724320	
288.88689618	
288.88654930	
288.88620256	
288.88585596	
288.88550949	
288.88516317	
288.88481698	
288.88447094	
288.88412503	
288.88377926	
288.88343363	
288.88308814	
288.88274279	
288.88239758	
288.88205251	
288.88170757	
288.88136277	
288.88101812	
288.88067360	
288.88032922	
288.87998497	
288.87964087	
288.87929690	
288.87895308	
288.87860939	
288.87826584	
288.87792242	
288.87757915	
288.87723601	
288.87689301	
288.87655015	
288.87620743	
288.87586484	
288.87552239	
288.87518008	
288.87483791	
288.87449588	
288.87415398	
288.87381222	
288.87347060	
288.87312911	
288.87278776	
288.87244655	
288.87210548	
288.87176454	
288.87142374	
288.87108308	
288.87074255	
288.87040216	
288.87006191	
288.86972179	
288.86938181	
288.86904197	
288.86870226	
288.86836270	
288.86802326	
288.86768397	
288.86734481	
288.86700578	
288.86666690	
288.86632814	
288.86598953	
288.86565105	
288.86531271	
288.86497450	
288.86463643	
288.86429849	
288.86396069	
288.86362303	
288.86328550	
288.86294811	
288.86261085	
288.86227373	
288.86193675	
288.86159990	
288.86126318	
288.86092660	
288.86059016	
288.86025385	
288.85991768	
288.85958164	
288.85924574	
288.85890997	
288.85857433	
288.85823883	
288.85790347	
288.85756824	
288.85723315	
288.85689819	
288.85656336	
288.85622867	
288.85589412	
288.85555969	
288.85522541	
288.85489125	
288.85455724	
288.85422335	
288.85388960	
288.85355599	
288.85322250	
288.85288916	
288.85255594	
288.85222286	
288.85188992	
288.85155711	
288.85122443	
288.85089188	
288.85055947	
288.85022719	
288.84989505	
288.84956304	
288.84923116	
288.84889942	
288.84856781	
288.84823633	
288.84790499	
288.84757378	
288.84724270	
288.84691176	
288.84658095	
288.84625027	
288.84591972	
288.84558931	
288.84525903	
288.84492888	
288.84459887	
288.84426899	
288.84393924	
288.84360962	
288.84328014	
288.84295078	
288.84262156	
288.84229248	
288.84196352	
288.84163470	
288.84130601	
288.84097745	
288.84064903	
288.84032073	
288.83999257	
288.83966454	
288.83933664	
288.83900887	
288.83868124	
288.83835374	
288.83802636	
288.83769912	
288.83737201	
288.83704504	
288.83671819	
288.83639148	
288.83606489	
288.83573844	
288.83541212	
288.83508593	
288.83475987	
288.83443395	
288.83410815	
288.83378249	
288.83345695	
288.83313155	
288.83280627	
288.83248113	
288.83215612	
288.83183124	
288.83150649	
288.83118187	
288.83085738	
288.83053302	
288.83020879	
288.82988470	
288.82956073	
288.82923689	
288.82891318	
288.82858960	
288.82826616	
288.82794284	
288.82761965	
288.82729659	
288.82697367	
288.82665087	
288.82632820	
288.82600566	
288.82568325	
288.82536097	
288.82503882	
288.82471680	
288.82439491	
288.82407315	
288.82375152	
288.82343002	
288.82310864	
288.82278740	
288.82246628	
288.82214530	
288.82182444	
288.82150371	
288.82118311	
288.82086264	
288.82054230	
288.82022209	
288.81990200	
288.81958205	
288.81926222	
288.81894252	
288.81862295	
288.81830351	
288.81798420	
288.81766501	
288.81734595	
288.81702703	
288.81670823	
288.81638955	
288.81607101	
288.81575259	
288.81543431	
288.81511615	
288.81479811	
288.81448021	
288.81416243	
288.81384478	
288.81352726	
288.81320987	
288.81289260	
288.81257546	
288.81225845	
288.81194157	
288.81162481	
288.81130819	
288.81099168	
288.81067531	
288.81035906	
288.81004294	
288.80972695	
288.80941108	
288.80909534	
288.80877973	
288.80846424	
288.80814889	
288.80783365	
288.80751855	
288.80720357	
288.80688872	
288.80657399	
288.80625939	
288.80594492	
288.80563058	
288.80531636	
288.80500226	
288.80468829	
288.80437445	
288.80406074	
288.80374715	
288.80343369	
288.80312035	
288.80280714	
288.80249405	
288.80218110	
288.80186826	
288.80155555	
288.80124297	
288.80093052	
288.80061819	
288.80030598	
288.79999390	
288.79968195	
288.79937012	
288.79905841	
288.79874683	
288.79843538	
288.79812405	
288.79781285	
288.79750177	
288.79719082	
288.79687999	
288.79656929	
288.79625871	
288.79594826	
288.79563793	
288.79532773	
288.79501765	
288.79470769	
288.79439786	
288.79408816	
288.79377858	
288.79346912	
288.79315979	
288.79285058	
288.79254150	
288.79223254	
288.79192371	
288.79161499	
288.79130641	
288.79099794	
288.79068961	
288.79038139	
288.79007330	
288.78976533	
288.78945749	
288.78914977	
288.78884217	
288.78853470	
288.78822735	
288.78792013	
288.78761303	
288.78730605	
288.78699919	
288.78669246	
288.78638585	
288.78607937	
288.78577301	
288.78546677	
288.78516065	
288.78485466	
288.78454879	
288.78424304	
288.78393742	
288.78363192	
288.78332654	
288.78302128	
288.78271615	
288.78241114	
288.78210625	
288.78180149	
288.78149685	
288.78119233	
288.78088793	
288.78058365	
288.78027950	
288.77997547	
288.77967156	
288.77936777	
288.77906411	
288.77876057	
288.77845715	
288.77815385	
288.77785067	
288.77754762	
288.77724469	
288.77694187	
288.77663919	
288.77633662	
288.77603417	
288.77573185	
288.77542964	
288.77512756	
288.77482560	
288.77452376	
288.77422205	
288.77392045	
288.77361897	
288.77331762	
288.77301639	
288.77271528	
288.77241429	
288.77211342	
288.77181267	
288.77151204	
288.77121153	
288.77091115	
288.77061088	
288.77031074	
288.77001071	
288.76971081	
288.76941102	
288.76911136	
288.76881182	
288.76851240	
288.76821310	
288.76791392	
288.76761485	
288.76731591	
288.76701709	
288.76671839	
288.76641981	
288.76612135	
288.76582301	
288.76552479	
288.76522669	
288.76492871	
288.76463085	
288.76433311	
288.76403549	
288.76373798	
288.76344060	
288.76314334	
288.76284619	
288.76254917	
288.76225227	
288.76195548	
288.76165881	
288.76136227	
288.76106584	
288.76076953	
288.76047334	
288.76017727	
288.75988132	
288.75958549	
288.75928977	
288.75899418	
288.75869870	
288.75840335	
288.75810811	
288.75781299	
288.75751799	
288.75722310	
288.75692834	
288.75663369	
288.75633917	
288.75604476	
288.75575047	
288.75545630	
288.75516224	
288.75486831	
288.75457449	
288.75428079	
288.75398721	
288.75369374	
288.75340040	
288.75310717	
288.75281406	
288.75252107	
288.75222819	
288.75193544	
288.75164280	
288.75135028	
288.75105787	
288.75076559	
288.75047342	
288.75018137	
288.74988943	
288.74959762	
288.74930592	
288.74901433	
288.74872287	
288.74843152	
288.74814029	
288.74784918	
288.74755818	
288.74726730	
288.74697654	
288.74668589	
288.74639536	
288.74610495	
288.74581466	
288.74552448	
288.74523442	
288.74494447	
288.74465464	
288.74436493	
288.74407533	
288.74378585	
288.74349649	
288.74320724	
288.74291811	
288.74262910	
288.74234020	
288.74205141	
288.74176275	
288.74147420	
288.74118576	
288.74089745	
288.74060924	
288.74032116	
288.74003318	
288.73974533	
288.73945759	
288.73916997	
288.73888246	
288.73859507	
288.73830779	
288.73802063	
288.73773358	
288.73744665	
288.73715983	
288.73687313	
288.73658655	
288.73630008	
288.73601372	
288.73572748	
288.73544136	
288.73515535	
288.73486945	
288.73458367	
288.73429801	
288.73401246	
288.73372702	
288.73344170	
288.73315650	
288.73287141	
288.73258643	
288.73230157	
288.73201682	
288.73173219	
288.73144767	
288.73116326	
288.73087897	
288.73059480	
288.73031073	
288.73002679	
288.72974295	
288.72945923	
288.72917563	
288.72889214	
288.72860876	
288.72832550	
288.72804235	
288.72775931	
288.72747639	
288.72719358	
288.72691088	
288.72662830	
288.72634584	
288.72606348	
288.72578124	
288.72549911	
288.72521710	
288.72493520	
288.72465341	
288.72437174	
288.72409018	
288.72380873	
288.72352740	
288.72324618	
288.72296507	
288.72268407	
288.72240319	
288.72212242	
288.72184176	
288.72156122	
288.72128079	
288.72100047	
288.72072026	
288.72044017	
288.72016019	
288.71988032	
288.71960057	
288.71932092	
288.71904139	
