297.89008949	
297.89013346	
297.89017740	
297.89022133	
297.89026525	
297.89030914	
297.89035302	
297.89039687	
297.89044072	
297.89048454	
297.89052835	
297.89057213	
297.89061591	
297.89065966	
297.89070339	
297.89074711	
297.89079081	
297.89083450	
297.89087816	
297.89092181	
297.89096544	
297.89100906	
297.89105265	
297.89109623	
297.89113980	
297.89118334	
297.89122687	
297.89127038	
297.89131387	
297.89135734	
297.89140080	
297.89144424	
297.89148766	
297.89153107	
297.89157445	
297.89161782	
297.89166118	
297.89170451	
297.89174783	
297.89179113	
297.89183441	
297.89187768	
297.89192093	
297.89196416	
297.89200738	
297.89205057	
297.89209375	
297.89213691	
297.89218006	
297.89222319	
297.89226630	
297.89230939	
297.89235247	
297.89239553	
297.89243857	
297.89248159	
297.89252460	
297.89256759	
297.89261056	
297.89265352	
297.89269646	
297.89273938	
297.89278228	
297.89282517	
297.89286804	
297.89291089	
297.89295373	
297.89299655	
297.89303935	
297.89308213	
297.89312490	
297.89316765	
297.89321038	
297.89325310	
297.89329580	
297.89333848	
297.89338114	
297.89342379	
297.89346642	
297.89350904	
297.89355163	
297.89359421	
297.89363677	
297.89367932	
297.89372185	
297.89376436	
297.89380685	
297.89384933	
297.89389179	
297.89393423	
297.89397666	
297.89401907	
297.89406146	
297.89410384	
297.89414620	
297.89418854	
297.89423086	
297.89427317	
297.89431546	
297.89435773	
297.89439999	
297.89444223	
297.89448445	
297.89452666	
297.89456885	
297.89461102	
297.89465318	
297.89469532	
297.89473744	
297.89477954	
297.89482163	
297.89486370	
297.89490576	
297.89494780	
297.89498982	
297.89503182	
297.89507381	
297.89511578	
297.89515773	
297.89519967	
297.89524159	
297.89528349	
297.89532538	
297.89536725	
297.89540910	
297.89545094	
297.89549276	
297.89553456	
297.89557635	
297.89561812	
297.89565987	
297.89570161	
297.89574332	
297.89578503	
297.89582671	
297.89586838	
297.89591004	
297.89595167	
297.89599329	
297.89603489	
297.89607648	
297.89611805	
297.89615960	
297.89620114	
297.89624266	
297.89628416	
297.89632565	
297.89636712	
297.89640857	
297.89645001	
297.89649143	
297.89653283	
297.89657422	
297.89661559	
297.89665694	
297.89669828	
297.89673960	
297.89678090	
297.89682219	
297.89686346	
297.89690472	
297.89694595	
297.89698718	
297.89702838	
297.89706957	
297.89711074	
297.89715190	
297.89719304	
297.89723416	
297.89727527	
297.89731636	
297.89735743	
297.89739849	
297.89743953	
297.89748055	
297.89752156	
297.89756255	
297.89760352	
297.89764448	
297.89768543	
297.89772635	
297.89776726	
297.89780815	
297.89784903	
297.89788989	
297.89793074	
297.89797156	
297.89801237	
297.89805317	
297.89809395	
297.89813471	
297.89817546	
297.89821619	
297.89825690	
297.89829760	
297.89833828	
297.89837894	
297.89841959	
297.89846022	
297.89850084	
297.89854144	
297.89858202	
297.89862259	
297.89866314	
297.89870368	
297.89874419	
297.89878470	
297.89882518	
297.89886565	
297.89890611	
297.89894654	
297.89898696	
297.89902737	
297.89906776	
297.89910813	
297.89914849	
297.89918883	
297.89922915	
297.89926946	
297.89930975	
297.89935003	
297.89939029	
297.89943053	
297.89947076	
297.89951097	
297.89955117	
297.89959135	
297.89963151	
297.89967166	
297.89971179	
297.89975191	
297.89979201	
297.89983209	
297.89987216	
297.89991221	
297.89995224	
297.89999226	
297.90003226	
297.90007225	
297.90011222	
297.90015218	
297.90019212	
297.90023204	
297.90027195	
297.90031184	
297.90035171	
297.90039157	
297.90043142	
297.90047124	
297.90051106	
297.90055085	
297.90059063	
297.90063039	
297.90067014	
297.90070987	
297.90074959	
297.90078929	
297.90082897	
297.90086864	
297.90090830	
297.90094793	
297.90098755	
297.90102716	
297.90106675	
297.90110632	
297.90114588	
297.90118542	
297.90122495	
297.90126446	
297.90130395	
297.90134343	
297.90138289	
297.90142234	
297.90146177	
297.90150118	
297.90154058	
297.90157997	
297.90161934	
297.90165869	
297.90169802	
297.90173734	
297.90177665	
297.90181594	
297.90185521	
297.90189447	
297.90193371	
297.90197294	
297.90201215	
297.90205135	
297.90209052	
297.90212969	
297.90216884	
297.90220797	
297.90224709	
297.90228619	
297.90232527	
297.90236434	
297.90240340	
297.90244244	
297.90248146	
297.90252047	
297.90255946	
297.90259843	
297.90263739	
297.90267634	
297.90271527	
297.90275418	
297.90279308	
297.90283196	
297.90287083	
297.90290968	
297.90294852	
297.90298734	
297.90302614	
297.90306493	
297.90310371	
297.90314247	
297.90318121	
297.90321994	
297.90325865	
297.90329735	
297.90333603	
297.90337469	
297.90341334	
297.90345198	
297.90349060	
297.90352920	
297.90356779	
297.90360636	
297.90364492	
297.90368346	
297.90372199	
297.90376050	
297.90379899	
297.90383748	
297.90387594	
297.90391439	
297.90395282	
297.90399124	
297.90402965	
297.90406803	
297.90410641	
297.90414476	
297.90418311	
297.90422143	
297.90425975	
297.90429804	
297.90433632	
297.90437459	
297.90441284	
297.90445107	
297.90448929	
297.90452750	
297.90456569	
297.90460386	
297.90464202	
297.90468016	
297.90471829	
297.90475640	
297.90479450	
297.90483258	
297.90487065	
297.90490870	
297.90494674	
297.90498476	
297.90502276	
297.90506075	
297.90509873	
297.90513669	
297.90517464	
297.90521257	
297.90525048	
297.90528838	
297.90532627	
297.90536414	
297.90540199	
297.90543983	
297.90547765	
297.90551546	
297.90555326	
297.90559103	
297.90562880	
297.90566655	
297.90570428	
297.90574200	
297.90577970	
297.90581739	
297.90585506	
297.90589272	
297.90593036	
297.90596799	
297.90600560	
297.90604320	
297.90608078	
297.90611835	
297.90615590	
297.90619344	
297.90623096	
297.90626847	
297.90630597	
297.90634344	
297.90638091	
297.90641835	
297.90645579	
297.90649320	
297.90653061	
297.90656799	
297.90660537	
297.90664272	
297.90668007	
297.90671740	
297.90675471	
297.90679201	
297.90682929	
297.90686656	
297.90690381	
297.90694105	
297.90697827	
297.90701548	
297.90705268	
297.90708985	
297.90712702	
297.90716417	
297.90720130	
297.90723842	
297.90727553	
297.90731262	
297.90734969	
297.90738675	
297.90742380	
297.90746083	
297.90749784	
297.90753484	
297.90757183	
297.90760880	
297.90764576	
297.90768270	
297.90771963	
297.90775654	
297.90779344	
297.90783032	
297.90786719	
297.90790404	
297.90794088	
297.90797770	
297.90801451	
297.90805130	
297.90808808	
297.90812485	
297.90816160	
297.90819833	
297.90823505	
297.90827176	
297.90830845	
297.90834513	
297.90838179	
297.90841844	
297.90845507	
297.90849169	
297.90852829	
297.90856488	
297.90860145	
297.90863801	
297.90867456	
297.90871109	
297.90874760	
297.90878411	
297.90882059	
297.90885706	
297.90889352	
297.90892996	
297.90896639	
297.90900280	
297.90903920	
297.90907559	
297.90911196	
297.90914831	
297.90918465	
297.90922098	
297.90925729	
297.90929359	
297.90932987	
297.90936614	
297.90940239	
297.90943863	
297.90947486	
297.90951107	
297.90954726	
297.90958344	
297.90961961	
297.90965576	
297.90969190	
297.90972802	
297.90976413	
297.90980023	
297.90983631	
297.90987237	
297.90990842	
297.90994446	
297.90998048	
297.91001649	
297.91005248	
297.91008846	
297.91012443	
297.91016038	
297.91019631	
297.91023223	
297.91026814	
297.91030403	
297.91033991	
297.91037578	
297.91041163	
297.91044746	
297.91048328	
297.91051909	
297.91055488	
297.91059066	
297.91062642	
297.91066217	
297.91069791	
297.91073363	
297.91076933	
297.91080503	
297.91084070	
297.91087637	
297.91091202	
297.91094765	
297.91098327	
297.91101888	
297.91105447	
297.91109005	
297.91112562	
297.91116117	
297.91119670	
297.91123222	
297.91126773	
297.91130322	
297.91133870	
297.91137417	
297.91140962	
297.91144505	
297.91148047	
297.91151588	
297.91155128	
297.91158665	
297.91162202	
297.91165737	
297.91169271	
297.91172803	
297.91176334	
297.91179863	
297.91183392	
297.91186918	
297.91190443	
297.91193967	
297.91197490	
297.91201011	
297.91204530	
297.91208048	
297.91211565	
297.91215081	
297.91218595	
297.91222107	
297.91225618	
297.91229128	
297.91232636	
297.91236143	
297.91239649	
297.91243153	
297.91246656	
297.91250157	
297.91253657	
297.91257156	
297.91260653	
297.91264148	
297.91267643	
297.91271136	
297.91274627	
297.91278117	
297.91281606	
297.91285094	
297.91288579	
297.91292064	
297.91295547	
297.91299029	
297.91302509	
297.91305988	
297.91309466	
297.91312942	
297.91316417	
297.91319890	
297.91323362	
297.91326833	
297.91330302	
297.91333770	
297.91337237	
297.91340702	
297.91344166	
297.91347628	
297.91351089	
297.91354548	
297.90958007	
297.90561623	
297.90165399	
297.89769333	
297.89373425	
297.88977676	
297.88582084	
297.88186652	
297.87791377	
297.87396260	
297.87001302	
297.86606501	
297.86211859	
297.85817374	
297.85423047	
297.85028878	
297.84634866	
297.84241012	
297.83847316	
297.83453777	
297.83060396	
297.82667171	
297.82274105	
297.81881195	
297.81488442	
297.81095847	
297.80703409	
297.80311127	
297.79919003	
297.79527035	
297.79135224	
297.78743570	
297.78352073	
297.77960732	
297.77569548	
297.77178520	
297.76787649	
297.76396934	
297.76006375	
297.75615972	
297.75225726	
297.74835636	
297.74445701	
297.74055923	
297.73666301	
297.73276834	
297.72887523	
297.72498368	
297.72109369	
297.71720525	
297.71331837	
297.70943304	
297.70554927	
297.70166705	
297.69778638	
297.69390727	
297.69002971	
297.68615369	
297.68227923	
297.67840632	
297.67453496	
297.67066514	
297.66679688	
297.66293016	
297.65906499	
297.65520136	
297.65133928	
297.64747875	
297.64361975	
297.63976231	
297.63590640	
297.63205204	
297.62819922	
297.62434794	
297.62049820	
297.61665000	
297.61280334	
297.60895822	
297.60511463	
297.60127259	
297.59743208	
297.59359311	
297.58975567	
297.58591977	
297.58208540	
297.57825257	
297.57442126	
297.57059150	
297.56676326	
297.56293655	
297.55911138	
297.55528773	
297.55146562	
297.54764503	
297.54382598	
297.54000845	
297.53619244	
297.53237796	
297.52856501	
297.52475359	
297.52094369	
297.51713531	
297.51332845	
297.50952312	
297.50571931	
297.50191703	
297.49811626	
297.49431701	
297.49051929	
297.48672308	
297.48292839	
297.47913522	
297.47534356	
297.47155343	
297.46776480	
297.46397770	
297.46019211	
297.45640803	
297.45262547	
297.44884442	
297.44506488	
297.44128685	
297.43751034	
297.43373534	
297.42996184	
297.42618986	
297.42241938	
297.41865041	
297.41488295	
297.41111700	
297.40735255	
297.40358961	
297.39982818	
297.39606824	
297.39230982	
297.38855289	
297.38479747	
297.38104355	
297.37729114	
297.37354022	
297.36979080	
297.36604289	
297.36229647	
297.35855155	
297.35480813	
297.35106621	
297.34732578	
297.34358685	
297.33984942	
297.33611348	
297.33237903	
297.32864608	
297.32491462	
297.32118465	
297.31745618	
297.31372920	
297.31000371	
297.30627970	
297.30255719	
297.29883617	
297.29511664	
297.29139859	
297.28768203	
297.28396696	
297.28025337	
297.27654127	
297.27283065	
297.26912152	
297.26541387	
297.26170771	
297.25800302	
297.25429982	
297.25059810	
297.24689786	
297.24319910	
297.23950182	
297.23580602	
297.23211170	
297.22841886	
297.22472749	
297.22103760	
297.21734918	
297.21366224	
297.20997678	
297.20629279	
297.20261027	
297.19892923	
297.19524965	
297.19157155	
297.18789493	
297.18421977	
297.18054608	
297.17687386	
297.17320311	
297.16953383	
297.16586602	
297.16219967	
297.15853479	
297.15487138	
297.15120943	
297.14754894	
297.14388992	
297.14023237	
297.13657628	
297.13292165	
297.12926848	
297.12561677	
297.12196652	
297.11831774	
297.11467041	
297.11102454	
297.10738013	
297.10373718	
297.10009568	
297.09645565	
297.09281706	
297.08917994	
297.08554426	
297.08191005	
297.07827728	
297.07464597	
297.07101611	
297.06738771	
297.06376075	
297.06013525	
297.05651119	
297.05288859	
297.04926743	
297.04564773	
297.04202947	
297.03841266	
297.03479729	
297.03118337	
297.02757090	
297.02395987	
297.02035029	
297.01674215	
297.01313545	
297.00953019	
297.00592638	
297.00232401	
296.99872308	
296.99512359	
296.99152554	
296.98792893	
296.98433376	
296.98074003	
296.97714773	
296.97355687	
296.96996745	
296.96637946	
296.96279291	
296.95920779	
296.95562411	
296.95204186	
296.94846105	
296.94488166	
296.94130371	
296.93772719	
296.93415210	
296.93057844	
296.92700620	
296.92343540	
296.91986603	
296.91629808	
296.91273156	
296.90916647	
296.90560280	
296.90204056	
296.89847974	
296.89492035	
296.89136238	
296.88780584	
296.88425072	
296.88069702	
296.87714474	
296.87359388	
296.87004444	
296.86649643	
296.86294983	
296.85940465	
296.85586088	
296.85231854	
296.84877761	
296.84523810	
296.84170001	
296.83816333	
296.83462806	
296.83109421	
296.82756177	
296.82403075	
296.82050114	
296.81697294	
296.81344615	
296.80992077	
296.80639680	
296.80287424	
296.79935309	
296.79583335	
296.79231502	
296.78879809	
296.78528257	
296.78176846	
296.77825575	
296.77474445	
296.77123455	
296.76772606	
296.76421897	
296.76071328	
296.75720899	
296.75370611	
296.75020463	
296.74670455	
296.74320586	
296.73970858	
296.73621270	
296.73271821	
296.72922513	
296.72573344	
296.72224314	
296.71875424	
296.71526674	
296.71178064	
296.70829592	
296.70481261	
296.70133068	
296.69785015	
296.69437101	
296.69089326	
296.68741690	
296.68394194	
296.68046836	
296.67699617	
296.67352537	
296.67005596	
296.66658794	
296.66312131	
296.65965606	
296.65619219	
296.65272972	
296.64926863	
296.64580892	
296.64235059	
296.63889365	
296.63543810	
296.63198392	
296.62853113	
296.62507972	
296.62162968	
296.61818103	
296.61473376	
296.61128787	
296.60784335	
296.60440021	
296.60095845	
296.59751807	
296.59407906	
296.59064143	
296.58720517	
296.58377029	
296.58033678	
296.57690465	
296.57347389	
296.57004450	
296.56661648	
296.56318983	
296.55976456	
296.55634065	
296.55291812	
296.54949695	
296.54607715	
296.54265872	
296.53924166	
296.53582596	
296.53241163	
296.52899866	
296.52558706	
296.52217683	
296.51876796	
296.51536045	
296.51195431	
296.50854953	
296.50514611	
296.50174405	
296.49834335	
296.49494401	
296.49154604	
296.48814942	
296.48475416	
296.48136026	
296.47796771	
296.47457652	
296.47118669	
296.46779822	
296.46441110	
296.46102534	
296.45764093	
296.45425787	
296.45087617	
296.44749582	
296.44411682	
296.44073917	
296.43736287	
296.43398793	
296.43061433	
296.42724209	
296.42387119	
296.42050164	
296.41713344	
296.41376659	
296.41040108	
296.40703692	
296.40367411	
296.40031264	
296.39695251	
296.39359373	
296.39023629	
296.38688020	
296.38352545	
296.38017204	
296.37681997	
296.37346924	
296.37011985	
296.36677180	
296.36342510	
296.36007973	
296.35673569	
296.35339300	
296.35005164	
296.34671162	
296.34337294	
296.34003559	
296.33669957	
296.33336489	
296.33003155	
296.32669954	
296.32336886	
296.32003951	
296.31671149	
296.31338481	
296.31005945	
296.30673543	
296.30341274	
296.30009137	
296.29677133	
296.29345263	
296.29013524	
296.28681919	
296.28350446	
296.28019106	
296.27687898	
296.27356823	
296.27025881	
296.26695070	
296.26364392	
296.26033846	
296.25703433	
296.25373152	
296.25043002	
296.24712985	
296.24383100	
296.24053347	
296.23723725	
296.23394236	
296.23064878	
296.22735652	
296.22406558	
296.22077595	
296.21748764	
296.21420065	
296.21091497	
296.20763060	
296.20434755	
296.20106581	
296.19778538	
296.19450627	
296.19122847	
296.18795198	
296.18467679	
296.18140292	
296.17813036	
296.17485911	
296.17158917	
296.16832053	
296.16505320	
296.16178718	
296.15852247	
296.15525906	
296.15199695	
296.14873616	
296.14547666	
296.14221847	
296.13896158	
296.13570600	
296.13245172	
296.12919874	
296.12594706	
296.12269668	
296.11944760	
296.11619982	
296.11295334	
296.10970816	
296.10646427	
296.10322169	
296.09998040	
296.09674041	
296.09350171	
296.09026431	
296.08702821	
296.08379339	
296.08055988	
296.07732765	
296.07409672	
296.07086708	
296.06763874	
296.06441168	
296.06118592	
296.05796144	
296.05473826	
296.05151636	
296.04829576	
296.04507644	
296.04185841	
296.03864166	
296.03542621	
296.03221204	
296.02899915	
296.02578755	
296.02257724	
296.01936821	
296.01616046	
296.01295399	
296.00974881	
296.00654491	
296.00334230	
296.00014096	
295.99694090	
295.99374213	
295.99054463	
295.98734841	
295.98415347	
295.98095981	
295.97776743	
295.97457632	
295.97138649	
295.96819793	
295.96501065	
295.96182465	
295.95863992	
295.95545646	
295.95227428	
295.94909337	
295.94591374	
295.94273537	
295.93955828	
295.93638245	
295.93320790	
295.93003462	
295.92686260	
295.92369186	
295.92052238	
295.91735417	
295.91418723	
295.91102155	
295.90785715	
295.90469400	
295.90153213	
295.89837151	
295.89521216	
295.89205408	
295.88889726	
295.88574170	
295.88258740	
295.87943437	
295.87628259	
295.87313208	
295.86998283	
295.86683483	
295.86368810	
295.86054263	
295.85739841	
295.85425545	
295.85111375	
295.84797330	
295.84483411	
295.84169618	
295.83855950	
295.83542408	
295.83228991	
295.82915699	
295.82602533	
295.82289492	
295.81976576	
295.81663785	
295.81351120	
295.81038579	
295.80726164	
295.80413873	
295.80101708	
295.79789667	
295.79477751	
295.79165960	
295.78854294	
295.78542752	
295.78231335	
295.77920043	
295.77608875	
295.77297831	
295.76986912	
295.76676117	
295.76365447	
295.76054900	
295.75744478	
295.75434181	
295.75124007	
295.74813957	
295.74504032	
295.74194230	
295.73884553	
295.73574999	
295.73265569	
295.72956262	
295.72647080	
295.72338021	
295.72029086	
295.71720274	
295.71411586	
295.71103022	
295.70794580	
295.70486263	
295.70178068	
295.69869997	
295.69562049	
295.69254224	
295.68946522	
295.68638944	
295.68331488	
295.68024155	
295.67716946	
295.67409859	
295.67102895	
295.66796054	
295.66489336	
295.66182740	
295.65876267	
295.65569916	
295.65263688	
295.64957583	
295.64651600	
295.64345739	
295.64040001	
295.63734385	
295.63428891	
295.63123519	
295.62818270	
295.62513143	
295.62208137	
295.61903254	
295.61598493	
295.61293854	
295.60989336	
295.60684940	
295.60380666	
295.60076514	
295.59772483	
295.59468574	
295.59164787	
295.58861121	
295.58557577	
295.58254154	
295.57950852	
295.57647672	
295.57344613	
295.57041675	
295.56738858	
295.56436162	
295.56133588	
295.55831135	
295.55528802	
295.55226591	
295.54924500	
295.54622530	
295.54320681	
295.54018953	
295.53717345	
295.53415858	
295.53114492	
295.52813246	
295.52512121	
295.52211116	
295.51910232	
295.51609468	
295.51308824	
295.51008300	
295.50707897	
295.50407614	
295.50107451	
295.49807408	
295.49507485	
295.49207682	
295.48907999	
295.48608435	
295.48308992	
295.48009669	
295.47710465	
295.47411380	
295.47112416	
295.46813571	
295.46514846	
295.46216240	
295.45917753	
295.45619386	
295.45321138	
295.45023010	
295.44725001	
295.44427111	
295.44129340	
295.43831688	
295.43534155	
295.43236742	
295.42939447	
295.42642271	
295.42345214	
295.42048276	
295.41751457	
295.41454756	
295.41158174	
295.40861711	
295.40565366	
295.40269140	
295.39973033	
295.39677043	
295.39381173	
295.39085420	
295.38789786	
295.38494270	
295.38198872	
295.37903593	
295.37608431	
295.37313388	
295.37018463	
295.36723655	
295.36428966	
295.36134394	
295.35839940	
295.35545604	
295.35251386	
295.34957286	
295.34663303	
295.34369437	
295.34075690	
295.33782059	
295.33488547	
295.33195151	
295.32901873	
295.32608712	
295.32315669	
295.32022743	
295.31729933	
295.31437241	
295.31144667	
295.30852209	
295.30559868	
295.30267644	
295.29975537	
295.29683547	
295.29391673	
295.29099917	
295.28808277	
295.28516753	
295.28225347	
295.27934056	
295.27642883	
295.27351826	
295.27060885	
295.26770061	
295.26479353	
295.26188761	
295.25898285	
295.25607926	
295.25317683	
295.25027556	
295.24737545	
295.24447650	
295.24157871	
295.23868207	
295.23578660	
295.23289229	
295.22999913	
295.22710713	
295.22421629	
295.22132660	
295.21843807	
295.21555070	
295.21266448	
295.20977941	
295.20689550	
295.20401274	
295.20113113	
295.19825068	
295.19537138	
295.19249323	
295.18961624	
295.18674039	
295.18386569	
295.18099215	
295.17811975	
295.17524850	
295.17237840	
295.16950945	
295.16664165	
295.16377499	
295.16090948	
295.15804512	
295.15518190	
295.15231983	
295.14945890	
295.14659911	
295.14374048	
295.14088298	
295.13802663	
295.13517142	
295.13231735	
295.12946442	
295.12661263	
295.12376199	
295.12091248	
295.11806412	
295.11521689	
295.11237081	
295.10952586	
295.10668205	
295.10383938	
295.10099784	
295.09815744	
295.09531818	
295.09248005	
295.08964306	
295.08680720	
295.08397248	
295.08113889	
295.07830643	
295.07547511	
295.07264492	
295.06981586	
295.06698794	
295.06416114	
295.06133548	
295.05851094	
295.05568754	
295.05286526	
295.05004412	
295.04722410	
295.04440521	
295.04158745	
295.03877081	
295.03595530	
295.03314092	
295.03032767	
295.02751553	
295.02470453	
295.02189465	
295.01908589	
295.01627825	
295.01347174	
295.01066635	
295.00786209	
295.00505894	
295.00225692	
294.99945602	
294.99665623	
294.99385757	
294.99106003	
294.98826361	
294.98546830	
294.98267411	
294.97988104	
294.97708909	
294.97429825	
294.97150854	
294.96871993	
294.96593244	
294.96314607	
294.96036081	
294.95757667	
294.95479364	
294.95201172	
294.94923092	
294.94645122	
294.94367264	
294.94089517	
294.93811882	
294.93534357	
294.93256943	
294.92979640	
294.92702448	
294.92425367	
294.92148397	
294.91871538	
294.91594789	
294.91318151	
294.91041624	
294.90765207	
294.90488901	
294.90212706	
294.89936621	
294.89660646	
294.89384782	
294.89109028	
294.88833384	
294.88557851	
294.88282428	
294.88007115	
294.87731912	
294.87456819	
294.87181837	
294.86906964	
294.86632201	
294.86357548	
294.86083005	
294.85808572	
294.85534248	
294.85260035	
294.84985931	
294.84711936	
294.84438052	
294.84164276	
294.83890611	
294.83617054	
294.83343608	
294.83070270	
294.82797042	
294.82523923	
294.82250914	
294.81978013	
294.81705222	
294.81432540	
294.81159967	
294.80887503	
294.80615148	
294.80342902	
294.80070765	
294.79798736	
294.79526817	
294.79255006	
294.78983304	
294.78711711	
294.78440226	
294.78168850	
294.77897583	
294.77626424	
294.77355373	
294.77084431	
294.76813597	
294.76542872	
294.76272255	
294.76001746	
294.75731345	
294.75461052	
294.75190868	
294.74920792	
294.74650823	
294.74380963	
294.74111211	
294.73841566	
294.73572029	
294.73302601	
294.73033280	
294.72764066	
294.72494961	
294.72225963	
294.71957072	
294.71688289	
294.71419614	
294.71151046	
294.70882586	
294.70614233	
294.70345987	
294.70077849	
294.69809818	
294.69541894	
294.69274077	
294.69006367	
294.68738765	
294.68471269	
294.68203881	
294.67936599	
294.67669425	
294.67402357	
294.67135396	
294.66868542	
294.66601794	
294.66335154	
294.66068619	
294.65802192	
294.65535871	
294.65269657	
294.65003549	
294.64737548	
294.64471653	
294.64205864	
294.63940182	
294.63674605	
294.63409136	
294.63143772	
294.62878514	
294.62613363	
294.62348318	
294.62083378	
294.61818545	
294.61553818	
294.61289196	
294.61024680	
294.60760271	
294.60495966	
294.60231768	
294.59967675	
294.59703688	
294.59439807	
294.59176031	
294.58912360	
294.58648795	
294.58385336	
294.58121982	
294.57858733	
294.57595590	
294.57332551	
294.57069618	
294.56806790	
294.56544068	
294.56281450	
294.56018938	
294.55756530	
294.55494227	
294.55232030	
294.54969937	
294.54707949	
294.54446066	
294.54184287	
294.53922614	
294.53661044	
294.53399580	
294.53138220	
294.52876965	
294.52615814	
294.52354768	
294.52093826	
294.51832988	
294.51572255	
294.51311626	
294.51051102	
294.50790681	
294.50530365	
294.50270153	
294.50010045	
294.49750041	
294.49490141	
294.49230345	
294.48970653	
294.48711064	
294.48451580	
294.48192199	
294.47932922	
294.47673749	
294.47414680	
294.47155714	
294.46896851	
294.46638093	
294.46379438	
294.46120886	
294.45862437	
294.45604092	
294.45345851	
294.45087712	
294.44829677	
294.44571745	
294.44313917	
294.44056191	
294.43798569	
294.43541049	
294.43283633	
294.43026319	
294.42769109	
294.42512001	
294.42254996	
294.41998094	
294.41741295	
294.41484599	
294.41228005	
294.40971514	
294.40715125	
294.40458839	
294.40202655	
294.39946574	
294.39690596	
294.39434720	
294.39178946	
294.38923274	
294.38667705	
294.38412238	
294.38156873	
294.37901610	
294.37646449	
294.37391391	
294.37136434	
294.36881580	
294.36626827	
294.36372176	
294.36117627	
294.35863180	
294.35608835	
294.35354592	
294.35100450	
294.34846410	
294.34592471	
294.34338634	
294.34084899	
294.33831265	
294.33577732	
294.33324301	
294.33070971	
294.32817743	
294.32564616	
294.32311590	
294.32058665	
294.31805842	
294.31553120	
294.31300498	
294.31047978	
294.30795559	
294.30543241	
294.30291023	
294.30038907	
294.29786891	
294.29534977	
294.29283163	
294.29031449	
294.28779837	
294.28528325	
294.28276914	
294.28025603	
294.27774393	
294.27523283	
294.27272273	
294.27021365	
294.26770556	
294.26519848	
294.26269240	
294.26018732	
294.25768325	
294.25518017	
294.25267810	
294.25017703	
294.24767696	
294.24517789	
294.24267982	
294.24018275	
294.23768667	
294.23519160	
294.23269752	
294.23020444	
294.22771236	
294.22522128	
294.22273119	
294.22024209	
294.21775400	
294.21526690	
294.21278079	
294.21029568	
294.20781156	
294.20532843	
294.20284630	
294.20036516	
294.19788502	
294.19540586	
294.19292770	
294.19045053	
294.18797435	
294.18549916	
294.18302496	
294.18055175	
294.17807953	
294.17560830	
294.17313805	
294.17066880	
294.16820053	
294.16573325	
294.16326696	
294.16080165	
294.15833733	
294.15587400	
294.15341165	
294.15095028	
294.14848990	
294.14603051	
294.14357209	
294.14111466	
294.13865822	
294.13620276	
294.13374827	
294.13129478	
294.12884226	
294.12639072	
294.12394016	
294.12149059	
294.11904199	
294.11659438	
294.11414774	
294.11170208	
294.10925740	
294.10681369	
294.10437097	
294.10192922	
294.09948845	
294.09704865	
294.09460983	
294.09217199	
294.08973512	
294.08729923	
294.08486431	
294.08243036	
294.07999739	
294.07756539	
294.07513436	
294.07270431	
294.07027523	
294.06784712	
294.06541998	
294.06299381	
294.06056861	
294.05814439	
294.05572113	
294.05329884	
294.05087752	
294.04845717	
294.04603779	
294.04361937	
294.04120192	
294.03878544	
294.03636993	
294.03395538	
294.03154180	
294.02912918	
294.02671753	
294.02430684	
294.02189712	
294.01948836	
294.01708057	
294.01467374	
294.01226787	
294.00986296	
294.00745901	
294.00505603	
294.00265401	
294.00025295	
293.99785284	
293.99545370	
293.99305552	
293.99065830	
293.98826204	
293.98586673	
293.98347238	
293.98107900	
293.97868656	
293.97629509	
293.97390457	
293.97151501	
293.96912640	
293.96673875	
293.96435206	
293.96196632	
293.95958153	
293.95719770	
293.95481482	
293.95243289	
293.95005192	
293.94767190	
293.94529283	
293.94291471	
293.94053755	
293.93816133	
293.93578607	
293.93341175	
293.93103839	
293.92866597	
293.92629451	
293.92392399	
293.92155442	
293.91918580	
293.91681812	
293.91445140	
293.91208562	
293.90972078	
293.90735689	
293.90499395	
293.90263195	
293.90027090	
293.89791079	
293.89555163	
293.89319341	
293.89083613	
293.88847979	
293.88612440	
293.88376995	
293.88141644	
293.87906388	
293.87671225	
293.87436157	
293.87201182	
293.86966302	
293.86731515	
293.86496823	
293.86262224	
293.86027719	
293.85793308	
293.85558991	
293.85324767	
293.85090637	
293.84856601	
293.84622658	
293.84388809	
293.84155054	
293.83921392	
293.83687823	
293.83454348	
293.83220966	
293.82987678	
293.82754483	
293.82521381	
293.82288372	
293.82055457	
293.81822635	
293.81589906	
293.81357270	
293.81124727	
293.80892277	
293.80659920	
293.80427656	
293.80195485	
293.79963407	
293.79731422	
293.79499529	
293.79267729	
293.79036022	
293.78804408	
293.78572886	
293.78341457	
293.78110120	
293.77878876	
293.77647725	
293.77416666	
293.77185699	
293.76954825	
293.76724043	
293.76493353	
293.76262756	
293.76032251	
293.75801838	
293.75571517	
293.75341288	
293.75111152	
293.74881107	
293.74651155	
293.74421294	
293.74191526	
293.73961849	
293.73732265	
293.73502772	
293.73273371	
293.73044061	
293.72814844	
293.72585718	
293.72356683	
293.72127741	
293.71898890	
293.71670130	
293.71441462	
293.71212885	
293.70984400	
293.70756007	
293.70527704	
293.70299493	
293.70071373	
293.69843345	
293.69615407	
293.69387561	
293.69159806	
293.68932142	
293.68704569	
293.68477088	
293.68249697	
293.68022397	
293.67795188	
293.67568070	
293.67341043	
293.67114106	
293.66887261	
293.66660506	
293.66433841	
293.66207268	
293.65980785	
293.65754393	
293.65528091	
293.65301880	
293.65075759	
293.64849729	
293.64623789	
293.64397939	
293.64172180	
293.63946511	
293.63720933	
293.63495444	
293.63270046	
293.63044738	
293.62819520	
293.62594392	
293.62369355	
293.62144407	
293.61919549	
293.61694781	
293.61470103	
293.61245515	
293.61021017	
293.60796609	
293.60572290	
293.60348061	
293.60123922	
293.59899872	
293.59675912	
293.59452042	
293.59228261	
293.59004570	
293.58780968	
293.58557456	
293.58334033	
293.58110699	
293.57887455	
293.57664300	
293.57441234	
293.57218258	
293.56995370	
293.56772572	
293.56549863	
293.56327243	
293.56104712	
293.55882270	
293.55659917	
293.55437653	
293.55215478	
293.54993392	
293.54771395	
293.54549486	
293.54327667	
293.54105935	
293.53884293	
293.53662739	
293.53441274	
293.53219898	
293.52998610	
293.52777410	
293.52556299	
293.52335277	
293.52114343	
293.51893497	
293.51672740	
293.51452071	
293.51231490	
293.51010997	
293.50790593	
293.50570276	
293.50350048	
293.50129908	
293.49909856	
293.49689892	
293.49470016	
293.49250228	
293.49030528	
293.48810916	
293.48591392	
293.48371955	
293.48152606	
293.47933345	
293.47714172	
293.47495086	
293.47276088	
293.47057178	
293.46838355	
293.46619620	
293.46400972	
293.46182411	
293.45963939	
293.45745553	
293.45527255	
293.45309044	
293.45090920	
293.44872884	
293.44654935	
293.44437073	
293.44219298	
293.44001610	
293.43784010	
293.43566496	
293.43349069	
293.43131730	
293.42914477	
293.42697311	
293.42480232	
293.42263240	
293.42046335	
293.41829516	
293.41612785	
293.41396139	
293.41179581	
293.40963109	
293.40746724	
293.40530425	
293.40314213	
293.40098087	
293.39882048	
293.39666095	
293.39450229	
293.39234449	
293.39018755	
293.38803147	
293.38587626	
293.38372191	
293.38156842	
293.37941580	
293.37726403	
293.37511312	
293.37296308	
293.37081389	
293.36866557	
293.36651810	
293.36437149	
293.36222575	
293.36008086	
293.35793682	
293.35579365	
293.35365133	
293.35150987	
293.34936927	
293.34722952	
293.34509063	
293.34295259	
293.34081541	
293.33867908	
293.33654361	
293.33440899	
293.33227523	
293.33014232	
293.32801026	
293.32587906	
293.32374871	
293.32161921	
293.31949056	
293.31736276	
293.31523582	
293.31310973	
293.31098448	
293.30886009	
293.30673654	
293.30461385	
293.30249200	
293.30037101	
293.29825086	
293.29613156	
293.29401311	
293.29189550	
293.28977874	
293.28766283	
293.28554777	
293.28343355	
293.28132017	
293.27920764	
293.27709596	
293.27498512	
293.27287513	
293.27076598	
293.26865767	
293.26655021	
293.26444359	
293.26233781	
293.26023288	
293.25812878	
293.25602553	
293.25392312	
293.25182155	
293.24972082	
293.24762094	
293.24552189	
293.24342368	
293.24132631	
293.23922978	
293.23713409	
293.23503923	
293.23294522	
293.23085204	
293.22875970	
293.22666819	
293.22457753	
293.22248770	
293.22039870	
293.21831054	
293.21622322	
293.21413673	
293.21205107	
293.20996625	
293.20788227	
293.20579911	
293.20371679	
293.20163531	
293.19955465	
293.19747483	
293.19539584	
293.19331768	
293.19124036	
293.18916386	
293.18708819	
293.18501336	
293.18293935	
293.18086618	
293.17879383	
293.17672231	
293.17465163	
293.17258176	
293.17051273	
293.16844453	
293.16637715	
293.16431060	
293.16224487	
293.16017998	
293.15811590	
293.15605266	
293.15399024	
293.15192864	
293.14986787	
293.14780792	
293.14574880	
293.14369050	
293.14163302	
293.13957637	
293.13752054	
293.13546553	
293.13341134	
293.13135798	
293.12930544	
293.12725371	
293.12520281	
293.12315273	
293.12110347	
293.11905503	
293.11700741	
293.11496060	
293.11291462	
293.11086945	
293.10882511	
293.10678158	
293.10473886	
293.10269697	
293.10065589	
293.09861563	
293.09657618	
293.09453755	
293.09249974	
293.09046274	
293.08842655	
293.08639118	
293.08435662	
293.08232288	
293.08028995	
293.07825784	
293.07622653	
293.07419604	
293.07216636	
293.07013750	
293.06810944	
293.06608220	
293.06405577	
293.06203014	
293.06000533	
293.05798133	
293.05595814	
293.05393575	
293.05191418	
293.04989341	
293.04787346	
293.04585431	
293.04383596	
293.04181843	
293.03980170	
293.03778578	
293.03577067	
293.03375636	
293.03174286	
293.02973016	
293.02771827	
293.02570718	
293.02369690	
293.02168742	
293.01967874	
293.01767087	
293.01566380	
293.01365754	
293.01165208	
293.00964741	
293.00764356	
293.00564050	
293.00363824	
293.00163679	
292.99963613	
292.99763628	
292.99563722	
292.99363897	
292.99164151	
292.98964486	
292.98764900	
292.98565394	
292.98365968	
292.98166621	
292.97967355	
292.97768168	
292.97569060	
292.97370033	
292.97171085	
292.96972216	
292.96773428	
292.96574718	
292.96376088	
292.96177538	
292.95979067	
292.95780675	
292.95582363	
292.95384130	
292.95185976	
292.94987902	
292.94789907	
292.94591991	
292.94394154	
292.94196396	
292.93998718	
292.93801118	
292.93603598	
292.93406156	
292.93208794	
292.93011510	
292.92814306	
292.92617180	
292.92420133	
292.92223165	
292.92026276	
292.91829465	
292.91632734	
292.91436081	
292.91239506	
292.91043010	
292.90846593	
292.90650254	
292.90453994	
292.90257813	
292.90061710	
292.89865685	
292.89669739	
292.89473871	
292.89278081	
292.89082370	
292.88886737	
292.88691182	
292.88495706	
292.88300308	
292.88104987	
292.87909745	
292.87714582	
292.87519496	
292.87324488	
292.87129558	
292.86934706	
292.86739932	
292.86545236	
292.86350618	
292.86156078	
292.85961616	
292.85767231	
292.85572924	
292.85378695	
292.85184543	
292.84990470	
292.84796473	
292.84602555	
292.84408714	
292.84214950	
292.84021264	
292.83827656	
292.83634125	
292.83440671	
292.83247295	
292.83053996	
292.82860774	
292.82667630	
292.82474563	
292.82281573	
292.82088661	
292.81895825	
292.81703067	
292.81510386	
292.81317781	
292.81125254	
292.80932804	
292.80740431	
292.80548135	
292.80355916	
292.80163773	
292.79971708	
292.79779719	
292.79587807	
292.79395972	
292.79204214	
292.79012532	
292.78820927	
292.78629399	
292.78437947	
292.78246572	
292.78055273	
292.77864051	
292.77672905	
292.77481836	
292.77290843	
292.77099927	
292.76909087	
292.76718323	
292.76527636	
292.76337025	
292.76146490	
292.75956032	
292.75765649	
292.75575343	
292.75385113	
292.75194959	
292.75004881	
292.74814879	
292.74624953	
292.74435103	
292.74245329	
292.74055631	
292.73866009	
292.73676462	
292.73486992	
292.73297597	
292.73108278	
292.72919034	
292.72729867	
292.72540775	
292.72351759	
292.72162818	
292.71973953	
292.71785163	
292.71596449	
292.71407810	
292.71219247	
292.71030760	
292.70842347	
292.70654010	
292.70465749	
292.70277563	
292.70089451	
292.69901416	
292.69713455	
292.69525570	
292.69337760	
292.69150024	
292.68962364	
292.68774779	
292.68587270	
292.68399835	
292.68212475	
292.68025190	
292.67837980	
292.67650844	
292.67463784	
292.67276799	
292.67089888	
292.66903052	
292.66716291	
292.66529604	
292.66342992	
292.66156455	
292.65969993	
292.65783605	
292.65597291	
292.65411052	
292.65224888	
292.65038798	
292.64852782	
292.64666841	
292.64480974	
292.64295182	
292.64109464	
292.63923820	
292.63738251	
292.63552755	
292.63367334	
292.63181987	
292.62996715	
292.62811516	
292.62626391	
292.62441341	
292.62256364	
292.62071462	
292.61886633	
292.61701878	
292.61517198	
292.61332591	
292.61148058	
292.60963599	
292.60779213	
292.60594901	
292.60410663	
292.60226499	
292.60042409	
292.59858392	
292.59674448	
292.59490578	
292.59306782	
292.59123060	
292.58939410	
292.58755835	
292.58572332	
292.58388903	
292.58205548	
292.58022265	
292.57839057	
292.57655921	
292.57472859	
292.57289869	
292.57106954	
292.56924111	
292.56741341	
292.56558645	
292.56376021	
292.56193471	
292.56010993	
292.55828589	
292.55646257	
292.55463999	
292.55281813	
292.55099701	
292.54917661	
292.54735694	
292.54553799	
292.54371978	
292.54190229	
292.54008553	
292.53826950	
292.53645419	
292.53463961	
292.53282575	
292.53101262	
292.52920022	
292.52738854	
292.52557758	
292.52376735	
292.52195784	
292.52014906	
292.51834100	
292.51653366	
292.51472705	
292.51292116	
292.51111599	
292.50931154	
292.50750782	
292.50570482	
292.50390253	
292.50210097	
292.50030013	
292.49850001	
292.49670061	
292.49490193	
292.49310397	
292.49130673	
292.48951021	
292.48771440	
292.48591932	
292.48412495	
292.48233130	
292.48053837	
292.47874615	
292.47695465	
292.47516387	
292.47337381	
292.47158446	
292.46979582	
292.46800790	
292.46622070	
292.46443421	
292.46264844	
292.46086338	
292.45907903	
292.45729540	
292.45551248	
292.45373028	
292.45194879	
292.45016801	
292.44838794	
292.44660859	
292.44482994	
292.44305201	
292.44127479	
292.43949828	
292.43772248	
292.43594739	
292.43417301	
292.43239934	
292.43062638	
292.42885413	
292.42708259	
292.42531176	
292.42354163	
292.42177222	
292.42000351	
292.41823551	
292.41646821	
292.41470162	
292.41293574	
292.41117057	
292.40940610	
292.40764234	
292.40587928	
292.40411693	
292.40235528	
292.40059434	
292.39883410	
292.39707457	
292.39531574	
292.39355761	
292.39180019	
292.39004347	
292.38828745	
292.38653214	
292.38477753	
292.38302361	
292.38127041	
292.37951790	
292.37776609	
292.37601498	
292.37426458	
292.37251487	
292.37076587	
292.36901756	
292.36726995	
292.36552304	
292.36377684	
292.36203132	
292.36028651	
292.35854240	
292.35679898	
292.35505626	
292.35331424	
292.35157291	
292.34983228	
292.34809235	
292.34635311	
292.34461457	
292.34287673	
292.34113958	
292.33940312	
292.33766736	
292.33593229	
292.33419792	
292.33246424	
292.33073125	
292.32899896	
292.32726736	
292.32553645	
292.32380624	
292.32207672	
292.32034789	
292.31861975	
292.31689230	
292.31516554	
292.31343948	
292.31171410	
292.30998942	
292.30826542	
292.30654211	
292.30481950	
292.30309757	
292.30137633	
292.29965578	
292.29793592	
292.29621674	
292.29449826	
292.29278046	
292.29106334	
292.28934692	
292.28763118	
292.28591613	
292.28420176	
292.28248808	
292.28077509	
292.27906278	
292.27735115	
292.27564021	
292.27392995	
292.27222038	
292.27051149	
292.26880329	
292.26709577	
292.26538893	
292.26368277	
292.26197730	
292.26027251	
292.25856840	
292.25686497	
292.25516223	
292.25346016	
292.25175878	
292.25005808	
292.24835805	
292.24665871	
292.24496005	
292.24326206	
292.24156476	
292.23986813	
292.23817218	
292.23647691	
292.23478232	
292.23308841	
292.23139518	
292.22970262	
292.22801074	
292.22631953	
292.22462900	
292.22293915	
292.22124998	
292.21956148	
292.21787365	
292.21618650	
292.21450003	
292.21281423	
292.21112910	
292.20944465	
292.20776087	
292.20607777	
292.20439534	
292.20271358	
292.20103249	
292.19935208	
292.19767234	
292.19599327	
292.19431487	
292.19263715	
292.19096009	
292.18928371	
292.18760800	
292.18593295	
292.18425858	
292.18258488	
292.18091184	
292.17923948	
292.17756778	
292.17589675	
292.17422640	
292.17255670	
292.17088768	
292.16921933	
292.16755164	
292.16588462	
292.16421826	
292.16255258	
292.16088756	
292.15922320	
292.15755951	
292.15589649	
292.15423413	
292.15257244	
292.15091141	
292.14925104	
292.14759134	
292.14593231	
292.14427393	
292.14261622	
292.14095918	
292.13930279	
292.13764707	
292.13599201	
292.13433762	
292.13268388	
292.13103081	
292.12937840	
292.12772664	
292.12607555	
292.12442512	
292.12277535	
292.12112624	
292.11947779	
292.11783000	
292.11618287	
292.11453640	
292.11289058	
292.11124543	
292.10960093	
292.10795709	
292.10631390	
292.10467138	
292.10302951	
292.10138830	
292.09974774	
292.09810784	
292.09646860	
292.09483001	
292.09319208	
292.09155480	
292.08991818	
292.08828221	
292.08664690	
292.08501224	
292.08337824	
292.08174489	
292.08011219	
292.07848014	
292.07684875	
292.07521801	
292.07358793	
292.07195849	
292.07032971	
292.06870158	
292.06707409	
292.06544726	
292.06382109	
292.06219556	
292.06057068	
292.05894645	
292.05732287	
292.05569994	
292.05407766	
292.05245603	
292.05083505	
292.04921472	
292.04759503	
292.04597599	
292.04435760	
292.04273986	
292.04112276	
292.03950631	
292.03789051	
292.03627535	
292.03466084	
292.03304698	
292.03143376	
292.02982119	
292.02820926	
292.02659798	
292.02498734	
292.02337734	
292.02176799	
292.02015928	
292.01855122	
292.01694380	
292.01533702	
292.01373089	
292.01212539	
292.01052054	
292.00891634	
292.00731277	
292.00570984	
292.00410756	
292.00250592	
292.00090492	
291.99930455	
291.99770483	
291.99610575	
291.99450731	
291.99290950	
291.99131234	
291.98971582	
291.98811993	
291.98652468	
291.98493007	
291.98333610	
291.98174276	
291.98015007	
291.97855801	
291.97696658	
291.97537580	
291.97378565	
291.97219613	
291.97060725	
291.96901901	
291.96743140	
291.96584443	
291.96425809	
291.96267239	
291.96108732	
291.95950289	
291.95791909	
291.95633592	
291.95475338	
291.95317148	
291.95159021	
291.95000958	
291.94842957	
291.94685020	
291.94527146	
291.94369335	
291.94211588	
291.94053903	
291.93896281	
291.93738723	
291.93581227	
291.93423795	
291.93266425	
291.93109119	
291.92951875	
291.92794694	
291.92637577	
291.92480522	
291.92323529	
291.92166600	
291.92009733	
291.91852929	
291.91696188	
291.91539510	
291.91382894	
291.91226341	
291.91069850	
291.90913422	
291.90757057	
291.90600754	
291.90444514	
291.90288336	
291.90132221	
291.89976168	
291.89820177	
291.89664249	
291.89508384	
291.89352580	
291.89196839	
291.89041160	
291.88885544	
291.88729990	
291.88574498	
291.88419068	
291.88263700	
291.88108395	
291.87953151	
291.87797970	
291.87642851	
291.87487794	
291.87332799	
291.87177866	
291.87022994	
291.86868185	
291.86713438	
291.86558753	
291.86404129	
291.86249567	
291.86095068	
291.85940630	
291.85786253	
291.85631939	
291.85477686	
291.85323495	
291.85169366	
291.85015298	
291.84861292	
291.84707347	
291.84553464	
291.84399643	
291.84245883	
291.84092185	
291.83938548	
291.83784972	
291.83631458	
291.83478006	
291.83324615	
291.83171285	
291.83018016	
291.82864809	
291.82711663	
291.82558578	
291.82405555	
291.82252593	
291.82099692	
291.81946852	
291.81794073	
291.81641356	
291.81488699	
291.81336104	
291.81183569	
291.81031096	
291.80878683	
291.80726332	
291.80574041	
291.80421812	
291.80269643	
291.80117535	
291.79965488	
291.79813502	
291.79661576	
291.79509712	
291.79357908	
291.79206165	
291.79054482	
291.78902860	
291.78751299	
291.78599799	
291.78448359	
291.78296980	
291.78145661	
291.77994402	
291.77843205	
291.77692067	
291.77540991	
291.77389974	
291.77239018	
291.77088123	
291.76937287	
291.76786512	
291.76635798	
291.76485144	
291.76334549	
291.76184016	
291.76033542	
291.75883129	
291.75732775	
291.75582482	
291.75432249	
291.75282076	
291.75131964	
291.74981911	
291.74831918	
291.74681985	
291.74532112	
291.74382300	
291.74232547	
291.74082854	
291.73933221	
291.73783647	
291.73634134	
291.73484680	
291.73335286	
291.73185952	
291.73036678	
291.72887463	
291.72738308	
291.72589213	
291.72440177	
291.72291201	
291.72142285	
291.71993428	
291.71844630	
291.71695892	
291.71547214	
291.71398595	
291.71250036	
291.71101536	
291.70953095	
291.70804714	
291.70656392	
291.70508129	
291.70359926	
291.70211782	
291.70063697	
291.69915672	
291.69767706	
291.69619799	
291.69471951	
291.69324162	
291.69176432	
291.69028762	
291.68881150	
291.68733598	
291.68586104	
291.68438670	
291.68291294	
291.68143978	
291.67996720	
291.67849522	
291.67702382	
291.67555301	
291.67408279	
291.67261315	
291.67114411	
291.66967565	
291.66820778	
291.66674050	
291.66527380	
291.66380769	
291.66234217	
291.66087723	
291.65941288	
291.65794912	
291.65648594	
291.65502334	
291.65356133	
291.65209991	
291.65063907	
291.64917881	
291.64771914	
291.64626005	
291.64480155	
291.64334363	
291.64188629	
291.64042954	
291.63897336	
291.63751778	
291.63606277	
291.63460834	
291.63315450	
291.63170124	
291.63024856	
291.62879646	
291.62734494	
291.62589400	
291.62444364	
291.62299387	
291.62154467	
291.62009605	
291.61864801	
291.61720055	
291.61575367	
291.61430737	
291.61286165	
291.61141650	
291.60997194	
291.60852795	
291.60708454	
291.60564170	
291.60419945	
291.60275777	
291.60131666	
291.59987614	
291.59843619	
291.59699681	
291.59555801	
291.59411979	
291.59268214	
291.59124507	
291.58980857	
291.58837265	
291.58693730	
291.58550252	
291.58406832	
291.58263470	
291.58120164	
291.57976916	
291.57833725	
291.57690592	
291.57547516	
291.57404497	
291.57261535	
291.57118630	
291.56975783	
291.56832993	
291.56690259	
291.56547583	
291.56404964	
291.56262402	
291.56119897	
291.55977449	
291.55835058	
291.55692724	
291.55550447	
291.55408227	
291.55266064	
291.55123957	
291.54981908	
291.54839915	
291.54697979	
291.54556100	
291.54414277	
291.54272512	
291.54130803	
291.53989150	
291.53847555	
291.53706016	
291.53564533	
291.53423107	
291.53281738	
291.53140425	
291.52999169	
291.52857970	
291.52716826	
291.52575740	
291.52434709	
291.52293736	
291.52152818	
291.52011957	
291.51871152	
291.51730404	
291.51589711	
291.51449076	
291.51308496	
291.51167973	
291.51027505	
291.50887094	
291.50746740	
291.50606441	
291.50466198	
291.50326012	
291.50185881	
291.50045807	
291.49905789	
291.49765826	
291.49625920	
291.49486070	
291.49346275	
291.49206537	
291.49066854	
291.48927227	
291.48787657	
291.48648141	
291.48508682	
291.48369279	
291.48229931	
291.48090639	
291.47951403	
291.47812222	
291.47673097	
291.47534028	
291.47395014	
291.47256056	
291.47117154	
291.46978307	
291.46839516	
291.46700780	
291.46562100	
291.46423475	
291.46284906	
291.46146392	
291.46007933	
291.45869530	
291.45731182	
291.45592890	
291.45454652	
291.45316471	
291.45178344	
291.45040273	
291.44902257	
291.44764296	
291.44626390	
291.44488539	
291.44350744	
291.44213004	
291.44075318	
291.43937688	
291.43800113	
291.43662593	
291.43525128	
291.43387718	
291.43250363	
291.43113063	
291.42975818	
291.42838627	
291.42701492	
291.42564411	
291.42427385	
291.42290415	
291.42153498	
291.42016637	
291.41879830	
291.41743078	
291.41606381	
291.41469739	
291.41333151	
291.41196617	
291.41060139	
291.40923715	
291.40787345	
291.40651030	
291.40514770	
291.40378564	
291.40242413	
291.40106316	
291.39970273	
291.39834285	
291.39698351	
291.39562472	
291.39426647	
291.39290876	
291.39155160	
291.39019498	
291.38883890	
291.38748336	
291.38612837	
291.38477392	
291.38342001	
291.38206664	
291.38071382	
291.37936153	
291.37800979	
291.37665858	
291.37530792	
291.37395780	
291.37260821	
291.37125917	
291.36991067	
291.36856270	
291.36721528	
291.36586839	
291.36452204	
291.36317623	
291.36183096	
291.36048623	
291.35914204	
291.35779838	
291.35645526	
291.35511268	
291.35377063	
291.35242912	
291.35108815	
291.34974772	
291.34840782	
291.34706846	
291.34572963	
291.34439134	
291.34305358	
291.34171636	
291.34037967	
291.33904352	
291.33770790	
291.33637282	
291.33503827	
291.33370425	
291.33237077	
291.33103782	
291.32970541	
291.32837353	
291.32704218	
291.32571136	
291.32438108	
291.32305132	
291.32172210	
291.32039341	
291.31906526	
291.31773763	
291.31641054	
291.31508397	
291.31375794	
291.31243244	
291.31110746	
291.30978302	
291.30845911	
291.30713572	
291.30581287	
291.30449054	
291.30316875	
291.30184748	
291.30052674	
291.29920653	
291.29788685	
291.29656769	
291.29524907	
291.29393097	
291.29261339	
291.29129635	
291.28997983	
291.28866384	
291.28734837	
291.28603343	
291.28471902	
291.28340513	
291.28209177	
291.28077893	
291.27946662	
291.27815483	
291.27684357	
291.27553284	
291.27422262	
291.27291293	
291.27160377	
291.27029513	
291.26898701	
291.26767941	
291.26637234	
291.26506579	
291.26375977	
291.26245426	
291.26114928	
291.25984482	
291.25854088	
291.25723747	
291.25593457	
291.25463220	
291.25333035	
291.25202901	
291.25072820	
291.24942791	
291.24812814	
291.24682889	
291.24553016	
291.24423194	
291.24293425	
291.24163708	
291.24034042	
291.23904429	
291.23774867	
291.23645357	
291.23515899	
291.23386492	
291.23257138	
291.23127835	
291.22998584	
291.22869384	
291.22740237	
291.22611141	
291.22482096	
291.22353103	
291.22224162	
291.22095272	
291.21966434	
291.21837648	
291.21708913	
291.21580229	
291.21451597	
291.21323016	
291.21194487	
291.21066009	
291.20937583	
291.20809208	
291.20680884	
291.20552612	
291.20424391	
291.20296221	
291.20168103	
291.20040035	
291.19912019	
291.19784055	
291.19656141	
291.19528278	
291.19400467	
291.19272707	
291.19144998	
291.19017340	
291.18889733	
291.18762177	
291.18634672	
291.18507218	
291.18379815	
291.18252463	
291.18125162	
291.17997912	
291.17870713	
291.17743565	
291.17616468	
291.17489421	
291.17362425	
291.17235480	
291.17108586	
291.16981743	
291.16854950	
291.16728208	
291.16601517	
291.16474876	
291.16348286	
291.16221747	
291.16095258	
291.15968820	
291.15842432	
291.15716095	
291.15589809	
291.15463573	
291.15337388	
291.15211253	
291.15085168	
291.14959134	
291.14833151	
291.14707217	
291.14581334	
291.14455502	
291.14329720	
291.14203988	
291.14078306	
291.13952675	
291.13827094	
291.13701563	
291.13576082	
291.13450652	
291.13325272	
291.13199941	
291.13074662	
291.12949432	
291.12824252	
291.12699122	
291.12574043	
291.12449013	
291.12324033	
291.12199104	
291.12074224	
291.11949394	
291.11824615	
291.11699885	
291.11575205	
291.11450575	
291.11325994	
291.11201464	
291.11076983	
291.10952553	
291.10828172	
291.10703840	
291.10579559	
291.10455327	
291.10331145	
291.10207012	
291.10082930	
291.09958896	
291.09834913	
291.09710979	
291.09587095	
291.09463260	
291.09339474	
291.09215739	
291.09092052	
291.08968416	
291.08844828	
291.08721290	
291.08597802	
291.08474363	
291.08350973	
291.08227632	
291.08104341	
291.07981100	
291.07857907	
291.07734764	
291.07611670	
291.07488625	
291.07365630	
291.07242684	
291.07119787	
291.06996939	
291.06874140	
291.06751390	
291.06628690	
291.06506038	
291.06383436	
291.06260883	
291.06138378	
291.06015923	
291.05893516	
291.05771159	
291.05648851	
291.05526591	
291.05404380	
291.05282219	
291.05160106	
291.05038042	
291.04916027	
291.04794060	
291.04672142	
291.04550274	
291.04428454	
291.04306682	
291.04184959	
291.04063285	
291.03941660	
291.03820084	
291.03698555	
291.03577076	
291.03455645	
291.03334263	
291.03212929	
291.03091644	
291.02970407	
291.02849219	
291.02728080	
291.02606988	
291.02485946	
291.02364951	
291.02244005	
291.02123108	
291.02002258	
291.01881457	
291.01760705	
291.01640001	
291.01519345	
291.01398737	
291.01278177	
291.01157666	
291.01037203	
291.00916788	
291.00796421	
291.00676103	
291.00555832	
291.00435610	
291.00315436	
291.00195310	
291.00075232	
290.99955201	
290.99835219	
290.99715285	
290.99595399	
290.99475561	
290.99355771	
290.99236028	
290.99116334	
290.98996688	
290.98877089	
290.98757538	
290.98638035	
