327.18144507	
327.18089907	
327.18004850	
327.17859690	
327.17714411	
327.17620160	
327.17535448	
327.17433989	
327.17334434	
327.17273911	
327.17205911	
327.17103845	
327.17037190	
327.16921380	
327.16773825	
327.16714722	
327.16635711	
327.16547064	
327.16488870	
327.16401336	
327.16259286	
327.16117744	
327.15970793	
327.15879294	
327.15812069	
327.15731335	
327.15652200	
327.15576291	
327.15445769	
327.15361384	
327.15335871	
327.15230186	
327.15178437	
327.15061626	
327.14962570	
327.14863944	
327.14720737	
327.14621288	
327.14508519	
327.14447446	
327.14396474	
327.14343723	
327.14266084	
327.14188795	
327.14100740	
327.14021313	
327.13939531	
327.13881437	
327.13759831	
327.13666760	
327.13576934	
327.13467387	
327.13382615	
327.13222158	
327.13088558	
327.12964007	
327.12855053	
327.12735632	
327.12589514	
327.12472519	
327.12392180	
327.12335082	
327.12226810	
327.12072178	
327.11983301	
327.11863441	
327.11787097	
327.11736311	
327.11658248	
327.11535683	
327.11376329	
327.11295483	
327.11192658	
327.11042558	
327.10914216	
327.10788934	
327.10706154	
327.10577037	
327.10490204	
327.10394234	
327.10318084	
327.10215563	
327.10124768	
327.10082176	
327.10012565	
327.09942114	
327.09806706	
327.09684869	
327.09617369	
327.09570628	
327.09497686	
327.09384928	
327.09227831	
327.09143784	
327.09045578	
327.08911375	
327.08841017	
327.08718069	
327.08551274	
327.08478714	
327.08353612	
327.08286792	
327.08200816	
327.08118850	
327.08010553	
327.07839964	
327.07721780	
327.07595536	
327.07522616	
327.07430655	
327.07312005	
327.07182636	
327.07043079	
327.06962430	
327.06888356	
327.06740971	
327.06627163	
327.06576888	
327.06514448	
327.06395131	
327.06276829	
327.06207803	
327.06141679	
327.06016803	
327.05883322	
327.05747637	
327.05661431	
327.05603780	
327.05529729	
327.05430841	
327.05350492	
327.05297541	
327.05166403	
327.05059566	
327.04928058	
327.04803011	
327.04753392	
327.04661404	
327.04552901	
327.04503526	
327.04452497	
327.04393144	
327.04357688	
327.04268653	
327.04192370	
327.04149128	
327.04053559	
327.03966301	
327.03881356	
327.03737011	
327.03649652	
327.03568540	
327.03437250	
327.03362988	
327.03316498	
327.03193098	
327.03128070	
327.03078098	
327.02940298	
327.02882788	
327.02849000	
327.02774415	
327.02725911	
327.02608899	
327.02504606	
327.02427369	
327.02355717	
327.02250940	
327.02105758	
327.02028085	
327.01911881	
327.01820631	
327.01739546	
327.01609962	
327.01553731	
327.01497523	
327.01437635	
327.01361324	
327.01215015	
327.01162259	
327.01056596	
327.00966829	
327.00878375	
327.00802765	
327.00770293	
327.00708047	
327.00674354	
327.00560449	
327.00451873	
327.00322312	
327.00234540	
327.00193864	
327.00132332	
327.00024631	
326.99952815	
326.99884109	
326.99781462	
326.99661482	
326.99531212	
326.99428227	
326.99293154	
326.99207713	
326.99124045	
326.99004276	
326.98913652	
326.98847952	
326.98723376	
326.98614800	
326.98510203	
326.98372355	
326.98279727	
326.98148168	
326.98038590	
326.97948404	
326.97851910	
326.97775562	
326.97647749	
326.97525247	
326.97459659	
326.97364032	
326.97292279	
326.97192293	
326.97057417	
326.96994888	
326.96889648	
326.96758614	
326.96638713	
326.96516999	
326.96382211	
326.96301654	
326.96262478	
326.96207900	
326.96129264	
326.96021412	
326.95917130	
326.95816321	
326.95748007	
326.95624858	
326.95497184	
326.95417485	
326.95288752	
326.95177049	
326.95057682	
326.94946729	
326.94879251	
326.94787828	
326.94684243	
326.94595464	
326.94533328	
326.94463058	
326.94405894	
326.94345521	
326.94260100	
326.94157707	
326.94067712	
326.94008978	
326.93881817	
326.93759050	
326.93643697	
326.93498966	
326.93413458	
326.93376211	
326.93250695	
326.93168602	
326.93131198	
326.93036531	
326.92945700	
326.92819372	
326.92677863	
326.92540823	
326.92423104	
326.92339352	
326.92252325	
326.92148825	
326.92093257	
326.91977525	
326.91837266	
326.91773901	
326.91705823	
326.91654764	
326.91621078	
326.91542196	
326.91490915	
326.91378563	
326.91238923	
326.91197644	
326.91104023	
326.90968606	
326.90866841	
326.90760761	
326.90637004	
326.90528508	
326.90440181	
326.90387860	
326.90350245	
326.90258361	
326.90204623	
326.90142913	
326.90057447	
326.89945070	
326.89840543	
326.89815762	
326.89741512	
326.89644339	
326.89589294	
326.89492449	
326.89412327	
326.89367329	
326.89274131	
326.89174234	
326.89038568	
326.88967988	
326.88905297	
326.88795256	
326.88678260	
326.88621109	
326.88552087	
326.88478202	
326.88376837	
326.88232651	
326.88126210	
326.88035810	
326.87929299	
326.87870192	
326.87804395	
326.87709670	
326.87666933	
326.87600852	
326.87546628	
326.87486956	
326.87397440	
326.87293476	
326.87213968	
326.87098642	
326.87029278	
326.86988576	
326.86909672	
326.86857170	
326.86775784	
326.86684323	
326.86582833	
326.86505823	
326.86407051	
326.86296103	
326.86193438	
326.86065922	
326.85953528	
326.85820427	
326.85698458	
326.85657106	
326.85589172	
326.85454837	
326.85337575	
326.85227817	
326.85141770	
326.85038250	
326.84917158	
326.84850028	
326.84799708	
326.84762252	
326.84705038	
326.84573087	
326.84482382	
326.84417546	
326.84337247	
326.84240540	
326.84138241	
326.84057295	
326.83985186	
326.83912319	
326.83788926	
326.83738632	
326.83679903	
326.83568763	
326.83516849	
326.83479071	
326.83372944	
326.83223284	
326.83094479	
326.82951588	
326.82852633	
326.82813049	
326.82763773	
326.82669295	
326.82584416	
326.82506751	
326.82455574	
326.82365504	
326.82285362	
326.82175151	
326.82092717	
326.82026087	
326.81932967	
326.81851864	
326.81728884	
326.81602515	
326.81466335	
326.81382148	
326.81318523	
326.81238904	
326.81154470	
326.81121421	
326.81005579	
326.80892907	
326.80787088	
326.80673529	
326.80561611	
326.80470301	
326.80375092	
326.80268147	
326.80161854	
326.80070684	
326.79990748	
326.79861574	
326.79755000	
326.79643631	
326.79527335	
326.79478020	
326.79407841	
326.79300527	
326.79278202	
326.79219642	
326.79162003	
326.79065430	
326.78957350	
326.78851224	
326.78720164	
326.78618909	
326.78581059	
326.78559680	
326.78524567	
326.78459511	
326.78374433	
326.78267928	
326.78132196	
326.78054955	
326.77956736	
326.77910271	
326.77853727	
326.77781996	
326.77751701	
326.77630941	
326.77502592	
326.77417102	
326.77310186	
326.77243361	
326.77142002	
326.77018976	
326.76954564	
326.76843459	
326.76765645	
326.76713914	
326.76624644	
326.76576860	
326.76515493	
326.76453136	
326.76369064	
326.76315239	
326.76231290	
326.76151002	
326.76057917	
326.75919156	
326.75836635	
326.75754372	
326.75692153	
326.75567108	
326.75481831	
326.75425673	
326.75328378	
326.75251247	
326.75166762	
326.75085701	
326.75001178	
326.74872043	
326.74778251	
326.74704583	
326.74634850	
326.74584179	
326.74520658	
326.74463506	
326.74358109	
326.74265275	
326.74201287	
326.74125524	
326.74034769	
326.73931833	
326.73889851	
326.73799026	
326.73702046	
326.73652801	
326.73617786	
326.73514401	
326.73416787	
326.73315813	
326.73262828	
326.73223391	
326.73098930	
326.73012721	
326.72890690	
326.72796542	
326.72749456	
326.72628441	
326.72564313	
326.72501453	
326.72414170	
326.72349611	
326.72270336	
326.72186394	
326.72063705	
326.72001369	
326.71948610	
326.71833257	
326.71760362	
326.71655353	
326.71552824	
326.71461855	
326.71340055	
326.71225598	
326.71110760	
326.71002053	
326.70904183	
326.70837323	
326.70717682	
326.70650823	
326.70582536	
326.70527354	
326.70496201	
326.70419683	
326.70354501	
326.70296401	
326.70244954	
326.70153240	
326.70040427	
326.69943484	
326.69908299	
326.69863519	
326.69734177	
326.69610982	
326.69546659	
326.69523984	
326.69472659	
326.69379008	
326.69275121	
326.69232390	
326.69195683	
326.69135551	
326.69042442	
326.68912118	
326.68876341	
326.68785310	
326.68677362	
326.68629663	
326.68564708	
326.68542920	
326.68430922	
326.68318325	
326.68236677	
326.68168903	
326.68126888	
326.68034585	
326.67975081	
326.67872680	
326.67823813	
326.67729685	
326.67622855	
326.67603015	
326.67551004	
326.67499867	
326.67453161	
326.67399391	
326.67283695	
326.67155275	
326.67032881	
326.66968966	
326.66878478	
326.66798091	
326.66742156	
326.66618971	
326.66581336	
326.66512133	
326.66404818	
326.66301274	
326.66224246	
326.66146950	
326.66011361	
326.65947241	
326.65856631	
326.65766494	
326.65713231	
326.65636110	
326.65555572	
326.65449325	
326.65409152	
326.65393851	
326.65330284	
326.65220134	
326.65133480	
326.65050406	
326.64922349	
326.64879531	
326.64845682	
326.64754437	
326.64699222	
326.64658733	
326.64588215	
326.64481885	
326.64372504	
326.64332531	
326.64308043	
326.64260484	
326.64163890	
326.64096675	
326.64026795	
326.63966576	
326.63894572	
326.63804634	
326.63718354	
326.63655663	
326.63639855	
326.63609768	
326.63512537	
326.63375923	
326.63327410	
326.63216878	
326.63132321	
326.63101518	
326.62980617	
326.62875995	
326.62802569	
326.62722965	
326.62677447	
326.62632684	
326.62550484	
326.62465288	
326.62426670	
326.62380372	
326.62286221	
326.62184684	
326.62065115	
326.61947074	
326.61856315	
326.61809470	
326.61701496	
326.61581417	
326.61498872	
326.61378569	
326.61324371	
326.61282139	
326.61218522	
326.61140679	
326.61055170	
326.60956998	
326.60881419	
326.60841007	
326.60744864	
326.60710975	
326.60657252	
326.60556993	
326.60525410	
326.60431252	
326.60347658	
326.60297187	
326.60222849	
326.60171092	
326.60130491	
326.60098001	
326.59992633	
326.59860380	
326.59814841	
326.59793770	
326.59696438	
326.59574198	
326.59458714	
326.59358752	
326.59311555	
326.59268526	
326.59197628	
326.59120431	
326.59006596	
326.58907128	
326.58800474	
326.58696524	
326.58651373	
326.58555436	
326.58433156	
326.58400824	
326.58341717	
326.58226049	
326.58113266	
326.57989162	
326.57887827	
326.57826323	
326.57736006	
326.57616613	
326.57587666	
326.57508750	
326.57446644	
326.57376394	
326.57287760	
326.57243373	
326.57181401	
326.57096254	
326.56972321	
326.56888268	
326.56855589	
326.56760331	
326.56637369	
326.56560118	
326.56468939	
326.56394914	
326.56303979	
326.56185278	
326.56080784	
326.55984431	
326.55953877	
326.55903063	
326.55843639	
326.55802644	
326.55743854	
326.55715254	
326.55650186	
326.55545873	
326.55473927	
326.55392616	
326.55260636	
326.55222581	
326.55174513	
326.55049763	
326.54996058	
326.54922228	
326.54849117	
326.54809906	
326.54740864	
326.54703092	
326.54603759	
326.54537960	
326.54464071	
326.54398061	
326.54350499	
326.54221924	
326.54152639	
326.54044823	
326.53947926	
326.53876058	
326.53783381	
326.53719351	
326.53690177	
326.53594948	
326.53541481	
326.53528182	
326.53436837	
326.53327443	
326.53256373	
326.53204387	
326.53160277	
326.53067981	
326.52988795	
326.52978783	
326.52929822	
326.52877276	
326.52835813	
326.52750901	
326.52640019	
326.52622696	
326.52556809	
326.52450064	
326.52386163	
326.52343880	
326.52264833	
326.52194173	
326.52121286	
326.52082691	
326.52079908	
326.51994353	
326.51901852	
326.51865968	
326.51799365	
326.51703618	
326.51650791	
326.51587286	
326.51472912	
326.51419809	
326.51389097	
326.51278253	
326.51241264	
326.51232320	
326.51151838	
326.51087289	
326.50988078	
326.50891519	
326.50866407	
326.50802151	
326.50753378	
326.50744292	
326.50705617	
326.50677884	
326.50598728	
326.50522021	
326.50475995	
326.50377772	
326.50340745	
326.50313376	
326.50266352	
326.50248261	
326.50189931	
326.50142027	
326.50114111	
326.50013470	
326.49970479	
326.49937764	
326.49870093	
326.49852264	
326.49816635	
326.49738240	
326.49690647	
326.49616227	
326.49525217	
326.49505644	
326.49473384	
326.49455326	
326.49386493	
326.49260329	
326.49154148	
326.49067747	
326.49043641	
326.48996408	
326.48941666	
326.48863828	
326.48766734	
326.48667993	
326.48567179	
326.48548124	
326.48479500	
326.48371503	
326.48260764	
326.48171068	
326.48093458	
326.47981003	
326.47909537	
326.47883721	
326.47788654	
326.47673237	
326.47628596	
326.47605955	
326.47584345	
326.47508584	
326.47451656	
326.47427265	
326.47408425	
326.47383398	
326.47295599	
326.47253090	
326.47213617	
326.47157234	
326.47126892	
326.47104494	
326.47048223	
326.46974901	
326.46898657	
326.46819347	
326.46714144	
326.46621981	
326.46586377	
326.46538944	
326.46516839	
326.46468670	
326.46367591	
326.46267195	
326.46218101	
326.46151115	
326.46037456	
326.45988363	
326.45977685	
326.45915927	
326.45823892	
326.45765105	
326.45689207	
326.45660880	
326.45605681	
326.45475663	
326.45359581	
326.45292430	
326.45227945	
326.45131046	
326.45046718	
326.44969797	
326.44934180	
326.44907838	
326.44809141	
326.44703918	
326.44604714	
326.44515158	
326.44492333	
326.44418129	
326.44364059	
326.44289900	
326.44185678	
326.44115083	
326.44025878	
326.43990848	
326.43900032	
326.43850359	
326.43768796	
326.43667236	
326.43666328	
326.43633557	
326.43532122	
326.43468649	
326.43400651	
326.43340170	
326.43318233	
326.43220622	
326.43164859	
326.43086668	
326.43061382	
326.42982399	
326.42923252	
326.42923095	
326.42810454	
326.42771539	
326.42686984	
326.42554432	
326.42529574	
326.42486123	
326.42413949	
326.42306530	
326.42185930	
326.42127134	
326.42099417	
326.42086349	
326.41989858	
326.41880013	
326.41777193	
326.41666801	
326.41627316	
326.41596787	
326.41520889	
326.41430792	
326.41321613	
326.41244781	
326.41222928	
326.41165136	
326.41087408	
326.41061388	
326.41013301	
326.40940859	
326.40883896	
326.40815385	
326.40798733	
326.40757896	
326.40694433	
326.40658955	
326.40609447	
326.40574515	
326.40478277	
326.40344119	
326.40297472	
326.40280656	
326.40229430	
326.40164539	
326.40123665	
326.40040752	
326.39968027	
326.39948963	
326.39876454	
326.39773306	
326.39706112	
326.39644347	
326.39619439	
326.39603388	
326.39572564	
326.39539377	
326.39478155	
326.39393071	
326.39282396	
326.39204475	
326.39105143	
326.39043759	
326.39005072	
326.38907956	
326.38836456	
326.38792706	
326.38779741	
326.38708336	
326.38606203	
326.38525445	
326.38435769	
326.38332298	
326.38263832	
326.38225185	
326.38182836	
326.38081188	
326.38006705	
326.37925875	
326.37802859	
326.37772244	
326.37751608	
326.37646695	
326.37568125	
326.37510617	
326.37411792	
326.37304613	
326.37211195	
326.37162373	
326.37135642	
326.37071478	
326.36986939	
326.36903238	
326.36821612	
326.36718942	
326.36631181	
326.36587040	
326.36501836	
326.36427457	
326.36410238	
326.36348852	
326.36258472	
326.36164521	
326.36107143	
326.36016055	
326.35894108	
326.35819110	
326.35708952	
326.35597085	
326.35559665	
326.35492231	
326.35425445	
326.35392642	
326.35334957	
326.35243217	
326.35206586	
326.35161252	
326.35074913	
326.35012455	
326.34972129	
326.34979513	
326.34929698	
326.34862641	
326.34824073	
326.34801556	
326.34714568	
326.34646996	
326.34602236	
326.34527370	
326.34478914	
326.34407085	
326.34303926	
326.34261763	
326.34162112	
326.34078757	
326.34071018	
326.33990195	
326.33952286	
326.33863837	
326.33745841	
326.33695245	
326.33642373	
326.33626060	
326.33574885	
326.33487976	
326.33469298	
326.33384474	
326.33335718	
326.33276048	
326.33186704	
326.33184205	
326.33099964	
326.33000880	
326.32951418	
326.32879059	
326.32823652	
326.32781768	
326.32752033	
326.32753768	
326.32656244	
326.32621870	
326.32620412	
326.32528943	
326.32422508	
326.32335905	
326.32306624	
326.32263911	
326.32227422	
326.32223205	
326.32129010	
326.32042654	
326.31970348	
326.31899776	
326.31853389	
326.31768761	
326.31685865	
326.31621106	
326.31536630	
326.31511389	
326.31446610	
326.31393972	
326.31388037	
326.31343741	
326.31305173	
326.31198939	
326.31087661	
326.30989709	
326.30911891	
326.30811470	
326.30736677	
326.30720190	
326.30644313	
326.30538047	
326.30460421	
326.30375513	
326.30270832	
326.30157623	
326.30055779	
326.29963053	
326.29921914	
326.29896749	
326.29835411	
326.29753321	
326.29700185	
326.29610123	
326.29577531	
326.29536215	
326.29415968	
326.29348094	
326.29321354	
326.29238361	
326.29181485	
326.29118034	
326.29028412	
326.29000675	
326.28927239	
326.28830758	
326.28803951	
326.28777291	
326.28657595	
326.28637904	
326.28609212	
326.28553094	
326.28541190	
326.28481954	
326.28437234	
326.28424461	
326.28367919	
326.28337750	
326.28334822	
326.28240957	
326.28166285	
326.28145748	
326.28118947	
326.28088581	
326.28021679	
326.27938328	
326.27918016	
326.27916421	
326.27849239	
326.27799995	
326.27766279	
326.27750356	
326.27688915	
326.27592921	
326.27519076	
326.27422836	
326.27376875	
326.27297402	
326.27247123	
326.27182024	
326.27122319	
326.27117275	
326.27067749	
326.27003200	
326.26900334	
326.26862349	
326.26835815	
326.26798733	
326.26742171	
326.26697722	
326.26681783	
326.26638822	
326.26558008	
326.26517926	
326.26525463	
326.26434516	
326.26373563	
326.26305060	
326.26191242	
326.26121165	
326.26018527	
326.25946760	
326.25889008	
326.25811529	
326.25756844	
326.25654472	
326.25612778	
326.25590413	
326.25551692	
326.25536064	
326.25518325	
326.25439970	
326.25361180	
326.25294742	
326.25224651	
326.25225380	
326.25183973	
326.25136775	
326.25059661	
326.25023525	
326.24942346	
326.24878643	
326.24801211	
326.24676832	
326.24623990	
326.24517264	
326.24413693	
326.24318430	
326.24232323	
326.24135378	
326.24093150	
326.24014137	
326.23924773	
326.23893710	
326.23796892	
326.23730023	
326.23720946	
326.23676624	
326.23575632	
326.23479499	
326.23417223	
326.23401699	
326.23322094	
326.23256817	
326.23196448	
326.23162365	
326.23085463	
326.22961397	
326.22895185	
326.22871338	
326.22833323	
326.22750505	
326.22694419	
326.22659177	
326.22627174	
326.22564382	
326.22485374	
326.22394085	
326.22332171	
326.22300973	
326.22228397	
326.22113210	
326.22095278	
326.22020883	
326.21906560	
326.21842757	
326.21823235	
326.21804627	
326.21698052	
326.21659873	
326.21660136	
326.21622647	
326.21614888	
326.21531195	
326.21427300	
326.21352731	
326.21323503	
326.21289099	
326.21206575	
326.21137081	
326.21085572	
326.21028314	
326.20964245	
326.20962404	
326.20908294	
326.20805030	
326.20701481	
326.20644750	
326.20632557	
326.20606095	
326.20539236	
326.20449165	
326.20364144	
326.20282015	
326.20198962	
326.20122197	
326.20050727	
326.19993715	
326.19912766	
326.19860223	
326.19788821	
326.19758734	
326.19747247	
326.19708695	
326.19698620	
326.19629969	
326.19538972	
326.19514246	
326.19436679	
326.19377962	
326.19351369	
326.19305011	
326.19261574	
326.19229419	
326.19233917	
326.19163429	
326.19142125	
326.19120162	
326.19083220	
326.19078619	
326.19001507	
326.18913798	
326.18852516	
326.18740727	
326.18721347	
326.18647104	
326.18606748	
326.18575090	
326.18496952	
326.18453617	
326.18366875	
326.18301616	
326.18256493	
326.18177094	
326.18099426	
326.18013025	
326.17978102	
326.17944997	
326.17919223	
326.17924679	
326.17846478	
326.17788155	
326.17691023	
326.17631355	
326.17616151	
326.17536646	
326.17517858	
326.17509802	
326.17446160	
326.17425476	
326.17366560	
326.17348007	
326.17296583	
326.17215046	
326.17144560	
326.17113148	
326.17039430	
326.16969678	
326.16895098	
326.16826604	
326.16810851	
326.16785429	
326.16797786	
326.16791288	
326.16771401	
326.16708871	
326.16705881	
326.16681006	
326.16652132	
326.16593831	
326.16491649	
326.16417700	
326.16347818	
326.16275897	
326.16205066	
326.16147990	
326.16092355	
326.16024240	
326.15979375	
326.15922035	
326.15903401	
326.15869898	
326.15822862	
326.15805700	
326.15790699	
326.15786566	
326.15761974	
326.15765063	
326.15764741	
326.15703903	
326.15599487	
326.15531097	
326.15522477	
326.15478905	
326.15451509	
326.15381845	
326.15285474	
326.15207873	
326.15157793	
326.15134615	
326.15046689	
326.15010428	
326.15012060	
326.14934748	
326.14870603	
326.14804065	
326.14714958	
326.14628858	
326.14555243	
326.14563569	
326.14535928	
326.14528290	
326.14522486	
326.14516999	
326.14519767	
326.14433789	
326.14323206	
326.14220190	
326.14120201	
326.14073610	
326.13989433	
326.13913936	
326.13860198	
326.13802603	
326.13736635	
326.13709085	
326.13636125	
326.13556000	
326.13530361	
326.13453697	
326.13420216	
326.13393857	
326.13338115	
326.13305648	
326.13231337	
326.13138941	
326.13073808	
326.13053943	
326.13025175	
326.12985144	
326.12922989	
326.12841429	
326.12760499	
326.12685603	
326.12650018	
326.12594964	
326.12583351	
326.12577122	
326.12487982	
326.12459267	
326.12423145	
326.12339826	
326.12327557	
326.12262142	
326.12238376	
326.12238317	
326.12208430	
326.12183558	
326.12143256	
326.12065912	
326.11995396	
326.11932372	
326.11880796	
326.11843281	
326.11836082	
326.11774706	
326.11691226	
326.11603370	
326.11560657	
326.11525945	
326.11428467	
326.11397780	
326.11354231	
326.11277059	
326.11177304	
326.11077535	
326.11015229	
326.10957730	
326.10860809	
326.10800424	
326.10776900	
326.10689464	
326.10658573	
326.10610735	
326.10512046	
326.10460238	
326.10361276	
326.10341567	
326.10340648	
326.10327764	
326.10311283	
326.10270849	
326.10234914	
326.10174197	
326.10147470	
326.10109601	
326.10096497	
326.10046698	
326.09988473	
326.09991589	
326.09924276	
326.09867405	
326.09805953	
326.09769452	
326.09755098	
326.09727119	
326.09731977	
326.09670473	
326.09644548	
326.09645737	
326.09621219	
326.09551553	
326.09469587	
326.09420228	
326.09328047	
326.09267286	
326.09225153	
326.09138755	
326.09051787	
326.08956540	
326.08893598	
326.08810860	
326.08766673	
326.08733997	
326.08696836	
326.08705814	
326.08630152	
326.08599782	
326.08582993	
326.08567498	
326.08566188	
326.08547950	
326.08531686	
326.08461080	
326.08386112	
326.08361124	
326.08304703	
326.08275684	
326.08214562	
326.08187407	
326.08205679	
326.08123965	
326.08097480	
326.08014921	
326.07942890	
326.07918724	
326.07886302	
326.07844340	
326.07805911	
326.07812928	
326.07741988	
326.07665969	
326.07586794	
326.07493171	
326.07431669	
326.07383326	
326.07358179	
326.07277185	
326.07230634	
326.07173142	
326.07064553	
326.06988554	
326.06918188	
326.06904011	
326.06837297	
326.06778529	
326.06743334	
326.06652085	
326.06599138	
326.06574203	
326.06523755	
326.06431221	
326.06387375	
326.06390120	
326.06356898	
326.06338435	
326.06277523	
326.06225352	
326.06197676	
326.06185320	
326.06177942	
326.06106405	
326.06065659	
326.06042843	
326.06000505	
326.05983995	
326.05925896	
326.05824689	
326.05809197	
326.05767341	
326.05704514	
326.05671054	
326.05608416	
326.05523079	
326.05470020	
326.05419662	
326.05367244	
326.05320714	
326.05287145	
326.05222192	
326.05176704	
326.05122822	
326.05055168	
326.04975781	
326.04868573	
326.04801660	
326.04734329	
326.04657169	
326.04553194	
326.04461459	
326.04410550	
326.04325103	
326.04248075	
326.04236527	
326.04199314	
326.04182285	
326.04172544	
326.04099276	
326.04019907	
326.03989216	
326.03963596	
326.03894954	
326.03841306	
326.03786462	
326.03697468	
326.03603823	
326.03584080	
326.03525477	
326.03457012	
326.03469904	
326.03423281	
326.03422714	
326.03418856	
326.03403805	
326.03352787	
326.03284462	
326.03216141	
326.03174411	
326.03095163	
326.03014296	
326.03004881	
326.02925658	
326.02901726	
326.02917897	
326.02876050	
326.02859033	
326.02780503	
326.02667040	
326.02628350	
326.02615010	
326.02580103	
326.02567911	
326.02542964	
326.02531276	
326.02515936	
326.02478957	
326.02457210	
326.02433373	
326.02372966	
326.02264265	
326.02258012	
326.02186485	
326.02070152	
326.02010076	
326.01912914	
326.01847127	
326.01761060	
326.01663957	
326.01637736	
326.01613633	
326.01604832	
326.01596166	
326.01557768	
326.01517470	
326.01486831	
326.01440183	
326.01404298	
326.01332017	
326.01262226	
326.01246350	
326.01229394	
326.01238382	
326.01163830	
326.01144440	
326.01142720	
326.01045674	
326.01033794	
326.01034896	
326.00948895	
326.00925384	
326.00876472	
326.00793879	
326.00740392	
326.00728431	
326.00673094	
326.00637802	
326.00587643	
326.00499479	
326.00508313	
326.00457476	
326.00390310	
326.00355170	
326.00284089	
326.00189668	
326.00115790	
326.00050663	
326.00004265	
325.99935862	
325.99878898	
325.99812165	
325.99802791	
325.99807507	
325.99793533	
325.99747129	
325.99676560	
325.99604467	
325.99517008	
325.99437886	
325.99371442	
325.99330466	
325.99277927	
325.99209300	
325.99110091	
325.99064726	
325.98996793	
325.98963972	
325.98925675	
325.98818416	
325.98740165	
325.98711764	
325.98661326	
325.98622841	
325.98608160	
325.98524890	
325.98485027	
325.98429706	
325.98394647	
325.98360409	
325.98336818	
325.98328389	
325.98256743	
325.98244618	
325.98208562	
325.98116590	
325.98074431	
325.98002657	
325.97979687	
325.97915960	
325.97819624	
325.97795454	
325.97769428	
325.97718314	
325.97711770	
325.97682621	
325.97640198	
325.97624102	
325.97608082	
325.97602316	
325.97577441	
325.97498130	
325.97442959	
325.97377014	
325.97335106	
325.97350620	
325.97265341	
325.97245091	
325.97229635	
325.97207289	
325.97177920	
325.97084375	
325.97027420	
325.96953831	
325.96897125	
325.96881647	
325.96817384	
325.96747346	
325.96659675	
325.96580584	
325.96505989	
325.96466894	
325.96454830	
325.96370779	
325.96276675	
325.96254154	
325.96213004	
325.96150198	
325.96122520	
325.96074211	
325.96059955	
325.96064293	
325.95996835	
325.95963291	
325.95929146	
325.95854509	
325.95784385	
325.95751521	
325.95708023	
325.95610879	
325.95556802	
325.95540343	
325.95514284	
325.95508086	
325.95463693	
325.95384370	
325.95346700	
325.95285481	
325.95262368	
325.95237919	
325.95147228	
325.95127009	
325.95072784	
325.94960266	
325.94919068	
325.94841993	
325.94788132	
325.94795393	
325.94784832	
325.94772303	
325.94712900	
325.94654727	
325.94593761	
325.94537458	
325.94472715	
325.94455991	
325.94477202	
325.94387092	
325.94319546	
325.94302220	
325.94268585	
325.94235162	
325.94215237	
325.94166009	
325.94086287	
325.94025600	
325.93979555	
325.93903892	
325.93844846	
325.93812880	
325.93777550	
325.93705281	
325.93650238	
325.93647414	
325.93642325	
325.93619081	
325.93572917	
325.93517204	
325.93474346	
325.93463732	
325.93432703	
325.93399940	
325.93338430	
325.93269664	
325.93204070	
325.93185288	
325.93188471	
325.93112889	
325.93086684	
325.93047618	
325.92979197	
325.92934011	
325.92933288	
325.92864252	
325.92827348	
325.92813820	
325.92796400	
325.92765369	
325.92656496	
325.92577225	
325.92503672	
325.92435241	
325.92352620	
325.92353951	
325.92359396	
325.92321150	
325.92256982	
325.92179981	
325.92108890	
325.92055356	
325.92006291	
325.91920432	
325.91885572	
325.91863250	
325.91802177	
325.91713436	
325.91688603	
325.91643245	
325.91605886	
325.91615216	
325.91527057	
325.91428301	
325.91361628	
325.91344943	
325.91336372	
325.91252514	
325.91234389	
325.91238762	
325.91143797	
325.91060037	
325.91010379	
325.90985241	
325.90915692	
325.90909624	
325.90914380	
325.90884344	
325.90888282	
325.90888932	
325.90878143	
325.90870180	
325.90828575	
325.90735433	
325.90733087	
325.90699372	
325.90633737	
325.90629213	
325.90595959	
325.90572025	
325.90586027	
325.90601911	
325.90577957	
325.90566790	
325.90530179	
325.90433753	
325.90402480	
325.90403284	
325.90409856	
325.90360785	
325.90322103	
325.90292742	
325.90281565	
325.90286730	
325.90216097	
325.90184506	
325.90191362	
325.90188672	
325.90192952	
325.90196554	
325.90188185	
325.90139409	
325.90101437	
325.90099986	
325.90053937	
325.90054113	
325.90061007	
325.90060793	
325.90034949	
325.90028851	
325.90048057	
325.90040841	
325.90021269	
325.89964764	
325.89909303	
325.89834226	
325.89807747	
325.89747245	
325.89728537	
325.89673432	
325.89606029	
325.89590066	
325.89536376	
325.89543001	
325.89515681	
325.89480914	
325.89405694	
325.89321914	
325.89271341	
325.89222882	
325.89160105	
325.89122876	
325.89079440	
325.89054948	
325.89047562	
325.89011768	
325.89008353	
325.89005124	
325.88940420	
325.88916684	
325.88855017	
325.88766078	
325.88758468	
325.88697126	
325.88638990	
325.88633518	
325.88631830	
325.88594001	
325.88536714	
325.88504759	
325.88493854	
325.88431535	
325.88368163	
325.88333277	
325.88284474	
325.88197238	
325.88118727	
325.88093382	
325.88086922	
325.88083616	
325.88023728	
325.88009890	
325.88012169	
325.87931110	
325.87886801	
325.87878118	
325.87844955	
325.87772145	
325.87754198	
325.87728545	
325.87712828	
325.87736447	
325.87707015	
325.87671823	
325.87620726	
325.87533217	
325.87530451	
325.87544783	
325.87478494	
325.87410403	
325.87410074	
325.87362163	
325.87338743	
325.87311476	
325.87216134	
325.87143237	
325.87047694	
325.87018060	
325.87000076	
325.86958834	
325.86904610	
325.86826766	
325.86738677	
325.86648880	
325.86558604	
325.86484228	
325.86464568	
325.86418806	
325.86326329	
325.86299350	
325.86283824	
325.86266346	
325.86227320	
325.86225473	
325.86255079	
325.86266300	
325.86236395	
325.86184217	
325.86108800	
325.86068742	
325.86087798	
325.86058503	
325.86052608	
325.85990623	
325.85930186	
325.85913169	
325.85886182	
325.85809750	
325.85788595	
325.85747093	
325.85728595	
325.85681989	
325.85650342	
325.85614794	
325.85539653	
325.85557044	
325.85533847	
325.85497375	
325.85488901	
325.85513694	
325.85472267	
325.85428940	
325.85389293	
325.85339845	
325.85252976	
325.85178522	
325.85157865	
325.85120208	
325.85094041	
325.85034250	
325.85027814	
325.85058791	
325.85007007	
325.84972827	
325.84930822	
325.84871661	
325.84831464	
325.84812977	
325.84767963	
325.84695849	
325.84682605	
325.84618812	
325.84581508	
325.84522677	
325.84488318	
325.84441827	
325.84407965	
325.84381411	
325.84330447	
325.84285911	
325.84197709	
325.84198728	
325.84194916	
325.84148492	
325.84079840	
325.84031359	
325.83987628	
325.83913146	
325.83840985	
325.83787753	
325.83780688	
325.83724004	
325.83633070	
325.83566719	
325.83470941	
325.83473730	
325.83476288	
325.83394294	
325.83330833	
325.83284264	
325.83272839	
325.83253642	
325.83207734	
325.83167302	
325.83156100	
325.83137564	
325.83090867	
325.83066078	
325.83033685	
325.82987364	
325.82958370	
325.82943235	
325.82901141	
325.82859576	
325.82829022	
325.82765043	
325.82673516	
325.82636308	
325.82587375	
325.82531795	
325.82455419	
325.82389823	
325.82333093	
325.82271252	
325.82191692	
325.82156776	
325.82092402	
325.82006281	
325.81951047	
325.81870152	
325.81834862	
325.81821859	
325.81790944	
325.81780451	
325.81744919	
325.81736865	
325.81746992	
325.81661489	
325.81627336	
325.81580322	
325.81566548	
325.81515160	
325.81411476	
325.81397903	
325.81382136	
325.81301413	
325.81230349	
325.81177576	
325.81147464	
325.81154850	
325.81140441	
325.81152165	
325.81130388	
325.81044037	
325.81029858	
325.81006790	
325.80967225	
325.80922674	
325.80909784	
325.80935159	
325.80898453	
325.80838362	
325.80791597	
325.80743907	
325.80698054	
325.80637459	
325.80561528	
325.80526004	
325.80446614	
325.80441574	
325.80462521	
325.80421412	
325.80419793	
325.80415631	
325.80411686	
325.80359115	
325.80282625	
325.80225723	
325.80191429	
325.80140490	
325.80118052	
325.80075556	
325.80005611	
325.79965198	
325.79929421	
325.79888248	
325.79795812	
325.79718276	
325.79632120	
325.79584706	
325.79510275	
325.79501458	
325.79531312	
325.79447863	
325.79365223	
325.79344528	
325.79288630	
325.79233014	
325.79240976	
325.79201193	
325.79116329	
325.79101832	
325.79055256	
325.78996441	
325.78981731	
325.78914780	
325.78888972	
325.78875053	
325.78803449	
325.78742614	
325.78696807	
325.78690936	
325.78635193	
325.78599079	
325.78615184	
325.78613543	
325.78614895	
325.78590006	
325.78550761	
325.78497180	
325.78454970	
325.78451128	
325.78427075	
325.78367031	
325.78377717	
325.78321366	
325.78249372	
325.78259696	
325.78244182	
325.78229833	
325.78199108	
325.78198514	
325.78158719	
325.78143600	
325.78159198	
325.78155242	
325.78098226	
325.78062294	
325.78089677	
325.78024681	
325.77998429	
325.77925330	
325.77877185	
325.77835712	
325.77755825	
325.77709364	
325.77631105	
325.77610418	
325.77595645	
325.77509256	
325.77463065	
325.77444120	
325.77410955	
325.77348015	
325.77327674	
325.77336871	
325.77313166	
325.77288458	
325.77216640	
325.77140010	
325.77130579	
325.77064462	
325.77052697	
325.77010882	
325.76955643	
325.76902045	
325.76854416	
325.76878160	
325.76798807	
325.76764520	
325.76730156	
325.76656404	
325.76608266	
325.76584347	
325.76539008	
325.76533203	
325.76517151	
325.76442966	
325.76361952	
325.76340429	
325.76309394	
325.76212728	
325.76143967	
325.76084590	
325.76026184	
325.75946418	
325.75883350	
325.75869378	
325.75829152	
325.75813765	
325.75823922	
325.75746749	
325.75713715	
325.75691288	
325.75695939	
325.75705017	
325.75667351	
325.75636157	
325.75592561	
325.75549206	
325.75512323	
325.75514455	
325.75532972	
325.75483589	
325.75444303	
325.75457249	
325.75383575	
325.75315384	
325.75280326	
325.75222693	
325.75143112	
325.75110704	
325.75106827	
325.75083989	
325.75054539	
325.75004852	
325.74956744	
325.74899013	
325.74910172	
325.74883926	
325.74877469	
325.74911315	
325.74896007	
325.74857363	
325.74767762	
325.74688432	
325.74679069	
325.74640678	
325.74621829	
325.74562133	
325.74508762	
325.74458976	
325.74444742	
325.74470480	
325.74451497	
325.74397159	
325.74357706	
325.74311491	
325.74215200	
325.74194490	
325.74134488	
325.74125526	
325.74079043	
325.74059312	
325.74050996	
325.74004342	
325.73978686	
325.73984777	
325.73964817	
325.73921368	
325.73903431	
325.73892630	
325.73887333	
325.73856713	
325.73824871	
325.73753172	
325.73727456	
325.73664791	
325.73596438	
325.73542823	
325.73509935	
325.73446579	
325.73422265	
325.73440168	
325.73360571	
325.73333007	
325.73345496	
325.73282794	
325.73249707	
325.73209270	
325.73132554	
325.73136020	
325.73078266	
325.73065217	
325.73033494	
325.72985391	
325.72949162	
325.72921557	
325.72906778	
325.72864128	
325.72795767	
325.72756971	
325.72709837	
325.72682541	
325.72631215	
325.72600418	
325.72619181	
325.72603584	
325.72561977	
325.72512335	
325.72461506	
325.72411396	
325.72410544	
325.72363118	
325.72291201	
325.72234277	
325.72199012	
325.72178251	
325.72191616	
325.72164517	
325.72163526	
325.72154758	
325.72087116	
325.72059231	
325.72015302	
325.71982597	
325.71978160	
325.71975895	
325.71986742	
325.71999815	
325.72026684	
325.72021674	
325.72004521	
325.71964918	
325.71957165	
325.71981660	
325.71925569	
325.71870463	
325.71827778	
325.71742075	
325.71671035	
325.71658355	
325.71627695	
325.71565583	
325.71561666	
325.71548489	
325.71491416	
325.71448307	
325.71390257	
325.71335879	
325.71346872	
325.71308649	
325.71302224	
325.71264618	
325.71239905	
325.71261999	
325.71229485	
325.71191389	
325.71136525	
325.71108299	
325.71051581	
325.71003156	
325.70972803	
325.70947621	
325.70923069	
325.70905860	
325.70838039	
325.70803540	
325.70789054	
325.70743344	
325.70701380	
325.70683514	
325.70624573	
325.70606654	
325.70653433	
325.70582882	
325.70538668	
325.70519065	
325.70495664	
325.70470773	
325.70469174	
325.70404312	
325.70394953	
325.70374261	
325.70361754	
325.70363875	
325.70288157	
325.70255701	
325.70258610	
325.70227094	
325.70137278	
325.70073645	
325.70004372	
325.69999520	
325.70008963	
325.69970831	
325.69888320	
325.69828700	
325.69767124	
325.69682836	
325.69676257	
325.69684947	
325.69688372	
325.69637894	
325.69558548	
325.69505977	
325.69467974	
325.69442926	
325.69411740	
325.69409904	
325.69378853	
325.69344712	
325.69320720	
325.69239804	
325.69208260	
325.69234633	
325.69223558	
325.69188626	
325.69183254	
325.69195289	
325.69139814	
325.69117801	
325.69075859	
325.68992572	
325.68986077	
325.68950853	
325.68943977	
325.68950868	
325.68891394	
325.68836440	
325.68755466	
325.68675906	
325.68631172	
325.68604380	
325.68555990	
325.68545951	
325.68564273	
325.68497499	
325.68417371	
325.68398938	
325.68349828	
325.68277074	
325.68224551	
325.68201513	
325.68170668	
325.68153537	
325.68104151	
325.68064631	
325.68087419	
325.68063281	
325.68064522	
325.68059787	
325.67992935	
325.67988754	
325.68009549	
325.67983197	
325.67938024	
325.67935465	
325.67942879	
325.67890801	
325.67842367	
325.67806310	
325.67750034	
325.67710073	
325.67725499	
325.67711849	
325.67640452	
325.67590251	
325.67538672	
325.67523291	
325.67526148	
325.67505680	
325.67451669	
325.67398744	
325.67402355	
325.67362252	
325.67324466	
325.67315791	
325.67279353	
325.67234348	
325.67253091	
325.67277618	
325.67287259	
325.67303282	
325.67259201	
325.67190478	
325.67158609	
325.67122303	
325.67104782	
325.67100890	
325.67077398	
325.67041332	
325.66978583	
325.66979668	
325.67007343	
325.67004185	
325.66969086	
325.66904623	
325.66909843	
325.66855399	
325.66790407	
325.66785409	
325.66766001	
325.66726558	
325.66672384	
325.66650871	
325.66637963	
325.66610510	
325.66593848	
325.66560082	
325.66556138	
325.66519244	
325.66493914	
325.66448568	
325.66409806	
325.66420189	
325.66354901	
325.66277978	
325.66245558	
325.66217356	
325.66137227	
325.66114121	
325.66121614	
325.66085194	
325.66070756	
325.66058628	
325.66071656	
325.66030153	
325.65953577	
325.65917535	
325.65875158	
325.65822942	
325.65756967	
325.65690902	
325.65616966	
325.65566554	
325.65505006	
325.65444114	
325.65451595	
325.65394675	
325.65367806	
325.65349413	
325.65322110	
325.65344754	
325.65291216	
325.65239955	
325.65166404	
325.65133039	
325.65099216	
325.65087338	
325.65037124	
325.65031228	
325.65005614	
325.64906195	
325.64928616	
325.64948310	
325.64946271	
325.64919253	
325.64840854	
325.64823599	
325.64808696	
325.64746797	
325.64748851	
325.64713553	
325.64703225	
325.64696522	
325.64622595	
325.64626103	
325.64629774	
325.64596058	
325.64594151	
325.64551292	
325.64527790	
325.64467407	
325.64368165	
325.64334267	
325.64285559	
325.64206289	
325.64137401	
325.64081193	
325.64007139	
325.64002779	
325.64011224	
325.63971534	
325.63907549	
325.63905282	
325.63927219	
325.63930297	
325.63957425	
325.63951914	
325.63895345	
325.63841338	
325.63796993	
325.63801744	
325.63749437	
325.63681956	
325.63702195	
325.63665776	
325.63586064	
325.63521992	
325.63539799	
325.63483584	
325.63418883	
325.63437991	
325.63453383	
325.63397659	
325.63310058	
325.63279266	
325.63268784	
325.63250666	
325.63187622	
325.63177559	
325.63180220	
325.63165502	
325.63164582	
325.63164412	
325.63124074	
325.63088420	
325.63035921	
325.62997635	
325.63024476	
325.62983170	
325.62926306	
325.62908651	
325.62876336	
325.62869445	
325.62845187	
325.62811786	
325.62751127	
325.62670838	
325.62684107	
325.62655914	
325.62641513	
325.62592573	
325.62515172	
325.62509678	
325.62443100	
325.62366662	
325.62305067	
325.62304351	
325.62329816	
325.62303597	
325.62261889	
325.62230599	
325.62180999	
325.62172150	
325.62210793	
325.62226390	
325.62211674	
325.62132040	
325.62137170	
325.62139272	
325.62069372	
325.62040520	
325.62047091	
325.62072561	
325.62089363	
325.62097757	
325.62056727	
325.62006010	
325.62030260	
325.62007600	
325.61972897	
325.61908328	
325.61816110	
325.61784982	
325.61788516	
325.61810943	
325.61797064	
325.61802963	
325.61741443	
325.61691945	
325.61685848	
325.61628836	
325.61568334	
325.61495765	
325.61489711	
325.61506455	
325.61452913	
325.61410163	
325.61349587	
325.61337721	
325.61323555	
325.61295865	
325.61250390	
325.61193473	
325.61224301	
325.61208612	
325.61150141	
325.61116814	
325.61078245	
325.61044120	
325.61001446	
325.60971143	
325.60952611	
325.60926457	
325.60899308	
325.60842969	
325.60770179	
325.60770199	
325.60803085	
325.60804963	
325.60762752	
325.60753383	
325.60708060	
325.60651851	
325.60633919	
325.60581634	
325.60552476	
325.60485825	
325.60469058	
325.60472895	
325.60471214	
325.60494588	
325.60513461	
325.60531054	
325.60478654	
325.60407524	
325.60387554	
325.60344495	
325.60296482	
325.60307222	
325.60269752	
325.60181501	
325.60128619	
325.60078545	
325.60073432	
325.60049750	
325.60032366	
325.60007898	
325.59989049	
325.59977438	
325.59914976	
325.59914519	
325.59933070	
325.59893480	
325.59902930	
325.59898909	
325.59886941	
325.59883933	
325.59886917	
325.59878910	
325.59815008	
325.59737612	
325.59695291	
325.59631024	
325.59607256	
325.59623679	
325.59575039	
325.59519150	
325.59524776	
325.59484203	
325.59431644	
325.59436035	
325.59436960	
325.59409647	
325.59342210	
325.59294531	
325.59216135	
325.59197599	
325.59143294	
325.59069581	
325.59075907	
325.59079322	
325.59074800	
325.59062329	
325.59050061	
325.58991496	
325.58918988	
325.58869727	
325.58811467	
325.58746583	
325.58665708	
325.58627970	
325.58605648	
325.58544868	
325.58544021	
325.58492746	
325.58464209	
325.58480958	
325.58490362	
325.58487640	
325.58434123	
325.58403390	
325.58369952	
325.58370566	
325.58330755	
325.58330922	
325.58327046	
325.58333295	
325.58367521	
325.58297270	
325.58250817	
325.58230755	
325.58214210	
325.58224272	
325.58203101	
325.58210291	
325.58165067	
325.58075010	
325.58023601	
325.58035618	
325.58078063	
325.58077707	
325.58063064	
325.58050449	
325.58052307	
325.57981700	
325.57959522	
325.57975422	
325.57953959	
325.57962386	
325.57896084	
325.57852268	
325.57843646	
325.57808966	
325.57777557	
325.57780076	
325.57793680	
325.57776132	
325.57731459	
325.57657955	
325.57608641	
325.57557642	
325.57549130	
325.57550648	
325.57529231	
325.57488049	
325.57462595	
325.57443925	
325.57405647	
325.57416722	
325.57443851	
325.57435820	
325.57388598	
325.57352316	
325.57284369	
325.57270120	
325.57293028	
325.57217258	
325.57169989	
325.57121295	
325.57060676	
325.57010737	
325.56970049	
325.56948658	
325.56961262	
325.56948483	
325.56935902	
325.56894825	
325.56853320	
325.56861451	
325.56825118	
325.56796199	
325.56816178	
325.56829230	
325.56802606	
325.56796016	
325.56733259	
325.56655311	
325.56662491	
325.56626527	
325.56560590	
325.56495244	
325.56453528	
325.56447785	
325.56422823	
325.56408376	
325.56427108	
325.56425133	
325.56368697	
325.56342718	
325.56330206	
325.56272501	
325.56269483	
325.56264830	
325.56186561	
325.56187321	
325.56185534	
325.56128835	
325.56098216	
325.56063792	
325.56006846	
325.55981443	
325.55916433	
325.55891588	
325.55870074	
325.55838171	
325.55849414	
325.55861857	
325.55888077	
325.55851327	
325.55784681	
325.55707480	
325.55627783	
325.55628984	
325.55628370	
325.55629891	
325.55611808	
325.55585975	
325.55602916	
325.55601381	
325.55569224	
325.55540803	
325.55521228	
325.55513516	
325.55516705	
325.55474951	
325.55470380	
325.55486803	
325.55451193	
325.55408242	
325.55432220	
325.55436648	
325.55406069	
325.55419782	
325.55448974	
325.55437102	
325.55402364	
325.55412333	
325.55415424	
325.55378446	
325.55382253	
325.55361066	
325.55290549	
325.55280906	
325.55301715	
325.55265495	
325.55204469	
325.55217831	
325.55214575	
325.55187098	
325.55197782	
325.55137865	
325.55134303	
325.55090728	
325.55033006	
325.55057260	
325.54986024	
325.54984836	
325.54936896	
325.54833440	
325.54811999	
325.54780379	
325.54797423	
325.54818673	
325.54756911	
325.54740567	
325.54771648	
325.54786624	
325.54810567	
325.54772217	
325.54693309	
325.54676275	
325.54695854	
325.54632169	
325.54584185	
325.54545106	
325.54501450	
325.54466859	
325.54463945	
325.54490046	
325.54505861	
325.54494207	
325.54428680	
325.54394056	
325.54361153	
325.54347353	
325.54333576	
325.54317412	
325.54304849	
325.54272142	
325.54250370	
325.54248524	
325.54196867	
325.54165942	
325.54155606	
325.54091269	
325.54020234	
325.53973582	
325.53960336	
325.53937484	
325.53873187	
325.53830170	
325.53858266	
325.53869455	
325.53810533	
325.53746080	
325.53729294	
325.53717451	
325.53662832	
325.53619399	
325.53582850	
325.53513703	
325.53492395	
325.53504839	
325.53447771	
325.53416644	
325.53367698	
325.53343492	
325.53297709	
325.53287400	
325.53344075	
325.53322020	
325.53329827	
325.53307200	
325.53235100	
325.53227024	
325.53200973	
325.53155668	
325.53148293	
325.53104948	
325.53088426	
325.53042833	
325.52964373	
325.52940616	
325.52880674	
325.52810340	
325.52837119	
325.52792513	
325.52704223	
325.52698685	
325.52645272	
325.52555577	
325.52569863	
325.52597530	
325.52600800	
325.52560107	
325.52531672	
325.52515549	
325.52508976	
325.52503817	
325.52490413	
325.52447106	
325.52373972	
325.52330884	
325.52256195	
325.52251829	
325.52241740	
325.52244826	
325.52212619	
325.52131169	
325.52140810	
325.52131382	
325.52090702	
325.52018453	
325.51969190	
325.51986056	
325.51936251	
325.51868791	
325.51879988	
325.51860002	
325.51787875	
325.51771664	
325.51797665	
325.51759393	
325.51708248	
325.51706041	
325.51718378	
325.51728845	
325.51717847	
325.51733856	
325.51766025	
325.51704761	
325.51679001	
325.51638265	
325.51562033	
325.51559188	
325.51560852	
325.51513430	
325.51480465	
325.51458282	
325.51439339	
325.51380154	
325.51317011	
325.51264482	
325.51203801	
325.51209794	
325.51183375	
325.51122294	
325.51103798	
325.51077805	
325.51027125	
325.51042240	
325.51076504	
325.51059169	
325.51072597	
325.51038127	
325.50999919	
325.51021295	
325.50973076	
325.50963943	
325.50990087	
325.51013844	
325.51020377	
325.50955856	
325.50915217	
325.50880796	
325.50815339	
325.50764485	
325.50780622	
325.50752523	
325.50745774	
325.50767463	
325.50723130	
325.50705944	
325.50699742	
325.50670942	
325.50662691	
325.50638789	
325.50570738	
325.50508174	
325.50453162	
325.50463391	
325.50424069	
325.50393892	
325.50421902	
325.50378013	
325.50319173	
325.50290960	
325.50235890	
325.50230029	
325.50251779	
325.50234251	
325.50196179	
325.50160630	
325.50178872	
325.50130671	
325.50048024	
325.50030181	
325.50012902	
325.50011046	
325.50034219	
325.50023169	
325.50032740	
325.50059310	
325.50052102	
325.50042348	
325.50039615	
325.49979034	
325.49975247	
325.50006861	
325.49954887	
325.49893635	
325.49841208	
325.49798968	
325.49768705	
325.49788927	
325.49815552	
325.49754074	
325.49711120	
325.49706927	
325.49633507	
325.49636061	
325.49614677	
325.49538272	
325.49517957	
325.49488910	
325.49415808	
325.49380463	
325.49406545	
325.49377608	
325.49372810	
325.49328960	
325.49287908	
325.49299307	
325.49274382	
325.49284442	
325.49221316	
325.49198268	
325.49174726	
325.49093192	
325.49105775	
325.49059072	
325.49062981	
325.49066735	
325.48996110	
325.49025178	
325.48987734	
325.48948105	
325.48983331	
325.48920378	
325.48926118	
325.48964128	
325.48927359	
325.48940424	
325.48952085	
325.48939244	
325.48873299	
325.48877932	
325.48841086	
325.48780253	
325.48790736	
325.48787438	
325.48780586	
325.48778596	
325.48795046	
325.48761728	
325.48729301	
325.48682230	
325.48643933	
325.48663771	
325.48647962	
325.48648385	
325.48653740	
325.48615261	
325.48567098	
325.48504453	
325.48521645	
325.48540935	
325.48520244	
325.48493312	
325.48504021	
325.48488121	
325.48472725	
325.48452548	
325.48372748	
325.48389129	
325.48365646	
325.48303753	
325.48271242	
325.48197531	
325.48208753	
325.48224642	
325.48201025	
325.48162324	
325.48141552	
325.48111207	
325.48065234	
325.48033643	
325.48041687	
325.48053320	
325.48005024	
325.48003688	
325.47986567	
325.47983336	
325.47935300	
325.47911133	
325.47916850	
325.47935324	
325.47978287	
325.47987330	
325.48020924	
325.48034843	
325.48017993	
325.47980670	
325.47937104	
325.47956020	
325.47906928	
325.47905439	
325.47894958	
325.47880461	
325.47922709	
325.47919661	
325.47962996	
325.47994277	
325.47955310	
325.47952993	
325.47917818	
325.47862056	
325.47833748	
325.47760787	
325.47790347	
325.47753483	
325.47717434	
325.47677206	
325.47662928	
325.47676794	
325.47615965	
325.47548197	
325.47502786	
325.47489067	
325.47510668	
325.47462240	
325.47367926	
325.47315147	
325.47280212	
325.47233033	
325.47152390	
325.47111039	
325.47119802	
325.47096012	
325.47021492	
325.46987368	
325.46989894	
325.46965911	
325.46917535	
325.46931202	
325.46920863	
325.46875366	
325.46900212	
325.46896290	
325.46896948	
325.46918935	
325.46869181	
325.46793920	
325.46739185	
325.46756715	
325.46784548	
325.46779544	
325.46768707	
325.46764879	
325.46746339	
325.46683001	
325.46625120	
325.46628363	
325.46606392	
325.46557641	
325.46528163	
325.46459614	
325.46464837	
325.46499089	
325.46469486	
325.46479845	
325.46462286	
325.46388309	
325.46341685	
325.46359338	
325.46365315	
325.46338447	
325.46358304	
325.46362866	
325.46350757	
325.46370076	
325.46381771	
325.46397500	
325.46425737	
325.46446376	
325.46396270	
325.46316491	
325.46288368	
325.46230570	
325.46236601	
325.46257399	
325.46223381	
325.46238938	
325.46207928	
325.46213803	
325.46258025	
325.46222810	
325.46220975	
325.46196249	
325.46158709	
325.46169035	
325.46115213	
325.46116754	
325.46072825	
325.46006872	
325.46011221	
325.45991657	
325.45964014	
325.45972802	
325.45942306	
325.45901443	
325.45890337	
325.45830576	
325.45804091	
325.45758709	
325.45776532	
325.45761911	
325.45688213	
325.45648835	
325.45611102	
325.45612657	
325.45621811	
325.45591341	
325.45564458	
325.45566199	
325.45520044	
325.45523418	
325.45546125	
325.45528859	
325.45557297	
325.45533794	
325.45453728	
325.45470945	
325.45485633	
325.45447322	
325.45465065	
325.45412567	
325.45385871	
325.45391938	
325.45366376	
325.45391536	
325.45390519	
325.45332453	
325.45258489	
325.45237683	
325.45202997	
325.45200074	
325.45151882	
325.45136977	
325.45170319	
325.45168317	
325.45184539	
325.45150116	
325.45131951	
325.45146642	
325.45141562	
325.45096586	
325.45059299	
325.45046025	
325.45073612	
325.45080845	
325.45038996	
325.45010396	
325.44986372	
325.44945359	
325.44887728	
325.44894414	
325.44846593	
325.44780326	
325.44756702	
325.44693312	
325.44709643	
325.44661221	
325.44643792	
325.44616176	
325.44544118	
325.44502668	
325.44467048	
325.44447084	
325.44397317	
325.44376256	
325.44386835	
325.44358911	
325.44331709	
325.44310541	
325.44290990	
325.44278564	
325.44211075	
325.44153405	
325.44133375	
325.44129203	
325.44145035	
325.44140716	
325.44064890	
325.43993057	
325.43950713	
325.43912751	
325.43854838	
325.43806716	
325.43807654	
325.43791108	
325.43761821	
325.43762831	
325.43771005	
325.43784197	
325.43784210	
325.43807959	
325.43835960	
325.43833002	
325.43794299	
325.43806951	
325.43825489	
325.43773083	
325.43757017	
325.43700539	
325.43643956	
325.43594926	
325.43541493	
325.43521686	
325.43484272	
325.43469198	
325.43410487	
325.43410470	
325.43370627	
325.43306584	
325.43270996	
325.43240229	
325.43278068	
325.43242788	
325.43227572	
325.43184659	
325.43139821	
325.43091409	
325.43082217	
325.43069512	
325.42999210	
325.42950934	
325.42940608	
325.42905838	
325.42821339	
325.42825656	
325.42833212	
325.42799972	
325.42802460	
325.42822392	
325.42822328	
325.42842517	
325.42821561	
325.42791522	
325.42801155	
325.42755921	
325.42691127	
325.42670777	
325.42649947	
325.42674555	
325.42632992	
325.42600155	
325.42635336	
325.42613563	
325.42557079	
325.42512893	
325.42539899	
325.42535049	
325.42523137	
325.42485123	
325.42492846	
325.42500229	
325.42496036	
325.42466168	
325.42452050	
325.42431501	
325.42431248	
325.42460724	
325.42444308	
325.42456184	
