332.99972175	
332.99931165	
332.99958332	
333.00014755	
333.00049893	
333.00016384	
332.99980831	
332.99996706	
332.99981264	
332.99921683	
332.99939997	
332.99982373	
332.99963093	
332.99987512	
332.99975722	
332.99902112	
332.99891964	
332.99886343	
332.99899482	
332.99913476	
332.99893532	
332.99863612	
332.99888162	
332.99898254	
332.99922847	
333.00013507	
333.00077007	
333.00059154	
333.00027490	
333.00064691	
333.00074346	
333.00081798	
333.00098623	
333.00105776	
333.00105064	
333.00132008	
333.00172116	
333.00136881	
333.00069058	
333.00051777	
333.00080730	
333.00072307	
333.00068752	
333.00050266	
332.99971470	
332.99915183	
332.99932442	
332.99974734	
332.99989055	
333.00021758	
333.00037143	
333.00048430	
333.00018869	
332.99994413	
333.00034211	
333.00068942	
333.00030692	
332.99993078	
332.99964775	
332.99982093	
333.00076845	
333.00077727	
333.00061393	
333.00062700	
333.00009097	
333.00028548	
333.00038401	
333.00007457	
332.99989517	
332.99933562	
332.99896984	
332.99929060	
332.99949151	
332.99901795	
332.99854311	
332.99828213	
332.99877826	
332.99876427	
332.99824752	
332.99856552	
332.99862613	
332.99816317	
332.99782501	
332.99771219	
332.99766122	
332.99755669	
332.99798762	
332.99860694	
332.99835420	
332.99789735	
332.99753656	
332.99741701	
332.99731558	
332.99675828	
332.99651594	
332.99647939	
332.99661058	
332.99706449	
332.99721912	
332.99700997	
332.99758355	
332.99826945	
332.99876127	
332.99942236	
332.99957938	
332.99979329	
332.99956279	
332.99946799	
332.99991745	
332.99964473	
332.99921983	
332.99906091	
332.99915289	
332.99890076	
332.99826148	
332.99773946	
332.99730627	
332.99773934	
332.99879430	
332.99885339	
332.99871292	
332.99939318	
332.99946682	
332.99964918	
332.99985446	
332.99927143	
332.99880297	
332.99865356	
332.99867298	
332.99868580	
332.99925568	
332.99989481	
333.00001750	
332.99962522	
332.99946860	
332.99953041	
332.99974552	
333.00023784	
333.00005897	
332.99982477	
332.99965513	
332.99948023	
332.99963854	
332.99944543	
332.99944258	
332.99992476	
333.00055970	
333.00107271	
333.00060029	
332.99983356	
332.99932236	
332.99882638	
332.99828805	
332.99869239	
332.99927498	
332.99883517	
332.99838292	
332.99803680	
332.99759828	
332.99720059	
332.99692050	
332.99750235	
332.99843894	
332.99850845	
332.99823535	
332.99837027	
332.99879332	
332.99913154	
332.99916694	
332.99902341	
332.99918608	
332.99985201	
333.00061234	
333.00121998	
333.00166782	
333.00201321	
333.00173137	
333.00087285	
333.00029927	
333.00059367	
333.00100044	
333.00047994	
333.00058471	
333.00126700	
333.00102964	
333.00113139	
333.00184422	
333.00174289	
333.00139624	
333.00161705	
333.00176425	
333.00169392	
333.00184900	
333.00207380	
333.00213578	
333.00233597	
333.00267892	
333.00252272	
333.00192381	
333.00191239	
333.00240637	
333.00205529	
333.00168280	
333.00171713	
333.00191235	
333.00171474	
333.00122716	
333.00098807	
333.00055279	
333.00093055	
333.00111895	
333.00126950	
333.00146609	
333.00082876	
333.00015064	
332.99979199	
332.99997446	
333.00044469	
333.00033336	
333.00008309	
333.00068928	
333.00076183	
333.00001217	
332.99945118	
332.99950380	
333.00005794	
333.00052302	
333.00089396	
333.00139089	
333.00197918	
333.00193167	
333.00119941	
333.00100181	
333.00148313	
333.00206797	
333.00226639	
333.00211020	
333.00215542	
333.00258694	
333.00237648	
333.00226219	
333.00207396	
333.00129225	
333.00100819	
333.00071816	
333.00103697	
333.00187651	
333.00252296	
333.00271632	
333.00251722	
333.00205759	
333.00136922	
333.00135996	
333.00180344	
333.00230146	
333.00215173	
333.00141163	
333.00099121	
333.00124829	
333.00108234	
333.00061493	
333.00036009	
332.99965733	
332.99968616	
333.00028444	
333.00053392	
333.00088986	
333.00117049	
333.00108944	
333.00122963	
333.00150174	
333.00149692	
333.00151564	
333.00176666	
333.00178276	
333.00154847	
333.00128536	
333.00119924	
333.00096403	
333.00117125	
333.00190898	
333.00231663	
333.00228694	
333.00172640	
333.00088358	
333.00012726	
333.00010888	
332.99989514	
332.99942118	
332.99989615	
333.00011077	
332.99953721	
332.99957135	
333.00034122	
333.00042982	
333.00054195	
333.00041732	
333.00013779	
332.99990788	
332.99910743	
332.99910037	
332.99924076	
332.99871685	
332.99805891	
332.99836107	
332.99844830	
332.99771811	
332.99794927	
332.99880308	
332.99874894	
332.99824935	
332.99828060	
332.99822410	
332.99787859	
332.99818117	
332.99820949	
332.99751630	
332.99706887	
332.99695240	
332.99680235	
332.99693078	
332.99711694	
332.99714303	
332.99784684	
332.99865832	
332.99930831	
332.99990695	
333.00047184	
333.00090020	
333.00100513	
333.00084610	
333.00053059	
333.00062750	
333.00056653	
333.00071294	
333.00126281	
333.00114123	
333.00139280	
333.00205610	
333.00234436	
333.00181860	
333.00085708	
333.00022955	
333.00040649	
333.00092966	
333.00122771	
333.00129450	
333.00138876	
333.00136571	
333.00150335	
333.00140809	
333.00123373	
333.00124847	
333.00100281	
333.00092494	
333.00129685	
333.00137252	
333.00091974	
333.00085345	
333.00036517	
332.99954411	
332.99929288	
332.99947534	
332.99928489	
332.99870785	
332.99829916	
332.99851172	
332.99888752	
332.99930326	
332.99935516	
332.99963066	
332.99969150	
332.99923365	
332.99906782	
332.99870342	
332.99860798	
332.99840761	
332.99851903	
332.99842640	
332.99855853	
332.99921866	
332.99891140	
332.99830931	
332.99825417	
332.99827434	
332.99868665	
332.99907400	
332.99897506	
332.99908242	
332.99922533	
332.99962941	
333.00003693	
332.99996215	
332.99956191	
332.99905675	
332.99931328	
332.99984954	
332.99972048	
332.99926623	
332.99899826	
332.99888389	
332.99866457	
332.99837669	
332.99794774	
332.99797330	
332.99845875	
332.99874542	
332.99885867	
332.99860702	
332.99870365	
332.99913991	
332.99919466	
332.99943876	
332.99946368	
332.99898321	
332.99912393	
332.99909450	
332.99864296	
332.99847448	
332.99877361	
332.99904536	
332.99895127	
332.99895367	
332.99859359	
332.99823024	
332.99831764	
332.99854703	
332.99853895	
332.99896798	
332.99897165	
332.99837802	
332.99825505	
332.99856762	
332.99891137	
332.99944706	
333.00005674	
332.99994937	
333.00008982	
333.00079802	
333.00105585	
333.00110127	
333.00123529	
333.00110139	
333.00068294	
333.00033760	
333.00054469	
333.00118597	
333.00115901	
333.00113032	
333.00129379	
333.00062464	
333.00010188	
333.00013124	
333.00047620	
333.00066530	
333.00098966	
333.00126757	
333.00067839	
333.00000407	
333.00033246	
333.00060837	
333.00002061	
332.99990200	
333.00005694	
333.00011942	
333.00064277	
333.00065998	
333.00012848	
333.00012436	
332.99996883	
332.99975886	
333.00028699	
333.00081548	
333.00090688	
333.00091655	
333.00059286	
333.00071824	
333.00118616	
333.00111354	
333.00082055	
333.00059467	
333.00071624	
333.00069971	
333.00054828	
333.00029832	
332.99971409	
332.99966351	
332.99977191	
333.00011295	
333.00083313	
333.00078818	
333.00061844	
333.00094406	
333.00092209	
333.00034259	
333.00031920	
333.00018517	
332.99972984	
332.99951580	
332.99957608	
332.99984228	
333.00014646	
333.00073512	
333.00057027	
333.00035183	
333.00082655	
333.00062049	
332.99987604	
332.99967239	
332.99991237	
332.99978937	
332.99973084	
332.99985041	
332.99956077	
332.99927206	
332.99930499	
332.99951664	
332.99964084	
332.99925566	
332.99944616	
333.00020242	
332.99990308	
332.99944799	
332.99958728	
333.00019575	
333.00012030	
332.99957894	
332.99939852	
332.99898541	
332.99880104	
332.99914052	
332.99928152	
332.99912489	
332.99938651	
332.99997752	
333.00031899	
333.00046935	
333.00034844	
333.00052712	
333.00043226	
333.00012893	
333.00035528	
333.00068293	
333.00113597	
333.00160341	
333.00146945	
333.00073517	
333.00021661	
333.00040997	
333.00063064	
333.00075506	
333.00073219	
333.00087585	
333.00128240	
333.00080837	
333.00010187	
333.00031753	
333.00102476	
333.00135906	
333.00117526	
333.00054606	
333.00036805	
333.00066507	
333.00064546	
333.00056092	
333.00065025	
333.00014165	
333.00017113	
333.00054722	
333.00069145	
333.00120404	
333.00178133	
333.00222014	
333.00229596	
333.00237493	
333.00223000	
333.00222352	
333.00213257	
333.00202853	
333.00228551	
333.00236176	
333.00211315	
333.00136820	
333.00118126	
333.00097412	
333.00100792	
333.00179315	
333.00189572	
333.00203892	
333.00204711	
333.00200190	
333.00237619	
333.00216008	
333.00218850	
333.00259602	
333.00212580	
333.00184630	
333.00229865	
333.00270895	
333.00268716	
333.00248969	
333.00254280	
333.00243812	
333.00265334	
333.00310109	
333.00276600	
333.00211622	
333.00156841	
333.00128137	
333.00099015	
333.00051841	
333.00070279	
333.00105037	
333.00074220	
333.00069659	
333.00126687	
333.00145516	
333.00133368	
333.00123988	
333.00142445	
333.00114244	
333.00098451	
333.00149183	
333.00109717	
333.00059591	
333.00052392	
333.00068627	
333.00102436	
333.00103783	
333.00126611	
333.00179873	
333.00231407	
333.00201450	
333.00129747	
333.00136161	
333.00176594	
333.00194525	
333.00149377	
333.00140978	
333.00191899	
333.00165573	
333.00092765	
333.00055225	
333.00076612	
333.00098833	
333.00057663	
333.00051858	
333.00061836	
333.00011451	
332.99993692	
333.00036453	
333.00070234	
333.00026489	
332.99990051	
332.99947625	
332.99895467	
332.99854069	
332.99870121	
332.99875965	
332.99857440	
332.99926118	
332.99979502	
332.99983713	
333.00017516	
333.00078808	
333.00108656	
333.00147368	
333.00196959	
333.00178517	
333.00120552	
333.00102850	
333.00053362	
333.00037259	
333.00042074	
332.99979509	
332.99957203	
332.99963964	
332.99980186	
333.00033502	
333.00086308	
333.00102239	
333.00133714	
333.00150973	
333.00083508	
333.00038033	
332.99998192	
332.99965730	
333.00004281	
332.99988484	
332.99987517	
333.00000732	
332.99936447	
332.99949560	
332.99954731	
332.99939469	
332.99923549	
332.99852999	
332.99878205	
332.99932675	
332.99905184	
332.99927335	
332.99937158	
332.99900792	
332.99929242	
332.99944754	
332.99959319	
332.99999591	
333.00002386	
332.99975980	
332.99973801	
333.00006795	
333.00062937	
333.00124194	
333.00138159	
333.00098348	
333.00096752	
333.00152582	
333.00173463	
333.00134950	
333.00139782	
333.00155549	
333.00143030	
333.00147499	
333.00155958	
333.00161717	
333.00105917	
333.00077227	
333.00052857	
333.00049339	
333.00066996	
333.00081796	
333.00149489	
333.00195188	
333.00168213	
333.00121854	
333.00120286	
333.00108098	
333.00137567	
333.00126885	
333.00067350	
333.00065750	
333.00095819	
333.00061253	
332.99998778	
332.99967269	
332.99978398	
333.00016178	
333.00049618	
333.00080800	
333.00040762	
333.00003109	
333.00027461	
333.00058549	
333.00036555	
333.00017203	
333.00031713	
333.00033104	
333.00026925	
333.00032159	
333.00046999	
333.00002151	
332.99967211	
332.99970682	
332.99924274	
332.99928906	
332.99936539	
332.99934245	
332.99949143	
332.99948713	
332.99964271	
332.99982443	
333.00014333	
333.00033821	
333.00045350	
333.00015730	
333.00006008	
333.00064657	
333.00033899	
332.99944055	
332.99880681	
332.99858427	
332.99854883	
332.99870710	
332.99933898	
332.99974559	
332.99997553	
332.99963325	
332.99927518	
332.99900139	
332.99918631	
332.99953921	
332.99928227	
332.99966618	
333.00010049	
333.00052653	
333.00043636	
332.99975916	
332.99959246	
332.99989184	
332.99975221	
332.99914954	
332.99930730	
332.99989904	
333.00009625	
332.99953481	
332.99938128	
332.99977219	
333.00017024	
333.00018414	
332.99969878	
332.99994223	
333.00023521	
333.00042354	
333.00083877	
333.00123879	
333.00135019	
333.00087649	
333.00058810	
333.00052375	
333.00053288	
333.00010496	
332.99937338	
332.99961880	
332.99968433	
332.99943205	
332.99967556	
333.00017008	
333.00002017	
332.99923223	
332.99886852	
332.99887815	
332.99918078	
332.99925997	
332.99934477	
332.99972000	
332.99959733	
332.99936199	
332.99978231	
333.00018958	
333.00027789	
332.99992431	
332.99961319	
332.99965773	
332.99921996	
332.99850234	
332.99848605	
332.99892995	
332.99877828	
332.99890100	
332.99898157	
332.99877941	
332.99916685	
332.99901778	
332.99837998	
332.99860853	
332.99932737	
332.99961075	
332.99940132	
332.99874937	
332.99837992	
332.99837829	
332.99830216	
332.99837567	
332.99890148	
332.99964968	
332.99941413	
332.99927576	
332.99997456	
332.99967609	
332.99899095	
332.99898273	
332.99922964	
332.99893781	
332.99842479	
332.99879093	
332.99959649	
333.00007681	
332.99989753	
332.99972230	
332.99957800	
332.99931385	
332.99978295	
333.00000128	
332.99942940	
332.99910958	
332.99873385	
332.99801044	
332.99744889	
332.99738097	
332.99722899	
332.99698783	
332.99680486	
332.99653580	
332.99691250	
332.99717308	
332.99745723	
332.99754839	
332.99737919	
332.99800667	
332.99796855	
332.99780133	
332.99790362	
332.99770219	
332.99817761	
332.99828876	
332.99764074	
332.99737110	
332.99797269	
332.99859108	
332.99842099	
332.99794820	
332.99761494	
332.99796897	
332.99866928	
332.99901442	
332.99919300	
332.99973457	
333.00016558	
333.00043169	
333.00088684	
333.00055786	
333.00003460	
332.99995276	
333.00020953	
333.00084035	
333.00110548	
333.00076348	
333.00029921	
332.99976146	
332.99942942	
332.99929523	
332.99943359	
332.99973566	
332.99985578	
332.99965861	
332.99911223	
332.99885944	
332.99937075	
332.99995295	
332.99996595	
333.00000108	
333.00000445	
333.00011366	
333.00036140	
333.00022901	
333.00002149	
332.99969293	
332.99947453	
332.99924327	
332.99913600	
332.99975410	
333.00047226	
333.00041285	
332.99991534	
332.99964318	
332.99969527	
333.00031830	
333.00063382	
333.00079270	
333.00091505	
333.00074812	
333.00020788	
332.99997954	
333.00030453	
332.99997681	
332.99951342	
332.99990175	
333.00016383	
332.99956267	
332.99895199	
332.99926894	
332.99958431	
332.99955824	
332.99936646	
332.99913063	
332.99973837	
332.99961390	
332.99923541	
332.99934494	
332.99954126	
332.99963478	
332.99916121	
332.99908585	
332.99914375	
332.99869189	
332.99873981	
332.99879837	
332.99840156	
332.99881523	
332.99912694	
332.99861484	
332.99836609	
332.99866468	
332.99864297	
332.99809438	
332.99833181	
332.99922364	
332.99963162	
332.99960491	
332.99960052	
332.99956350	
332.99926946	
332.99938379	
332.99918037	
332.99929607	
332.99997876	
333.00035400	
333.00084116	
333.00091245	
333.00064408	
333.00012558	
333.00006975	
333.00000606	
332.99989075	
332.99975942	
332.99999735	
333.00064129	
333.00039562	
333.00059877	
333.00117964	
333.00124629	
333.00083428	
333.00032137	
332.99985016	
332.99976774	
333.00023469	
333.00083865	
333.00072436	
333.00041980	
333.00013280	
332.99973280	
332.99986070	
332.99965041	
332.99987438	
332.99978611	
332.99927891	
332.99983496	
333.00061009	
333.00106300	
333.00135279	
333.00106273	
333.00028617	
333.00002760	
333.00000646	
332.99991058	
333.00026146	
333.00082722	
333.00135838	
333.00164419	
333.00144227	
333.00138376	
333.00181253	
333.00225987	
333.00210952	
333.00177212	
333.00189960	
333.00152469	
333.00073337	
333.00031455	
333.00032063	
332.99999235	
332.99965084	
332.99994660	
332.99997092	
333.00035183	
333.00061200	
333.00006847	
333.00027332	
333.00029246	
333.00020444	
333.00033855	
333.00004432	
332.99959926	
332.99936872	
332.99922864	
332.99876377	
332.99836645	
332.99839652	
332.99895785	
332.99878981	
332.99832474	
332.99825565	
332.99877489	
332.99968080	
333.00029509	
333.00055386	
333.00066667	
333.00065854	
333.00035725	
333.00040566	
333.00035316	
332.99974475	
332.99920564	
332.99866791	
332.99858129	
332.99850287	
332.99860332	
332.99935158	
333.00001516	
333.00042501	
333.00007633	
332.99991722	
333.00001702	
332.99988112	
333.00013192	
333.00028500	
332.99978267	
332.99920581	
332.99881105	
332.99852300	
332.99896963	
332.99936908	
332.99933816	
332.99905304	
332.99914004	
332.99959318	
332.99996140	
333.00051984	
333.00080009	
333.00068382	
333.00037198	
333.00023961	
333.00045475	
333.00090195	
333.00076047	
333.00003009	
332.99999650	
333.00054787	
333.00056491	
333.00008803	
332.99986383	
332.99955139	
332.99957256	
332.99951243	
332.99953903	
333.00005683	
333.00016814	
333.00007917	
333.00008362	
333.00059880	
333.00117818	
333.00117375	
333.00067600	
333.00019017	
333.00043749	
333.00074767	
333.00065467	
333.00033275	
332.99975680	
332.99939889	
332.99911153	
332.99932936	
332.99993726	
332.99998427	
333.00001917	
333.00030239	
333.00031584	
333.00004939	
332.99985906	
332.99993880	
332.99970240	
332.99912086	
332.99886924	
332.99884588	
332.99839499	
332.99869201	
332.99910167	
332.99907600	
332.99930619	
332.99928126	
332.99944078	
332.99953226	
332.99958868	
332.99995534	
333.00014300	
333.00010019	
333.00034721	
333.00008621	
332.99922283	
332.99901849	
332.99914584	
332.99912601	
332.99882780	
332.99900198	
332.99984032	
333.00053501	
333.00088986	
333.00112190	
333.00112949	
333.00098806	
333.00058155	
333.00012480	
333.00001120	
333.00038244	
333.00095163	
333.00139332	
333.00111846	
333.00055697	
333.00061514	
333.00025203	
332.99966340	
332.99972279	
332.99983655	
332.99953563	
332.99991740	
333.00021885	
333.00012874	
333.00006277	
332.99945092	
332.99882930	
332.99863663	
332.99916166	
332.99947619	
332.99898912	
332.99921969	
332.99997760	
333.00041167	
333.00065788	
333.00075211	
333.00044516	
333.00034361	
333.00024831	
333.00027254	
333.00059950	
333.00065443	
333.00028608	
333.00026758	
333.00013899	
332.99933230	
332.99963471	
332.99959668	
332.99875013	
332.99895622	
332.99984679	
333.00007167	
333.00010251	
333.00036656	
333.00062414	
333.00026613	
333.00025720	
333.00033113	
333.00030575	
333.00037523	
332.99997114	
333.00022762	
333.00031483	
332.99969351	
332.99901784	
332.99923117	
332.99981849	
333.00022793	
333.00021355	
332.99952647	
332.99952278	
332.99999268	
332.99980348	
332.99943293	
332.99937356	
332.99947166	
332.99933622	
332.99938440	
332.99928530	
332.99876993	
332.99831533	
332.99815031	
332.99871954	
332.99939408	
332.99936039	
332.99912157	
332.99917067	
332.99908982	
332.99908947	
332.99917460	
332.99889607	
332.99885817	
332.99888628	
332.99899072	
332.99938177	
332.99985414	
333.00057807	
333.00072274	
333.00013362	
332.99937689	
332.99958306	
332.99991426	
333.00019647	
333.00073312	
333.00080011	
333.00078797	
333.00111224	
333.00180415	
333.00226038	
333.00204221	
333.00128237	
333.00084029	
333.00042477	
333.00021582	
333.00059702	
333.00114942	
333.00105545	
333.00059506	
333.00056024	
333.00013149	
332.99964724	
332.99990979	
333.00041283	
333.00089553	
333.00113280	
333.00084899	
333.00057641	
333.00083644	
333.00128539	
333.00128371	
333.00119054	
333.00104138	
333.00102365	
333.00142255	
333.00193585	
333.00227176	
333.00259034	
333.00301056	
333.00251256	
333.00222951	
333.00238237	
333.00238023	
333.00199865	
333.00188337	
333.00175938	
333.00119723	
333.00146675	
333.00174190	
333.00146268	
333.00136081	
333.00104616	
333.00062712	
333.00076070	
333.00088644	
333.00051880	
333.00051291	
333.00104537	
333.00148365	
333.00190435	
333.00139526	
333.00131591	
333.00159689	
333.00155960	
333.00149417	
333.00120180	
333.00122365	
333.00077279	
333.00052279	
333.00071755	
333.00094470	
333.00084726	
333.00011864	
332.99986741	
332.99947967	
332.99929306	
332.99994773	
333.00061277	
333.00125614	
333.00185074	
333.00167055	
333.00145517	
333.00166694	
333.00173211	
333.00208145	
333.00225628	
333.00176422	
333.00129749	
333.00143948	
333.00178341	
333.00137340	
333.00117438	
333.00147298	
333.00173407	
333.00207363	
333.00229250	
333.00182490	
333.00155615	
333.00143243	
333.00137482	
333.00133450	
333.00103703	
333.00097228	
333.00078581	
333.00048129	
333.00025029	
332.99992205	
332.99965873	
332.99977136	
332.99966078	
332.99990400	
333.00045506	
333.00049700	
333.00009774	
333.00022815	
333.00002806	
332.99969449	
333.00002452	
333.00006475	
333.00022037	
333.00023350	
332.99976416	
332.99955603	
333.00001979	
333.00050911	
333.00004419	
332.99933184	
332.99966604	
333.00027669	
333.00055052	
333.00027029	
332.99980068	
332.99933452	
332.99910862	
332.99903867	
332.99926834	
333.00017897	
332.99994205	
332.99921057	
332.99866903	
332.99846635	
332.99884852	
332.99855843	
332.99784947	
332.99739100	
332.99722083	
332.99761602	
332.99785421	
332.99782253	
332.99772679	
332.99794838	
332.99783711	
332.99756223	
332.99758693	
332.99780817	
332.99783958	
332.99723133	
332.99762468	
332.99794029	
332.99744975	
332.99706799	
332.99751375	
332.99768108	
332.99778125	
332.99834494	
332.99875784	
332.99919681	
332.99892124	
332.99892330	
332.99941788	
332.99983797	
332.99988762	
332.99927700	
332.99912222	
332.99940821	
332.99977217	
333.00035182	
333.00071764	
333.00050646	
333.00055944	
333.00087877	
333.00085913	
333.00067808	
333.00060626	
333.00092032	
333.00082229	
333.00015169	
332.99956484	
332.99964039	
332.99944301	
332.99887312	
332.99923375	
332.99964406	
332.99958126	
333.00005429	
333.00055161	
333.00035199	
333.00041632	
333.00071724	
333.00087071	
333.00139910	
333.00120275	
333.00055977	
333.00037542	
333.00049162	
333.00053604	
333.00080081	
333.00088241	
333.00057141	
333.00092918	
333.00092139	
333.00039274	
333.00054765	
333.00054418	
333.00070671	
333.00076016	
333.00073916	
333.00127138	
333.00112078	
333.00103520	
333.00079064	
333.00000739	
333.00008939	
333.00070943	
333.00062855	
333.00088645	
333.00146200	
333.00157609	
333.00157576	
333.00174476	
333.00209397	
333.00239076	
333.00270248	
333.00218755	
333.00161113	
333.00205439	
333.00199423	
333.00205234	
333.00212261	
333.00143862	
333.00101050	
333.00096922	
333.00053060	
333.00001062	
332.99958331	
332.99936406	
332.99926439	
332.99928251	
332.99929786	
332.99870064	
332.99810480	
332.99749654	
332.99724275	
332.99727560	
332.99770570	
332.99859633	
332.99917787	
332.99942405	
332.99976577	
333.00020918	
333.00049678	
333.00035324	
333.00023663	
333.00032316	
333.00061064	
333.00113445	
333.00102405	
333.00055196	
333.00030868	
333.00019159	
333.00028679	
333.00007422	
332.99944355	
332.99915619	
332.99937122	
332.99950651	
332.99984003	
332.99970497	
332.99889543	
332.99842427	
332.99824094	
332.99838136	
332.99849618	
332.99818904	
332.99813958	
332.99854421	
332.99837618	
332.99817947	
332.99876403	
332.99881808	
332.99830395	
332.99828667	
332.99865905	
332.99842204	
332.99844448	
332.99914726	
332.99955925	
332.99992377	
333.00008270	
332.99967502	
332.99935606	
332.99905083	
332.99855732	
332.99882852	
332.99943834	
332.99944148	
332.99938749	
333.00001972	
333.00074968	
333.00067337	
333.00022680	
332.99996860	
332.99973872	
333.00010180	
333.00007422	
332.99946975	
332.99930872	
332.99944056	
332.99972333	
332.99950523	
332.99952677	
333.00013963	
333.00043237	
333.00029201	
333.00037654	
333.00028357	
332.99966764	
332.99907148	
332.99922289	
333.00011387	
333.00043312	
333.00081593	
333.00063014	
333.00048457	
333.00071816	
333.00001424	
333.00013602	
333.00076455	
333.00076448	
333.00084530	
333.00117407	
333.00143072	
333.00150081	
333.00154112	
333.00179307	
333.00175323	
333.00098319	
333.00077463	
333.00073676	
333.00079257	
333.00144931	
333.00156463	
333.00139828	
333.00115568	
333.00114940	
333.00096628	
333.00093564	
333.00121983	
333.00146567	
333.00189217	
333.00222511	
333.00247218	
333.00236457	
333.00174979	
333.00109948	
333.00053700	
333.00057726	
333.00127055	
333.00140588	
333.00147311	
333.00108761	
333.00068480	
333.00109017	
333.00162487	
333.00208030	
333.00198708	
333.00169161	
333.00189229	
333.00226267	
333.00208749	
333.00159286	
333.00100828	
333.00020929	
333.00032404	
333.00095265	
333.00056281	
332.99993375	
332.99963639	
332.99977263	
333.00015482	
333.00058293	
333.00048744	
333.00048247	
333.00077187	
333.00014038	
333.00008258	
333.00043482	
333.00075832	
333.00062372	
332.99990071	
332.99999421	
333.00061448	
333.00044787	
333.00051471	
333.00077730	
333.00056959	
333.00091956	
333.00125095	
333.00144198	
333.00146702	
333.00146575	
333.00108843	
333.00102125	
333.00091694	
333.00073440	
333.00096840	
333.00082222	
333.00101427	
333.00085152	
333.00001005	
332.99951265	
332.99908133	
332.99914315	
332.99918739	
332.99878619	
332.99874207	
332.99891197	
332.99939037	
333.00003122	
333.00041110	
333.00016924	
332.99987885	
332.99973698	
332.99953686	
332.99976983	
333.00002685	
333.00015366	
333.00004465	
332.99932461	
332.99895222	
332.99875829	
332.99852199	
332.99888343	
332.99906818	
332.99937191	
332.99994676	
333.00009188	
332.99989881	
332.99934374	
332.99955989	
333.00016638	
332.99983464	
332.99925917	
332.99917909	
332.99955775	
332.99980263	
332.99941953	
332.99877906	
332.99827494	
332.99866393	
332.99912127	
332.99910746	
332.99887331	
332.99907474	
332.99956205	
332.99975630	
332.99971191	
332.99906993	
332.99926329	
332.99987184	
332.99981211	
332.99933656	
332.99864435	
332.99867656	
332.99905753	
332.99919161	
332.99930056	
332.99940637	
332.99965082	
333.00009301	
333.00031337	
333.00008395	
332.99954389	
332.99942242	
332.99926417	
332.99910613	
332.99967374	
333.00012130	
333.00035390	
333.00050955	
333.00056982	
333.00053169	
333.00008946	
333.00018300	
333.00017556	
333.00001867	
333.00054529	
333.00030900	
333.00037278	
333.00092914	
333.00055734	
333.00019890	
333.00050923	
333.00037952	
333.00027780	
333.00045451	
333.00030631	
333.00040015	
333.00047836	
333.00050999	
333.00070986	
333.00094504	
333.00135999	
333.00148859	
333.00146344	
333.00185299	
333.00183950	
333.00118673	
333.00078423	
333.00035299	
333.00007331	
333.00046517	
333.00105124	
333.00071747	
333.00040129	
333.00029290	
332.99977831	
333.00002461	
333.00074691	
333.00085131	
333.00030016	
332.99964331	
332.99908943	
332.99903500	
332.99912929	
332.99868267	
332.99805400	
332.99774728	
332.99744336	
332.99771639	
332.99836306	
332.99879171	
332.99952138	
332.99959521	
332.99961317	
332.99982613	
332.99930523	
332.99910007	
332.99924159	
332.99965945	
333.00020090	
333.00057907	
333.00101910	
333.00142941	
333.00142633	
333.00084068	
333.00095813	
333.00139212	
333.00116387	
333.00121074	
333.00128966	
333.00117933	
333.00141602	
333.00164765	
333.00108765	
333.00053779	
333.00050753	
333.00031376	
333.00024863	
333.00059407	
333.00072524	
333.00040972	
333.00053465	
333.00095745	
333.00127555	
333.00113948	
333.00075029	
333.00061028	
333.00020867	
332.99971797	
332.99990725	
333.00020492	
333.00036812	
333.00062389	
333.00030525	
332.99998417	
333.00015235	
332.99981276	
332.99961550	
333.00008069	
333.00058172	
333.00030313	
332.99946321	
332.99934506	
332.99956695	
332.99977561	
332.99974575	
332.99922876	
332.99906361	
332.99887340	
332.99894225	
332.99963755	
332.99977202	
332.99919712	
332.99884431	
332.99909949	
332.99950579	
333.00004331	
332.99985879	
332.99970954	
333.00017282	
333.00006141	
332.99980819	
333.00021317	
333.00080434	
333.00060391	
333.00021807	
333.00060800	
333.00039246	
332.99946342	
332.99902349	
332.99941364	
333.00007403	
333.00047085	
333.00101612	
333.00120442	
333.00104314	
333.00063603	
333.00073254	
333.00076599	
332.99997982	
332.99992007	
332.99966139	
332.99903867	
332.99879044	
332.99895557	
332.99898988	
332.99861515	
332.99846473	
332.99842747	
332.99882188	
332.99935518	
332.99988971	
332.99972245	
332.99946903	
333.00004841	
333.00006261	
332.99933712	
332.99858661	
332.99799212	
332.99777529	
332.99811090	
332.99825872	
332.99839515	
332.99896258	
332.99885608	
332.99866981	
332.99879965	
332.99903484	
332.99970592	
332.99976116	
332.99980431	
333.00051404	
333.00076374	
333.00075849	
333.00098806	
333.00063500	
333.00056112	
333.00078010	
333.00083902	
333.00091629	
333.00071082	
333.00079718	
333.00092622	
333.00118268	
333.00108306	
333.00060572	
333.00029930	
333.00052797	
333.00052308	
333.00025052	
333.00006488	
332.99981277	
333.00030903	
333.00030242	
332.99991493	
332.99976659	
332.99987850	
333.00053335	
333.00075270	
333.00065951	
333.00080871	
333.00122097	
333.00148229	
333.00178939	
333.00210239	
333.00213931	
333.00189633	
333.00160789	
333.00186812	
333.00199126	
333.00135909	
333.00129210	
333.00120526	
333.00069651	
333.00109542	
333.00172717	
333.00221175	
333.00226517	
333.00160808	
333.00081235	
333.00085126	
333.00085385	
333.00031063	
333.00012657	
333.00058740	
333.00055634	
333.00047029	
333.00058428	
333.00008667	
332.99987754	
333.00005794	
333.00009731	
333.00004860	
332.99980423	
332.99971186	
332.99973033	
332.99911324	
332.99889887	
332.99930434	
332.99920901	
332.99908252	
332.99952704	
332.99944475	
332.99875658	
332.99841990	
332.99823022	
332.99852330	
332.99920483	
332.99911278	
332.99850665	
332.99801208	
332.99768141	
332.99777581	
332.99827651	
332.99861051	
332.99873103	
332.99854521	
332.99837814	
332.99832823	
332.99842086	
332.99904556	
332.99975749	
332.99981341	
333.00002683	
332.99984574	
332.99930830	
332.99969513	
332.99948527	
332.99882688	
332.99912785	
332.99906050	
332.99898373	
332.99899547	
332.99844923	
332.99825430	
332.99859193	
332.99932649	
332.99950549	
332.99902864	
332.99926089	
332.99998576	
333.00022583	
333.00023831	
333.00045655	
333.00024784	
333.00014312	
333.00006728	
333.00011993	
333.00046325	
332.99992879	
332.99976544	
332.99982850	
333.00017908	
333.00042846	
333.00023315	
333.00057190	
333.00094120	
333.00126600	
333.00099837	
333.00080192	
333.00116931	
333.00148587	
333.00114371	
333.00037057	
333.00061346	
333.00130901	
333.00142313	
333.00162401	
333.00152659	
333.00152220	
333.00211823	
333.00196381	
333.00156788	
333.00184242	
333.00161635	
333.00105809	
333.00123790	
333.00166529	
333.00172059	
333.00119705	
333.00116589	
333.00100001	
333.00043492	
333.00053816	
333.00046313	
333.00029688	
333.00051829	
333.00013961	
332.99993023	
333.00014218	
333.00019001	
333.00045139	
333.00077238	
333.00043827	
333.00047680	
333.00095461	
333.00091854	
333.00125615	
333.00178354	
333.00199428	
333.00204495	
333.00155734	
333.00143559	
333.00117260	
333.00038934	
333.00034356	
333.00083335	
333.00088906	
333.00055077	
333.00083919	
333.00091355	
333.00034498	
332.99989503	
332.99994610	
332.99956680	
332.99898558	
332.99895857	
332.99902557	
332.99925275	
332.99966721	
332.99936275	
332.99900823	
332.99889075	
332.99913202	
332.99933651	
332.99917878	
332.99929701	
332.99906786	
332.99851183	
332.99787351	
332.99792392	
332.99792451	
332.99761096	
332.99786353	
332.99805025	
332.99768379	
332.99771216	
332.99755653	
332.99699739	
332.99667931	
332.99649012	
332.99693673	
332.99751810	
332.99768676	
332.99807523	
332.99816244	
332.99793533	
332.99791746	
332.99749484	
332.99734335	
332.99728310	
332.99683206	
332.99671223	
332.99716693	
332.99715881	
332.99743702	
332.99768106	
332.99761713	
332.99840217	
332.99882443	
332.99887582	
332.99857543	
332.99786795	
332.99808621	
332.99808877	
332.99788132	
332.99798429	
332.99823413	
332.99847016	
332.99837612	
332.99886260	
332.99887581	
332.99907775	
332.99924379	
332.99868118	
332.99819368	
332.99767037	
332.99778745	
332.99802373	
332.99837987	
332.99861898	
332.99837777	
332.99823174	
332.99816449	
332.99841142	
332.99813554	
332.99773976	
332.99743946	
332.99770122	
332.99790040	
332.99744187	
332.99797536	
332.99865797	
332.99900759	
332.99895443	
332.99847082	
332.99828537	
332.99841877	
332.99886531	
332.99941362	
332.99927591	
332.99903403	
332.99872767	
332.99873835	
332.99937999	
332.99933755	
332.99929167	
332.99922498	
332.99886366	
332.99901252	
332.99923791	
332.99924235	
332.99904195	
332.99880683	
332.99889443	
332.99893618	
332.99918515	
332.99902192	
332.99835120	
332.99788903	
332.99822471	
332.99842430	
332.99837629	
332.99847364	
332.99801164	
332.99798579	
332.99827174	
332.99892617	
332.99974156	
332.99979620	
332.99997801	
333.00025219	
333.00010892	
332.99969454	
332.99985845	
333.00029649	
332.99975620	
332.99923155	
332.99879480	
332.99831991	
332.99865710	
332.99929829	
332.99958181	
332.99966287	
332.99978909	
332.99955839	
332.99888501	
332.99888684	
332.99884688	
332.99870085	
332.99895148	
332.99923064	
332.99924340	
332.99899615	
332.99865931	
332.99829715	
332.99883843	
332.99983563	
332.99988438	
333.00007574	
333.00060192	
333.00042753	
333.00060175	
333.00110088	
333.00136271	
333.00127660	
333.00130297	
333.00171559	
333.00204797	
333.00252092	
333.00231803	
333.00165762	
333.00145381	
333.00109526	
333.00090526	
333.00118787	
333.00091158	
333.00065942	
333.00086624	
333.00038325	
333.00006142	
333.00064709	
333.00127190	
333.00184403	
333.00246834	
333.00272198	
333.00212338	
333.00111592	
333.00096090	
333.00111071	
333.00118908	
333.00105525	
333.00100422	
333.00094880	
333.00087764	
333.00109578	
333.00127303	
333.00127965	
333.00123765	
333.00152725	
333.00188659	
333.00213392	
333.00173247	
333.00117723	
333.00070838	
333.00056884	
333.00038942	
333.00050248	
333.00041568	
332.99981079	
332.99954367	
332.99947019	
332.99991583	
333.00045673	
333.00037033	
333.00056204	
333.00102544	
333.00109081	
333.00098666	
333.00097333	
333.00135702	
333.00127589	
333.00078598	
333.00094109	
333.00153125	
333.00135816	
333.00138248	
333.00202335	
333.00219864	
333.00155565	
333.00147086	
333.00219338	
333.00249630	
333.00281222	
333.00308570	
333.00329066	
333.00294042	
333.00201062	
333.00145630	
333.00097560	
333.00078031	
333.00041276	
333.00027979	
333.00046456	
333.00000334	
332.99977241	
333.00031994	
333.00031042	
333.00010994	
332.99990348	
332.99960446	
332.99998043	
332.99983488	
332.99993211	
333.00004872	
332.99971702	
332.99978895	
333.00023168	
333.00034882	
332.99985525	
332.99982986	
332.99961865	
332.99960852	
333.00033103	
333.00089193	
333.00131952	
333.00101855	
333.00107074	
333.00100749	
333.00090682	
333.00159663	
333.00168302	
333.00159557	
333.00112917	
333.00057346	
333.00094147	
333.00083339	
333.00009801	
332.99983908	
332.99995922	
333.00005974	
332.99959901	
332.99949884	
332.99971042	
332.99933817	
332.99869840	
332.99827681	
332.99785883	
332.99746174	
332.99714382	
332.99730357	
332.99795884	
332.99831064	
332.99830016	
332.99842163	
332.99871287	
332.99871163	
332.99892307	
332.99885965	
332.99879882	
332.99931749	
332.99909578	
332.99917347	
332.99959175	
332.99992350	
332.99984511	
332.99987854	
333.00042944	
333.00036429	
332.99995397	
332.99994151	
333.00009319	
332.99944958	
332.99902524	
332.99884496	
332.99890402	
332.99879353	
332.99900704	
332.99957544	
332.99972162	
333.00022993	
333.00015764	
333.00023567	
333.00014207	
332.99944318	
332.99923819	
332.99944426	
332.99977046	
332.99953705	
332.99933879	
332.99907792	
332.99852045	
332.99824772	
332.99836161	
332.99836530	
332.99809824	
332.99766517	
332.99716099	
332.99746976	
332.99762420	
332.99734389	
332.99746068	
332.99765115	
332.99822203	
332.99826114	
332.99850165	
332.99891367	
332.99836258	
332.99855799	
332.99903588	
332.99933748	
332.99991896	
333.00009767	
333.00050091	
333.00094261	
333.00125479	
333.00180179	
333.00199383	
333.00186040	
333.00148401	
333.00080415	
333.00029054	
333.00058574	
333.00109853	
333.00075136	
333.00011949	
332.99957346	
332.99950433	
332.99945614	
332.99928442	
332.99972462	
332.99963639	
332.99894457	
332.99922653	
333.00022086	
333.00019366	
332.99979360	
332.99963101	
332.99967289	
332.99997815	
333.00001305	
333.00005423	
333.00006658	
333.00020335	
333.00059660	
333.00082691	
333.00129595	
333.00123319	
333.00038388	
333.00032910	
333.00042484	
333.00048955	
333.00065085	
333.00092529	
333.00145987	
333.00109770	
333.00101859	
333.00168108	
333.00151056	
333.00093604	
333.00068207	
333.00043967	
333.00003610	
333.00010921	
333.00000705	
332.99991655	
333.00030173	
333.00005096	
332.99959403	
332.99925683	
332.99890694	
332.99885415	
332.99871129	
332.99897509	
332.99991070	
332.99993100	
333.00013310	
333.00078685	
333.00085160	
333.00120892	
333.00131489	
333.00145251	
333.00182521	
333.00173958	
333.00169314	
333.00142526	
333.00137608	
333.00184106	
333.00190637	
333.00150801	
333.00161898	
333.00163454	
333.00136450	
333.00161004	
333.00121091	
333.00119450	
333.00162462	
333.00140277	
333.00157430	
333.00158751	
333.00159078	
333.00122695	
333.00093608	
333.00156019	
333.00182100	
333.00129648	
333.00046860	
333.00048174	
333.00078380	
333.00045577	
333.00032166	
333.00021581	
332.99961554	
332.99934339	
332.99989973	
333.00072119	
333.00103055	
333.00136896	
333.00127985	
333.00124928	
333.00130577	
333.00048718	
332.99976771	
332.99967356	
332.99964801	
332.99952965	
332.99983463	
332.99964463	
332.99942598	
332.99996669	
332.99985436	
332.99987049	
333.00069552	
333.00070541	
333.00033105	
333.00016212	
333.00025613	
333.00062409	
333.00048994	
333.00038997	
333.00038852	
333.00026318	
333.00051487	
333.00073829	
333.00053696	
333.00031991	
333.00049272	
333.00010717	
332.99946139	
332.99962826	
332.99949384	
332.99895635	
332.99918698	
332.99954365	
332.99912374	
332.99894471	
332.99965573	
333.00016964	
332.99989397	
332.99975397	
332.99993624	
333.00005334	
333.00057198	
333.00077296	
333.00060569	
333.00028577	
332.99951627	
332.99916768	
332.99933934	
332.99927195	
332.99897491	
332.99906345	
332.99908212	
332.99895137	
332.99882949	
332.99870755	
332.99910337	
332.99903340	
332.99867639	
332.99857267	
332.99823222	
332.99856387	
332.99855191	
332.99869273	
332.99947841	
332.99939165	
332.99958686	
332.99985607	
333.00008822	
333.00052825	
333.00009413	
333.00016786	
333.00039312	
332.99979021	
333.00007299	
333.00048313	
332.99989670	
332.99918860	
332.99930887	
332.99989486	
333.00026645	
333.00001382	
332.99996066	
332.99989588	
332.99998561	
333.00003873	
333.00015968	
333.00046812	
333.00015280	
332.99989300	
332.99989972	
332.99960798	
332.99956774	
332.99957933	
332.99965723	
333.00006514	
332.99975209	
332.99973517	
333.00008691	
332.99975366	
332.99972015	
333.00013630	
332.99984737	
332.99922653	
332.99933954	
333.00022319	
333.00067867	
333.00043025	
333.00032494	
333.00093129	
333.00114999	
333.00083018	
333.00097498	
333.00117326	
333.00093566	
333.00069941	
333.00062898	
333.00041015	
332.99988322	
332.99948674	
332.99926583	
332.99959150	
332.99951862	
332.99887127	
332.99866944	
332.99871837	
332.99875236	
332.99851935	
332.99874240	
332.99929720	
332.99982338	
333.00030843	
333.00057999	
333.00063682	
333.00044795	
333.00041076	
333.00047652	
333.00030869	
333.00039161	
333.00036291	
333.00019936	
332.99986723	
332.99956576	
332.99946113	
332.99970696	
333.00026370	
333.00072477	
333.00066490	
333.00012292	
333.00036770	
333.00071784	
333.00029970	
333.00040600	
333.00093845	
333.00058320	
333.00013908	
333.00019239	
333.00034090	
333.00030069	
333.00059665	
333.00113324	
333.00142323	
333.00146063	
333.00154585	
333.00200458	
333.00191950	
333.00161133	
333.00181054	
333.00217984	
333.00230112	
333.00225659	
333.00188011	
333.00146860	
333.00105270	
333.00082876	
333.00109996	
333.00083425	
333.00072928	
333.00051074	
333.00059102	
333.00063425	
333.00001157	
333.00014456	
333.00081266	
333.00063695	
333.00007280	
333.00027779	
333.00066675	
333.00073943	
333.00027879	
333.00033005	
333.00027911	
332.99983854	
333.00007326	
332.99980175	
332.99972721	
333.00045482	
333.00023637	
332.99978702	
333.00003736	
333.00049253	
333.00088663	
333.00069229	
333.00080085	
333.00078657	
333.00007730	
332.99974165	
333.00007131	
333.00029616	
333.00010544	
333.00039517	
333.00080338	
333.00113017	
333.00102058	
333.00064992	
333.00024101	
333.00013512	
333.00038320	
333.00018896	
332.99983232	
332.99963769	
332.99971797	
332.99995796	
333.00057350	
333.00110461	
333.00116546	
333.00126703	
333.00107862	
333.00097156	
333.00084424	
333.00024326	
333.00026827	
333.00052706	
333.00081673	
333.00071942	
333.00003647	
332.99944393	
332.99940753	
332.99972716	
332.99972635	
332.99958926	
332.99994460	
333.00062880	
333.00054718	
333.00054465	
333.00045313	
332.99982052	
332.99921304	
332.99865941	
332.99879856	
332.99940239	
332.99958589	
332.99981290	
333.00006748	
333.00013710	
333.00029672	
333.00012220	
332.99968340	
332.99985924	
333.00006568	
332.99957849	
332.99978986	
333.00010554	
332.99993681	
332.99988759	
333.00029240	
333.00029322	
332.99981258	
332.99957892	
332.99959271	
332.99994573	
332.99968096	
332.99903355	
332.99933500	
332.99934791	
332.99862921	
332.99833432	
332.99853225	
332.99919206	
332.99930602	
332.99867279	
332.99822686	
332.99858234	
332.99897548	
332.99913295	
332.99895773	
332.99919151	
332.99928526	
332.99936410	
332.99967405	
332.99985435	
333.00046198	
333.00004001	
332.99940311	
332.99938430	
332.99946286	
332.99929434	
332.99953212	
332.99938712	
332.99904855	
332.99955804	
332.99964736	
332.99973572	
333.00010812	
332.99983361	
332.99926110	
332.99900268	
332.99879196	
332.99858782	
332.99886125	
332.99871195	
332.99858249	
332.99853655	
332.99835423	
332.99828672	
332.99800326	
332.99841758	
332.99924694	
332.99949083	
332.99890464	
332.99876653	
332.99920879	
332.99909263	
332.99933416	
332.99982854	
332.99951520	
332.99891340	
332.99896195	
332.99880656	
332.99836518	
332.99841773	
332.99844083	
332.99843347	
332.99855120	
332.99844689	
332.99797213	
332.99758220	
332.99739508	
332.99765412	
332.99794753	
332.99837661	
332.99908356	
332.99949924	
332.99914787	
332.99892723	
332.99939301	
332.99974227	
332.99974881	
333.00013989	
333.00086498	
333.00068961	
333.00068543	
333.00112948	
333.00135081	
333.00115350	
333.00114173	
333.00101198	
333.00085383	
333.00101541	
333.00045506	
333.00054523	
333.00054264	
332.99991302	
332.99969310	
332.99971453	
332.99971751	
332.99929732	
332.99923621	
332.99904976	
332.99908522	
332.99984362	
332.99968508	
332.99919083	
332.99952771	
332.99967714	
332.99950914	
332.99996609	
332.99980411	
332.99905787	
332.99940401	
332.99992036	
332.99969288	
332.99929600	
332.99908384	
332.99944115	
332.99937294	
332.99907438	
332.99901162	
332.99913791	
332.99949519	
332.99953028	
332.99979997	
333.00008581	
333.00033831	
333.00035646	
332.99997625	
332.99999333	
332.99999195	
332.99945230	
332.99919757	
332.99897920	
332.99845626	
332.99794141	
332.99756244	
332.99736193	
332.99788646	
332.99811462	
332.99763998	
332.99793054	
332.99821088	
332.99821384	
332.99860866	
332.99919462	
332.99976441	
333.00024276	
333.00029881	
333.00053214	
333.00031062	
332.99979360	
332.99988240	
332.99949773	
332.99925066	
332.99942934	
332.99992091	
333.00063809	
333.00094467	
333.00110739	
333.00149266	
333.00188100	
333.00172856	
333.00117754	
333.00050997	
333.00068966	
333.00114836	
333.00071156	
333.00040458	
333.00059622	
333.00111026	
333.00144872	
333.00145806	
333.00192061	
333.00241695	
333.00235783	
333.00196006	
333.00176079	
333.00197707	
333.00218947	
333.00176164	
333.00180767	
333.00249686	
333.00256586	
333.00256395	
333.00269986	
333.00217685	
333.00153293	
333.00115246	
333.00123806	
333.00132194	
333.00062484	
333.00035332	
333.00072723	
333.00125575	
333.00105971	
333.00034378	
333.00003260	
332.99995261	
332.99978362	
332.99949266	
332.99958905	
333.00009657	
333.00080376	
333.00079028	
333.00005004	
332.99944367	
332.99904515	
332.99933743	
332.99995008	
333.00019294	
333.00015760	
333.00019501	
333.00045280	
333.00090070	
333.00109073	
333.00092102	
333.00035407	
333.00040885	
333.00081094	
333.00030346	
333.00048544	
333.00039131	
332.99987765	
332.99962750	
332.99924255	
332.99933771	
332.99901027	
332.99867615	
332.99873002	
332.99911614	
332.99952754	
332.99966298	
333.00016812	
332.99998943	
333.00004481	
333.00063307	
333.00060859	
333.00007018	
332.99985966	
333.00055698	
333.00122198	
333.00106260	
333.00114030	
333.00113150	
333.00091484	
333.00063450	
333.00056538	
333.00055501	
332.99980561	
332.99951208	
332.99990353	
333.00018776	
333.00048998	
333.00118489	
333.00169279	
333.00161846	
333.00168698	
333.00196440	
333.00183402	
333.00201463	
333.00199657	
333.00208546	
333.00263598	
333.00236978	
333.00222749	
333.00246585	
333.00241257	
333.00269477	
333.00227228	
333.00142831	
333.00141252	
333.00135795	
333.00092779	
333.00037888	
333.00029915	
333.00046542	
332.99997013	
332.99967019	
332.99954226	
332.99965836	
333.00033796	
333.00097059	
333.00061355	
332.99972460	
332.99973671	
332.99961140	
332.99924382	
332.99925008	
332.99951903	
332.99980662	
332.99939039	
332.99902320	
332.99887832	
332.99875497	
332.99914093	
332.99921560	
332.99857103	
332.99852708	
332.99931043	
332.99994056	
333.00045748	
333.00043951	
333.00010227	
333.00054430	
333.00045173	
333.00043700	
333.00095336	
333.00135141	
333.00118015	
333.00113243	
333.00130430	
333.00131044	
333.00113570	
333.00069289	
333.00100775	
333.00075600	
333.00037182	
333.00061529	
333.00018451	
332.99959824	
332.99993560	
333.00008656	
332.99968171	
332.99948037	
332.99973678	
332.99988735	
332.99946664	
332.99961250	
332.99971981	
332.99900711	
332.99835872	
332.99830950	
332.99850877	
332.99870744	
332.99939055	
332.99987966	
332.99963817	
332.99984773	
333.00014515	
333.00013058	
333.00014988	
332.99996012	
333.00026386	
333.00083758	
333.00066950	
333.00046976	
333.00096801	
333.00139608	
333.00182132	
333.00193515	
333.00188260	
333.00201205	
333.00230864	
333.00235893	
333.00192622	
333.00147484	
333.00081597	
333.00062417	
333.00050131	
333.00033053	
333.00043136	
333.00059150	
333.00093271	
333.00101491	
333.00069851	
333.00067133	
333.00060451	
333.00060332	
333.00060597	
333.00050582	
333.00016121	
332.99969143	
333.00005958	
333.00037916	
333.00031823	
333.00043399	
333.00044172	
332.99991296	
332.99949822	
332.99946783	
332.99979713	
332.99997994	
333.00011722	
333.00045275	
333.00064120	
333.00080870	
333.00066545	
333.00051969	
333.00089193	
333.00126853	
333.00106927	
333.00103827	
333.00105293	
333.00063771	
333.00031059	
332.99987158	
332.99957655	
332.99986020	
333.00013659	
333.00007367	
333.00031422	
333.00015695	
332.99933481	
332.99905549	
332.99913276	
332.99877989	
332.99897380	
332.99895797	
332.99877967	
332.99878359	
332.99873179	
332.99930118	
332.99912836	
332.99860311	
332.99824170	
332.99793931	
332.99784741	
332.99753379	
332.99744723	
332.99815916	
332.99896900	
332.99901969	
332.99904022	
332.99908444	
332.99884309	
332.99907701	
332.99957341	
332.99935021	
332.99863518	
332.99801845	
332.99829026	
332.99877962	
332.99919127	
332.99985500	
332.99997601	
332.99947636	
332.99941628	
332.99969958	
332.99911042	
332.99839870	
332.99870186	
332.99904603	
332.99852073	
332.99824043	
332.99815622	
332.99819656	
332.99801130	
332.99746176	
332.99701771	
332.99691788	
332.99732906	
332.99754893	
332.99720262	
332.99749092	
332.99808852	
332.99858468	
332.99909438	
332.99894729	
332.99875093	
332.99841882	
332.99853553	
332.99894679	
332.99907974	
332.99888052	
332.99898208	
332.99918560	
332.99882478	
332.99885198	
332.99906809	
332.99880887	
332.99868025	
332.99918174	
332.99964881	
333.00002879	
332.99990662	
332.99926160	
332.99862890	
332.99879242	
332.99954476	
332.99951925	
332.99961238	
332.99999358	
332.99980730	
332.99993227	
333.00055161	
333.00103904	
333.00092277	
333.00087954	
333.00062043	
333.00041736	
333.00030654	
332.99962447	
332.99932370	
332.99916457	
332.99941384	
332.99979387	
332.99951608	
332.99983294	
333.00021761	
333.00020625	
333.00056565	
333.00060541	
333.00043973	
333.00063904	
333.00071362	
333.00082138	
333.00079934	
333.00097484	
333.00105134	
333.00081528	
333.00097774	
333.00107328	
333.00083903	
333.00104460	
333.00131204	
333.00087953	
333.00026425	
332.99984073	
332.99974984	
332.99991825	
333.00025837	
332.99993276	
332.99971627	
332.99958672	
332.99975100	
332.99987348	
332.99986466	
333.00003260	
333.00004335	
333.00012316	
333.00021740	
332.99995355	
332.99970433	
333.00005805	
333.00021177	
332.99994621	
332.99946561	
332.99912965	
332.99866171	
332.99815149	
332.99785288	
332.99763956	
332.99781513	
332.99846881	
332.99918090	
332.99948000	
332.99943435	
332.99934961	
332.99916113	
332.99947521	
332.99938583	
332.99898410	
332.99932262	
332.99909946	
332.99885126	
332.99918117	
332.99948380	
332.99931236	
332.99930575	
332.99915494	
332.99887279	
332.99923233	
332.99919788	
332.99933646	
332.99979279	
333.00036892	
333.00090828	
333.00051838	
333.00059317	
333.00093870	
333.00092240	
333.00145930	
333.00146717	
333.00157304	
333.00149965	
333.00056423	
333.00060010	
333.00076324	
333.00043600	
333.00038350	
333.00083356	
333.00100895	
333.00103159	
333.00089172	
333.00067717	
333.00083460	
333.00085505	
333.00118494	
333.00118935	
333.00125740	
333.00095987	
333.00050136	
333.00011965	
332.99933926	
332.99877078	
332.99886449	
332.99957488	
332.99982692	
333.00025957	
333.00103217	
333.00114949	
333.00054415	
332.99976054	
332.99996985	
333.00033747	
333.00065833	
333.00111359	
333.00055676	
333.00001414	
332.99964118	
332.99975731	
332.99987107	
332.99962552	
333.00010369	
332.99998011	
332.99984469	
333.00025347	
333.00056962	
333.00109889	
333.00102947	
333.00117608	
333.00172994	
333.00121909	
333.00071240	
333.00027024	
332.99990230	
332.99980338	
332.99940790	
332.99906488	
332.99859139	
332.99823516	
332.99871075	
332.99891431	
332.99831421	
332.99816692	
332.99854502	
332.99895102	
332.99897677	
332.99878156	
332.99864355	
332.99832143	
332.99857195	
332.99938666	
332.99957289	
332.99962410	
332.99962978	
332.99941795	
332.99960906	
332.99979102	
332.99995945	
333.00051052	
333.00101298	
333.00119519	
333.00123609	
333.00077299	
333.00016146	
332.99983802	
332.99945895	
332.99964225	
333.00012118	
332.99989684	
332.99985267	
333.00013151	
332.99962100	
332.99920978	
332.99883433	
332.99876185	
332.99866765	
332.99810649	
332.99777187	
332.99786201	
332.99794079	
332.99812887	
332.99814479	
332.99749185	
332.99705743	
332.99697765	
332.99739866	
332.99750649	
332.99731200	
332.99782712	
332.99826826	
332.99857664	
332.99870563	
332.99888405	
332.99954750	
332.99979395	
333.00022183	
333.00021245	
333.00027938	
333.00105526	
333.00130864	
333.00109720	
333.00058569	
333.00066789	
333.00108012	
333.00070857	
333.00060258	
333.00047602	
333.00055680	
333.00114266	
333.00078726	
333.00087293	
333.00110645	
333.00096442	
333.00109256	
333.00102150	
333.00074064	
333.00018246	
332.99999323	
332.99976428	
332.99942695	
332.99928650	
332.99926843	
332.99913916	
332.99916606	
332.99928191	
332.99934466	
332.99999832	
332.99989357	
332.99916911	
332.99916395	
332.99957536	
332.99997832	
333.00047326	
333.00034725	
332.99985275	
332.99941347	
332.99902366	
332.99907256	
332.99952839	
332.99978461	
332.99948453	
332.99906972	
332.99925515	
332.99945039	
332.99975022	
333.00022697	
333.00062095	
333.00071684	
333.00036536	
333.00043557	
333.00068853	
333.00071637	
333.00096956	
333.00167403	
333.00160237	
333.00093470	
333.00037989	
333.00007914	
333.00022545	
333.00079256	
333.00066621	
333.00044161	
333.00062711	
333.00083918	
333.00133070	
333.00115362	
333.00037085	
