332.99988003	
333.00028586	
333.00064151	
333.00116027	
333.00074723	
333.00006008	
332.99980062	
332.99949508	
332.99931277	
332.99985000	
333.00030237	
333.00049234	
333.00095830	
333.00098461	
333.00063829	
333.00023758	
333.00007634	
333.00058871	
333.00113675	
333.00138281	
333.00177880	
333.00158660	
333.00127536	
333.00093481	
333.00008138	
332.99987024	
333.00010512	
333.00047574	
333.00042098	
332.99991621	
332.99938859	
332.99916878	
332.99946115	
332.99962981	
333.00006147	
333.00079480	
333.00090685	
333.00079653	
333.00089910	
333.00124139	
333.00121402	
333.00107466	
333.00120673	
333.00120836	
333.00110299	
333.00096737	
333.00069223	
333.00032679	
333.00013250	
332.99999984	
332.99967709	
332.99978692	
333.00042984	
333.00078697	
333.00104037	
333.00113857	
333.00062560	
332.99997447	
332.99998217	
333.00048179	
333.00113695	
333.00094135	
333.00063822	
333.00088920	
333.00128778	
333.00121916	
333.00048371	
333.00036279	
333.00037077	
333.00014606	
333.00012120	
333.00008060	
333.00025124	
333.00018615	
333.00033166	
333.00078579	
333.00039989	
332.99994775	
332.99952982	
332.99969124	
333.00038587	
333.00066998	
333.00055712	
333.00045482	
333.00058528	
333.00032398	
333.00020333	
333.00021679	
332.99998383	
332.99992330	
332.99965336	
332.99968085	
333.00022766	
333.00052184	
333.00045012	
333.00009163	
332.99974235	
332.99969760	
333.00015581	
333.00039710	
333.00054054	
333.00027957	
332.99979463	
332.99984153	
332.99979419	
333.00003029	
333.00060666	
333.00045230	
332.99968971	
332.99979720	
332.99976635	
332.99947566	
332.99980331	
333.00019495	
333.00024401	
333.00044255	
333.00038549	
332.99977161	
332.99931560	
332.99884321	
332.99890165	
332.99895354	
332.99918650	
332.99949811	
332.99937499	
332.99938109	
332.99944122	
332.99964156	
333.00012949	
333.00079242	
333.00135149	
333.00149130	
333.00149497	
333.00108401	
333.00071391	
333.00097041	
333.00134823	
333.00104494	
333.00030567	
332.99970421	
332.99936693	
332.99927574	
332.99911271	
332.99873417	
332.99848270	
332.99881333	
332.99923699	
332.99897180	
332.99891448	
332.99918330	
332.99959739	
333.00009503	
332.99959627	
332.99914356	
332.99912218	
332.99930026	
332.99962810	
332.99978129	
332.99933189	
332.99859204	
332.99839174	
332.99881337	
332.99892765	
332.99886075	
332.99885522	
332.99873711	
332.99846859	
332.99855070	
332.99850915	
332.99855941	
332.99948821	
332.99996391	
333.00006518	
332.99990210	
333.00014617	
333.00020526	
332.99960022	
332.99899961	
332.99839833	
332.99874286	
332.99930144	
332.99958210	
333.00008358	
332.99998204	
332.99976133	
332.99953932	
332.99916741	
332.99914864	
332.99915547	
332.99872829	
332.99885504	
332.99958763	
332.99966289	
332.99920403	
332.99909929	
332.99937485	
332.99897970	
332.99843444	
332.99806254	
332.99777267	
332.99815644	
332.99844739	
332.99869439	
332.99942585	
332.99931651	
332.99917896	
332.99960344	
333.00006195	
333.00055877	
333.00042703	
333.00058024	
333.00131996	
333.00111068	
333.00072117	
333.00034265	
333.00029812	
333.00079028	
333.00033542	
332.99974039	
332.99975236	
333.00023853	
333.00039801	
333.00066351	
333.00064733	
333.00066543	
333.00125606	
333.00154344	
333.00136824	
333.00087516	
333.00105497	
333.00122703	
333.00062417	
333.00016961	
333.00060077	
333.00079983	
333.00036942	
333.00028208	
333.00045984	
333.00031075	
333.00055286	
333.00083706	
333.00099014	
333.00131732	
333.00098180	
333.00111597	
333.00139712	
333.00080460	
333.00024418	
333.00021516	
332.99994238	
332.99943144	
332.99915411	
332.99880258	
332.99874546	
332.99936266	
332.99988809	
333.00008946	
333.00018106	
332.99980220	
333.00001654	
333.00080711	
333.00052778	
332.99973510	
332.99987767	
333.00058807	
333.00079833	
333.00038607	
333.00036290	
333.00091504	
333.00102275	
333.00096738	
333.00072553	
333.00034631	
333.00044633	
333.00041734	
332.99990568	
332.99994357	
333.00009685	
332.99974273	
332.99937086	
332.99893405	
332.99858494	
332.99890823	
332.99905697	
332.99915826	
332.99939878	
332.99935235	
332.99955269	
332.99920362	
332.99908994	
332.99933304	
332.99919019	
332.99923946	
332.99975865	
333.00031092	
333.00030826	
332.99972427	
332.99976217	
333.00050903	
333.00099581	
333.00059457	
333.00056777	
333.00070780	
333.00055494	
333.00057180	
333.00039548	
333.00053259	
333.00070330	
333.00082355	
333.00057491	
333.00072452	
333.00091824	
333.00022575	
333.00031952	
333.00028488	
333.00004880	
333.00014432	
332.99976158	
332.99959264	
332.99948314	
332.99919238	
332.99906077	
332.99957356	
333.00014149	
333.00008828	
333.00000699	
332.99975428	
332.99955754	
332.99939787	
332.99913157	
332.99943513	
332.99967635	
332.99935774	
332.99874237	
332.99880914	
332.99897458	
332.99905444	
332.99895347	
332.99842686	
332.99831825	
332.99835808	
332.99863380	
332.99843103	
332.99846153	
332.99865474	
332.99878744	
332.99882118	
332.99867872	
332.99890235	
332.99935706	
333.00014413	
333.00042115	
333.00064276	
333.00122351	
333.00185488	
333.00235583	
333.00218777	
333.00196112	
333.00223365	
333.00190317	
333.00122040	
333.00112853	
333.00077247	
333.00036169	
333.00048105	
333.00006398	
332.99968043	
332.99934565	
332.99901833	
332.99943841	
332.99959531	
332.99945738	
332.99949442	
332.99934416	
332.99941310	
332.99936759	
332.99935967	
333.00003382	
333.00066613	
333.00050675	
332.99979933	
332.99929100	
332.99919006	
332.99947085	
332.99934684	
332.99955606	
333.00018635	
333.00006489	
333.00023085	
333.00013896	
332.99950798	
332.99915197	
332.99950023	
333.00000092	
333.00042092	
333.00101096	
333.00124806	
333.00120307	
333.00124255	
333.00173952	
333.00162252	
333.00144339	
333.00179590	
333.00172569	
333.00110741	
333.00037822	
333.00037862	
333.00071078	
333.00096466	
333.00101057	
333.00064756	
333.00042095	
333.00012229	
332.99972639	
332.99954897	
332.99927474	
332.99904149	
332.99950463	
332.99980691	
332.99995483	
333.00001179	
333.00027888	
333.00091360	
333.00095092	
333.00092342	
333.00050021	
333.00034651	
333.00016421	
332.99952807	
332.99908774	
332.99927983	
332.99926750	
332.99899841	
332.99962250	
332.99995580	
332.99993258	
333.00030745	
333.00045905	
332.99994468	
333.00007846	
333.00062754	
333.00110814	
333.00093715	
333.00062458	
333.00038098	
333.00010820	
333.00058441	
333.00095500	
333.00058453	
332.99996150	
333.00023904	
333.00072370	
333.00058754	
333.00055501	
333.00092037	
333.00057775	
332.99979776	
332.99998267	
332.99993445	
332.99963656	
333.00013570	
333.00000718	
333.00012619	
333.00049293	
333.00015280	
332.99958149	
332.99889176	
332.99863188	
332.99865719	
332.99897857	
332.99936966	
332.99995475	
333.00014258	
332.99957102	
332.99907941	
332.99930484	
332.99922937	
332.99932367	
333.00022379	
333.00073005	
333.00098426	
333.00053651	
332.99997812	
332.99947861	
332.99942688	
333.00007854	
333.00023446	
333.00040300	
333.00032481	
332.99986268	
332.99960205	
332.99985693	
333.00022959	
333.00052042	
333.00037819	
332.99974092	
332.99941857	
332.99941489	
332.99944936	
332.99904244	
332.99907591	
332.99971446	
333.00028892	
333.00086693	
333.00060550	
332.99991790	
333.00024611	
333.00048434	
333.00038210	
333.00025380	
333.00025914	
333.00007086	
332.99936966	
332.99899098	
332.99883734	
332.99864388	
332.99854433	
332.99868693	
332.99923799	
332.99985054	
332.99964027	
332.99957871	
333.00015792	
333.00013075	
332.99980764	
332.99930867	
332.99879789	
332.99889895	
332.99923205	
332.99980997	
333.00025760	
333.00040620	
333.00053808	
333.00096888	
333.00103188	
333.00095536	
333.00152490	
333.00165584	
333.00099709	
333.00054043	
333.00038476	
332.99980223	
333.00001649	
333.00035113	
333.00060967	
333.00105450	
333.00128758	
333.00138437	
333.00103650	
333.00134613	
333.00122559	
333.00027753	
333.00028377	
333.00015226	
332.99994531	
333.00029391	
333.00041626	
333.00047710	
333.00022882	
333.00020167	
333.00032526	
332.99988243	
332.99973500	
332.99959204	
332.99915687	
332.99910501	
332.99924139	
332.99939441	
332.99978702	
333.00027295	
333.00062394	
333.00067867	
333.00019280	
333.00014311	
333.00053794	
333.00027021	
333.00016867	
333.00030573	
333.00004716	
332.99953020	
332.99969938	
333.00033971	
332.99992902	
332.99968389	
333.00020173	
333.00003960	
332.99946839	
332.99900459	
332.99891949	
332.99927449	
332.99981044	
333.00028984	
333.00019518	
333.00053904	
333.00075666	
333.00045610	
333.00004471	
333.00017390	
333.00096341	
333.00091047	
333.00025688	
333.00008997	
333.00039167	
333.00040691	
332.99984275	
332.99922176	
332.99917188	
332.99909630	
332.99870973	
332.99824836	
332.99825652	
332.99827265	
332.99815494	
332.99839721	
332.99855592	
332.99884369	
332.99904835	
332.99906250	
332.99895523	
332.99895066	
332.99952763	
333.00014962	
333.00064785	
333.00115215	
333.00136709	
333.00100617	
333.00063827	
333.00097499	
333.00119474	
333.00095926	
333.00102393	
333.00084228	
333.00091545	
333.00127073	
333.00139116	
333.00197381	
333.00172122	
333.00124533	
333.00092313	
333.00044197	
333.00002122	
332.99976542	
333.00024821	
333.00042693	
333.00032652	
333.00037965	
333.00012072	
332.99974235	
332.99983119	
332.99997278	
332.99953204	
332.99916355	
332.99906961	
332.99939102	
333.00003662	
333.00015596	
332.99986727	
332.99942439	
332.99959137	
332.99974034	
332.99926863	
332.99878450	
332.99830453	
332.99819739	
332.99879121	
332.99963446	
332.99983586	
332.99959509	
332.99962795	
332.99962565	
332.99906893	
332.99869493	
332.99894096	
332.99926485	
332.99958691	
333.00016517	
333.00071259	
333.00038708	
333.00038153	
333.00089779	
333.00126939	
333.00116611	
333.00041856	
333.00010501	
333.00023677	
333.00067785	
333.00048431	
333.00039021	
333.00099412	
333.00069649	
333.00052890	
333.00037831	
333.00035284	
333.00070006	
333.00035106	
332.99979518	
332.99966442	
332.99995327	
333.00000652	
332.99956298	
332.99885238	
332.99846515	
332.99865410	
332.99942016	
333.00013616	
333.00068720	
333.00059440	
333.00008190	
332.99968625	
332.99983084	
332.99975221	
332.99988023	
333.00041276	
333.00042849	
333.00052210	
333.00011273	
333.00024153	
333.00027115	
332.99966599	
332.99931897	
332.99931466	
332.99992573	
332.99975160	
332.99907198	
332.99904907	
332.99912278	
332.99880240	
332.99861295	
332.99920502	
332.99959420	
332.99917106	
332.99880665	
332.99837572	
332.99788942	
332.99786854	
332.99766360	
332.99731983	
332.99770987	
332.99845120	
332.99906965	
332.99948311	
332.99983867	
332.99969223	
332.99941760	
332.99941238	
332.99925683	
332.99940696	
332.99951862	
332.99934282	
332.99918486	
332.99921430	
332.99887906	
332.99864694	
332.99881605	
332.99906986	
332.99894373	
332.99839453	
332.99884027	
332.99944811	
332.99972203	
333.00010103	
332.99980550	
332.99994010	
333.00071707	
333.00060128	
333.00031690	
333.00039536	
333.00046504	
333.00006032	
332.99966093	
332.99952979	
332.99912465	
332.99890537	
332.99860399	
332.99849304	
332.99872570	
332.99923600	
332.99921693	
332.99867512	
332.99909712	
332.99922237	
332.99900659	
332.99878937	
332.99882361	
332.99877872	
332.99829446	
332.99823487	
332.99862176	
332.99862503	
332.99843982	
332.99867242	
332.99856086	
332.99819952	
332.99852699	
332.99949105	
332.99936676	
332.99915133	
332.99970865	
332.99959474	
332.99924882	
332.99903468	
332.99920654	
332.99995518	
333.00037433	
333.00056830	
333.00047855	
333.00021098	
332.99990733	
332.99959693	
332.99992017	
333.00033575	
333.00033151	
333.00075807	
333.00124819	
333.00082571	
333.00064885	
333.00085868	
333.00091992	
333.00140266	
333.00189704	
333.00209914	
333.00223316	
333.00216112	
333.00180793	
333.00141791	
333.00169798	
333.00209663	
333.00194890	
333.00160136	
333.00164893	
333.00170292	
333.00138015	
333.00105782	
333.00089291	
333.00080238	
333.00115831	
333.00108277	
333.00035325	
332.99982838	
332.99911606	
332.99903518	
332.99954276	
332.99967325	
332.99981875	
332.99994181	
332.99974430	
332.99984751	
332.99984293	
333.00005402	
333.00052358	
333.00090997	
333.00073678	
333.00045838	
333.00047767	
333.00016926	
332.99983567	
333.00021969	
333.00039765	
333.00038688	
333.00073884	
333.00063463	
333.00074839	
333.00057189	
333.00042660	
333.00054159	
333.00014921	
333.00012943	
333.00040205	
333.00007249	
333.00018009	
333.00048712	
333.00010067	
332.99950899	
332.99941554	
332.99969123	
332.99993441	
332.99978829	
332.99944926	
332.99950429	
332.99930896	
332.99911592	
332.99904567	
332.99929933	
332.99957045	
332.99946883	
332.99983964	
333.00006473	
332.99987614	
332.99980474	
332.99973010	
332.99988368	
332.99972479	
332.99943270	
332.99989465	
333.00016792	
332.99968404	
332.99956732	
332.99932943	
332.99888776	
332.99869519	
332.99887779	
332.99932977	
332.99959271	
332.99953778	
332.99983518	
332.99984988	
332.99952124	
332.99928970	
332.99882168	
332.99913416	
332.99955401	
332.99997024	
333.00028863	
332.99999497	
333.00020803	
333.00087557	
333.00057743	
333.00025823	
333.00015086	
332.99971358	
332.99972081	
332.99945294	
332.99952950	
333.00009823	
333.00044744	
333.00023840	
333.00028438	
333.00099956	
333.00085760	
333.00025027	
332.99974974	
332.99943401	
332.99971790	
332.99959881	
332.99932199	
332.99958411	
332.99929345	
332.99909090	
332.99905133	
332.99941093	
333.00024366	
333.00075448	
333.00106154	
333.00130991	
333.00095914	
333.00085537	
333.00146349	
333.00195382	
333.00217704	
333.00181858	
333.00121007	
333.00060742	
333.00005829	
332.99976200	
332.99976381	
333.00021928	
333.00033075	
332.99980478	
332.99954931	
332.99992690	
333.00038058	
333.00026614	
333.00019654	
333.00050960	
333.00061984	
333.00013498	
333.00028107	
333.00065369	
333.00004720	
333.00019363	
333.00112073	
333.00174577	
333.00165803	
333.00089057	
333.00052673	
333.00051527	
333.00054173	
333.00040976	
333.00038012	
333.00087649	
333.00086113	
333.00013806	
332.99987625	
333.00006382	
333.00010045	
332.99995590	
332.99943305	
332.99900537	
332.99929900	
332.99952316	
332.99938922	
332.99919537	
332.99919729	
332.99911373	
332.99862484	
332.99898804	
332.99996259	
333.00066923	
333.00089424	
333.00081887	
333.00105278	
333.00115954	
333.00088929	
333.00055625	
333.00076713	
333.00100770	
333.00077782	
333.00084079	
333.00056379	
333.00046834	
333.00076904	
333.00065869	
333.00040133	
332.99994976	
332.99960369	
332.99913483	
332.99884944	
332.99942969	
332.99963116	
332.99985496	
332.99990647	
332.99947045	
332.99948540	
332.99927914	
332.99919014	
332.99908142	
332.99938930	
332.99934838	
332.99918611	
332.99915512	
332.99925167	
332.99955115	
332.99906113	
332.99927777	
332.99958262	
332.99982398	
332.99984289	
332.99933898	
332.99978334	
332.99975734	
332.99940268	
333.00005254	
333.00031209	
333.00053928	
333.00054983	
333.00008189	
333.00019552	
332.99993178	
332.99973832	
333.00017406	
333.00033658	
333.00005139	
332.99999062	
333.00051484	
333.00118321	
333.00179961	
333.00200253	
333.00190900	
333.00176621	
333.00143331	
333.00101404	
333.00062723	
333.00051828	
333.00043153	
333.00037733	
333.00045658	
333.00052646	
333.00083974	
333.00145367	
333.00196791	
333.00204255	
333.00158626	
333.00108079	
333.00095077	
333.00086968	
333.00123442	
333.00169217	
333.00154093	
333.00138443	
333.00111693	
333.00073342	
333.00026644	
332.99995992	
332.99980261	
332.99972933	
333.00032826	
333.00045042	
333.00023527	
333.00052870	
333.00034901	
333.00027663	
333.00098390	
333.00119466	
333.00103729	
333.00144208	
333.00130252	
333.00055411	
333.00055151	
333.00105391	
333.00152095	
333.00133515	
333.00129956	
333.00149921	
333.00161024	
333.00191370	
333.00199319	
333.00171669	
333.00179724	
333.00206876	
333.00186829	
333.00207444	
333.00182194	
333.00143427	
333.00119576	
333.00055806	
333.00038108	
333.00036563	
333.00077071	
333.00124255	
333.00089954	
333.00043041	
333.00059191	
333.00122392	
333.00145872	
333.00091056	
333.00023314	
332.99999859	
332.99985263	
332.99999010	
333.00023710	
333.00017799	
333.00005819	
333.00041756	
333.00059119	
333.00073508	
333.00118530	
333.00099733	
333.00092079	
333.00136708	
333.00165093	
333.00180990	
333.00147286	
333.00090097	
333.00067061	
333.00087455	
333.00066551	
332.99987697	
332.99942199	
332.99959709	
333.00008766	
332.99979846	
332.99935768	
332.99928763	
332.99978584	
333.00050114	
333.00028360	
332.99965691	
332.99984443	
332.99983484	
332.99963251	
332.99987114	
333.00027953	
333.00012106	
332.99959091	
332.99940147	
332.99950067	
333.00005084	
333.00034722	
333.00056826	
333.00057604	
333.00059284	
333.00074112	
333.00059276	
333.00004547	
332.99996060	
333.00031995	
333.00021273	
332.99999015	
332.99968401	
332.99987793	
333.00020916	
333.00051663	
333.00106544	
333.00070379	
333.00066076	
333.00052502	
333.00008678	
333.00010441	
332.99952263	
332.99908501	
332.99902065	
332.99909507	
332.99955912	
332.99971712	
332.99990081	
332.99978009	
332.99958385	
332.99976489	
332.99951513	
332.99929753	
332.99878995	
332.99863950	
332.99895886	
332.99902403	
332.99942080	
332.99947994	
332.99938006	
332.99957947	
332.99923195	
332.99919295	
332.99978054	
333.00014531	
333.00021263	
333.00054999	
333.00091629	
333.00114869	
333.00093083	
333.00105855	
333.00152490	
333.00126959	
333.00052712	
333.00040427	
333.00033259	
333.00031578	
333.00041763	
332.99998601	
332.99971122	
332.99953034	
332.99974106	
332.99975588	
332.99947467	
332.99961654	
333.00023089	
333.00064483	
333.00081097	
333.00114615	
333.00121305	
333.00147242	
333.00168865	
333.00169669	
333.00186936	
333.00146442	
333.00123392	
333.00103869	
333.00023007	
332.99948931	
332.99939156	
332.99986977	
333.00002545	
333.00022495	
333.00003706	
333.00002225	
333.00039771	
333.00052615	
333.00050950	
333.00011930	
332.99973116	
332.99913900	
332.99870700	
332.99913051	
332.99996168	
333.00030295	
333.00038779	
333.00044100	
333.00078352	
333.00137822	
333.00168966	
333.00169308	
333.00192082	
333.00234041	
333.00256310	
333.00214398	
333.00123470	
333.00053218	
333.00049430	
333.00108108	
333.00082449	
333.00019207	
332.99987296	
332.99972453	
332.99958604	
332.99904167	
332.99848420	
332.99801647	
332.99778837	
332.99826967	
332.99905661	
332.99950573	
332.99979722	
332.99987988	
332.99944358	
332.99922601	
332.99910891	
332.99911356	
332.99968853	
333.00021066	
333.00080781	
333.00091447	
333.00086240	
333.00072729	
333.00074244	
333.00120905	
333.00146241	
333.00146748	
333.00108353	
333.00065529	
333.00055829	
333.00051193	
333.00005573	
332.99999188	
332.99996456	
332.99964609	
332.99924117	
332.99882941	
332.99883497	
332.99926544	
332.99926828	
332.99872999	
332.99858314	
332.99892465	
332.99908237	
332.99889099	
332.99895457	
332.99936359	
332.99970520	
332.99945559	
332.99943494	
332.99957222	
332.99988597	
332.99967421	
332.99883522	
332.99914465	
332.99928648	
332.99939071	
332.99993309	
333.00004134	
333.00039917	
333.00048211	
332.99995642	
332.99927224	
332.99939343	
332.99978319	
332.99952527	
332.99974204	
333.00048672	
333.00089560	
333.00071052	
333.00036437	
332.99984482	
332.99908049	
332.99904874	
332.99923811	
332.99926011	
332.99924993	
332.99930653	
332.99978407	
332.99962584	
332.99910975	
332.99916773	
332.99921297	
332.99871385	
332.99823392	
332.99847071	
332.99841493	
332.99776850	
332.99778378	
332.99819635	
332.99815721	
332.99847543	
332.99921751	
332.99972122	
332.99996319	
333.00034890	
333.00046989	
333.00051624	
333.00052027	
333.00040974	
333.00024744	
332.99978804	
332.99973085	
332.99949682	
332.99965751	
332.99982451	
332.99951165	
332.99942006	
332.99949007	
332.99916975	
332.99843207	
332.99804091	
332.99762353	
332.99712330	
332.99724819	
332.99758056	
332.99776283	
332.99834339	
332.99907713	
332.99943718	
332.99957548	
332.99974952	
332.99967158	
332.99929127	
332.99939467	
332.99942451	
332.99907872	
332.99882870	
332.99844948	
332.99810415	
332.99792545	
332.99808603	
332.99846915	
332.99858206	
332.99866700	
332.99922092	
332.99959861	
332.99987864	
333.00019533	
333.00018588	
332.99988199	
332.99984268	
333.00011892	
332.99996698	
332.99934336	
332.99906238	
332.99883808	
332.99898612	
332.99898931	
332.99839859	
332.99870229	
332.99885336	
332.99908794	
332.99965952	
333.00002068	
333.00013058	
332.99969152	
332.99967146	
332.99962464	
332.99972444	
332.99969310	
332.99961187	
332.99981053	
332.99984652	
333.00005274	
333.00039902	
333.00060905	
333.00047300	
333.00022731	
333.00000977	
332.99958946	
332.99894896	
332.99859025	
332.99888889	
332.99903363	
332.99838969	
332.99785033	
332.99737743	
332.99777821	
332.99851141	
332.99887544	
332.99947385	
332.99931033	
332.99905951	
332.99944914	
332.99970774	
332.99977816	
332.99984235	
333.00028684	
333.00063803	
333.00072437	
333.00110835	
333.00141271	
333.00146085	
333.00102588	
333.00074218	
333.00062278	
333.00041998	
333.00060560	
333.00083341	
333.00080286	
333.00078986	
333.00095258	
333.00072975	
333.00017456	
332.99976670	
333.00021706	
333.00020457	
332.99964894	
333.00002616	
333.00008063	
333.00002866	
333.00008795	
332.99964005	
332.99939073	
332.99910566	
332.99907151	
332.99898558	
332.99876552	
332.99890169	
332.99896117	
332.99951616	
332.99998348	
333.00016051	
333.00038859	
333.00079772	
333.00065477	
333.00048311	
333.00117661	
333.00143721	
333.00177870	
333.00167723	
333.00135281	
333.00143879	
333.00106672	
333.00091738	
333.00095717	
333.00060105	
333.00056956	
333.00063757	
333.00019461	
332.99952215	
332.99889617	
332.99906806	
332.99932303	
332.99895345	
332.99929711	
333.00014930	
333.00032465	
333.00067393	
333.00111687	
333.00111319	
333.00077476	
333.00016946	
332.99987193	
333.00024631	
333.00086676	
333.00120099	
333.00162344	
333.00143292	
333.00097263	
333.00108595	
333.00158493	
333.00129644	
333.00115238	
333.00125609	
333.00042771	
333.00001919	
332.99997124	
332.99971069	
332.99955472	
332.99932647	
332.99891297	
332.99889161	
332.99915587	
332.99906060	
332.99854682	
332.99808130	
332.99801649	
332.99854314	
332.99875796	
332.99885499	
332.99871480	
332.99805711	
332.99770207	
332.99728865	
332.99686101	
332.99656735	
332.99685496	
332.99779560	
332.99802370	
332.99790085	
332.99811272	
332.99846879	
332.99892162	
332.99873267	
332.99858628	
332.99912943	
332.99986521	
333.00020284	
332.99968235	
332.99910988	
332.99873345	
332.99866572	
332.99886508	
332.99859915	
332.99896395	
332.99994896	
333.00032650	
333.00049884	
333.00033817	
332.99964005	
332.99951979	
332.99990970	
333.00034433	
333.00067816	
333.00056711	
333.00055072	
333.00048139	
332.99994430	
333.00010384	
333.00032483	
333.00039282	
333.00105559	
333.00127622	
333.00080728	
333.00057375	
333.00097491	
333.00069694	
332.99995716	
332.99950626	
332.99956083	
332.99942999	
332.99930224	
332.99913309	
332.99929954	
332.99949464	
332.99945079	
332.99978757	
332.99993076	
333.00040823	
333.00106736	
333.00093065	
333.00084454	
333.00073188	
333.00014578	
332.99969463	
332.99962510	
332.99991241	
332.99995656	
332.99971092	
332.99984867	
332.99999658	
332.99988595	
332.99990435	
332.99978288	
333.00021897	
333.00073582	
333.00110415	
333.00116902	
333.00075145	
333.00011602	
333.00006183	
332.99987654	
332.99917988	
332.99881941	
332.99919721	
333.00009181	
333.00059969	
333.00113509	
333.00116649	
333.00094113	
333.00081937	
333.00063355	
333.00055503	
333.00069540	
333.00097181	
333.00139372	
333.00191781	
333.00177451	
333.00188799	
333.00238919	
333.00194548	
333.00146430	
333.00184111	
333.00193145	
333.00174654	
333.00199297	
333.00203851	
333.00205754	
333.00250510	
333.00264601	
333.00214913	
333.00156902	
333.00161622	
333.00175685	
333.00164384	
333.00119979	
333.00056729	
333.00012651	
332.99957035	
332.99928891	
332.99958960	
333.00004140	
333.00024040	
332.99999899	
333.00025069	
333.00051007	
333.00023033	
333.00047650	
333.00041377	
333.00004758	
333.00041355	
333.00104994	
333.00092907	
333.00053684	
333.00023609	
332.99995415	
332.99973690	
332.99932863	
332.99890507	
332.99912491	
332.99908167	
332.99921548	
332.99955175	
332.99938496	
332.99946174	
332.99970116	
332.99984154	
332.99929470	
332.99927744	
332.99973350	
332.99948872	
332.99932756	
332.99994834	
333.00042991	
333.00056272	
333.00056730	
333.00009690	
332.99983037	
332.99947065	
332.99951689	
332.99995416	
332.99959976	
332.99935717	
332.99941499	
332.99928488	
332.99872785	
332.99896639	
332.99994266	
332.99995130	
332.99978359	
332.99992162	
333.00035430	
333.00099628	
333.00097437	
333.00047563	
333.00002261	
333.00035423	
333.00110461	
333.00137490	
333.00172112	
333.00229941	
333.00211010	
333.00156768	
333.00172151	
333.00178732	
333.00168711	
333.00182458	
333.00216238	
333.00265651	
333.00223840	
333.00144337	
333.00096947	
333.00111646	
333.00163767	
333.00150433	
333.00160232	
333.00173574	
333.00179209	
333.00155502	
333.00100535	
333.00081085	
333.00069704	
333.00109043	
333.00141884	
333.00134071	
333.00166533	
333.00217437	
333.00169099	
333.00120558	
333.00163645	
333.00222612	
333.00206685	
333.00190757	
333.00179887	
333.00130742	
333.00122251	
333.00119333	
333.00124606	
333.00107629	
333.00109189	
333.00147267	
333.00116454	
333.00049886	
333.00052850	
333.00082944	
333.00112375	
333.00105570	
333.00083356	
333.00083091	
333.00081391	
333.00040121	
333.00045221	
333.00089584	
333.00050906	
333.00032505	
333.00044391	
333.00076510	
333.00113086	
333.00108807	
333.00051847	
333.00019132	
332.99999268	
333.00013340	
333.00068357	
333.00099478	
333.00151374	
333.00126088	
333.00111352	
333.00142585	
333.00093089	
333.00030030	
333.00011027	
333.00027806	
332.99990537	
332.99925031	
332.99891617	
332.99929662	
332.99999133	
333.00013732	
333.00032417	
333.00044242	
333.00021671	
332.99977266	
332.99992871	
333.00040650	
333.00057152	
333.00044739	
332.99987148	
332.99916858	
332.99852365	
332.99847947	
332.99896090	
332.99886271	
332.99823571	
332.99824052	
332.99868683	
332.99930277	
332.99996070	
333.00030958	
333.00078282	
333.00053534	
333.00001110	
333.00016986	
332.99983025	
332.99914893	
332.99860058	
332.99884251	
332.99922880	
332.99889124	
332.99886512	
332.99885860	
332.99894483	
332.99911953	
332.99870823	
332.99846398	
332.99831088	
332.99837813	
332.99858855	
332.99808648	
332.99830358	
332.99920463	
332.99944191	
332.99983700	
332.99985021	
332.99972996	
332.99976958	
332.99927930	
332.99928898	
332.99975812	
332.99997133	
333.00013635	
333.00053860	
333.00054731	
333.00029706	
333.00043312	
333.00094598	
333.00087263	
333.00086170	
333.00085454	
333.00093226	
333.00148590	
333.00184535	
333.00192699	
333.00142794	
333.00115069	
333.00066511	
333.00065974	
333.00135858	
333.00145814	
333.00137560	
333.00084320	
332.99995411	
332.99992710	
333.00030524	
333.00047677	
333.00051957	
333.00057565	
333.00056562	
333.00041633	
333.00060624	
333.00063383	
333.00083481	
333.00139318	
333.00129083	
333.00062566	
333.00042957	
333.00038336	
333.00041892	
333.00068184	
333.00026058	
332.99989328	
332.99978005	
333.00012442	
333.00016842	
333.00012162	
333.00066854	
333.00085455	
333.00092996	
333.00042237	
333.00031653	
333.00038284	
332.99973434	
332.99972281	
333.00033782	
333.00046248	
333.00005263	
332.99942846	
332.99927353	
332.99928510	
332.99923285	
332.99897323	
332.99855623	
332.99858393	
332.99897820	
332.99899972	
332.99871242	
332.99903291	
332.99897079	
332.99847720	
332.99858793	
332.99868104	
332.99875306	
332.99948453	
332.99935517	
332.99866566	
332.99842615	
332.99867226	
332.99928701	
332.99915457	
332.99870295	
332.99864935	
332.99903586	
332.99973669	
333.00001442	
332.99956111	
332.99919206	
332.99906600	
332.99886239	
332.99906028	
332.99929506	
332.99885478	
332.99872605	
332.99876747	
332.99852715	
332.99904030	
332.99947106	
332.99987804	
333.00054787	
333.00082531	
333.00041015	
333.00013730	
333.00017930	
333.00045199	
333.00088084	
333.00087756	
333.00069302	
333.00088161	
333.00151423	
333.00168153	
333.00144816	
333.00165420	
333.00213634	
333.00170360	
333.00127772	
333.00128910	
333.00069030	
332.99985475	
332.99996219	
333.00016994	
332.99953951	
332.99935571	
332.99996771	
333.00014439	
332.99950238	
332.99902464	
332.99861323	
332.99861428	
332.99865772	
332.99887829	
332.99901970	
332.99900177	
332.99953245	
332.99921333	
332.99917559	
332.99982595	
332.99962993	
332.99919771	
332.99930217	
332.99949517	
332.99943906	
332.99926991	
332.99889433	
332.99868586	
332.99841418	
332.99802381	
332.99831143	
332.99829885	
332.99808584	
332.99793664	
332.99823934	
332.99919908	
332.99955903	
332.99985591	
333.00018737	
333.00038746	
333.00085228	
333.00055601	
332.99966704	
332.99971435	
332.99981012	
332.99986451	
332.99965309	
332.99912161	
332.99900775	
332.99876256	
332.99858118	
332.99860745	
332.99881655	
332.99903094	
332.99954250	
332.99999948	
333.00014379	
333.00061570	
333.00106679	
333.00122146	
333.00070380	
333.00022830	
333.00047309	
333.00005923	
332.99940099	
332.99969219	
333.00015881	
332.99985767	
332.99940251	
332.99983581	
332.99987139	
332.99972499	
333.00045587	
333.00057553	
333.00026140	
332.99978693	
332.99939626	
332.99978077	
333.00035176	
333.00026729	
333.00018780	
333.00011876	
333.00011836	
333.00016817	
332.99985258	
333.00017653	
333.00029289	
333.00025235	
333.00018707	
333.00032975	
333.00067874	
333.00019519	
333.00017106	
333.00050527	
333.00087724	
333.00083180	
333.00053207	
333.00043106	
333.00031212	
333.00029277	
333.00053539	
333.00103291	
333.00056954	
333.00041155	
333.00095289	
333.00113007	
333.00122598	
333.00139962	
333.00117866	
333.00084555	
333.00121758	
333.00104764	
333.00038402	
333.00029013	
333.00006394	
332.99945239	
332.99898312	
332.99864865	
332.99890763	
332.99910899	
332.99901430	
332.99934138	
332.99921107	
332.99931034	
332.99986928	
333.00007283	
333.00036313	
333.00095539	
333.00092389	
333.00059753	
333.00070035	
333.00093836	
333.00054852	
332.99978343	
332.99981242	
333.00008016	
332.99995323	
332.99956172	
332.99950018	
332.99973713	
333.00005911	
333.00022163	
333.00027268	
333.00047598	
333.00026084	
332.99994564	
332.99987196	
333.00032029	
333.00109214	
333.00133508	
333.00103452	
333.00121862	
333.00138742	
333.00096453	
333.00109985	
333.00098976	
333.00050944	
333.00078266	
333.00098392	
333.00077409	
333.00099585	
333.00083947	
333.00006226	
333.00007836	
333.00047541	
333.00053676	
333.00048975	
333.00056330	
333.00060510	
333.00014494	
332.99992359	
333.00048822	
333.00122921	
333.00167940	
333.00132416	
333.00089773	
333.00082322	
333.00025508	
332.99981017	
333.00024964	
333.00059133	
333.00062187	
333.00073823	
333.00055963	
333.00037784	
332.99985988	
332.99987414	
333.00033087	
333.00006411	
332.99953413	
332.99898718	
332.99838694	
332.99802576	
332.99849687	
332.99908081	
332.99928408	
332.99962150	
332.99982344	
332.99990418	
333.00014211	
333.00024724	
332.99997503	
332.99951640	
332.99962824	
332.99948460	
332.99943947	
332.99978291	
332.99981166	
332.99961630	
332.99933862	
332.99932289	
332.99916477	
332.99866645	
332.99804181	
332.99769649	
332.99748033	
332.99791399	
332.99828663	
332.99801190	
332.99800518	
332.99794105	
332.99771975	
332.99805572	
332.99879257	
332.99907814	
332.99945185	
332.99973802	
332.99992788	
333.00019987	
333.00053362	
333.00054170	
333.00000693	
333.00000935	
332.99985615	
332.99983959	
332.99988589	
332.99969759	
333.00020546	
333.00075761	
333.00088473	
333.00107444	
333.00082009	
333.00042414	
332.99994604	
332.99986666	
333.00050481	
333.00104827	
333.00084908	
333.00054820	
333.00102777	
333.00096534	
333.00019636	
332.99964662	
332.99962208	
332.99961270	
332.99941263	
332.99970854	
332.99986849	
332.99928572	
332.99919892	
332.99937685	
332.99978531	
333.00012994	
332.99974433	
332.99955240	
332.99957357	
332.99960878	
332.99976751	
333.00004050	
332.99990120	
332.99990836	
333.00010111	
333.00024515	
333.00074940	
333.00104421	
333.00095601	
333.00052239	
333.00005885	
332.99961122	
332.99974461	
332.99980204	
332.99993822	
333.00046910	
333.00088384	
333.00100020	
333.00062940	
333.00078832	
333.00122429	
333.00120630	
333.00058299	
333.00010816	
333.00028779	
333.00080495	
333.00146922	
333.00132651	
333.00057328	
333.00029004	
332.99989213	
332.99970710	
332.99940806	
332.99898987	
332.99926882	
332.99931204	
332.99964408	
333.00022769	
333.00038107	
333.00064166	
333.00077728	
333.00111061	
333.00173807	
333.00167178	
333.00089279	
333.00085793	
333.00111830	
333.00094769	
333.00081012	
333.00106770	
333.00137274	
333.00148979	
333.00163746	
333.00104982	
333.00082049	
333.00124117	
333.00105361	
333.00086523	
333.00121641	
333.00107387	
333.00115500	
333.00146363	
333.00097246	
333.00034285	
333.00019753	
333.00020011	
333.00030975	
333.00017395	
333.00033957	
333.00083063	
333.00082394	
333.00097782	
333.00132264	
333.00157868	
333.00169277	
333.00196011	
333.00203443	
333.00177505	
333.00158374	
333.00132274	
333.00082208	
333.00032535	
332.99987561	
332.99923749	
332.99865888	
332.99817114	
332.99830739	
332.99916740	
332.99914906	
332.99878092	
332.99879517	
332.99878517	
332.99865636	
332.99861155	
332.99870714	
332.99830404	
332.99838611	
332.99902580	
332.99879890	
332.99897984	
332.99944500	
332.99912043	
332.99907332	
332.99965290	
332.99982351	
332.99946584	
332.99963107	
333.00008035	
332.99994413	
332.99964406	
332.99984037	
332.99957854	
332.99942967	
333.00006469	
333.00041466	
332.99989467	
332.99991589	
333.00027590	
333.00002982	
332.99955352	
332.99927439	
332.99917738	
332.99860974	
332.99840733	
332.99815619	
332.99812893	
332.99840499	
332.99823520	
332.99847269	
332.99879923	
332.99909335	
332.99900595	
332.99872041	
332.99835819	
332.99780929	
332.99776690	
332.99805594	
332.99784946	
332.99757541	
332.99764909	
332.99806549	
332.99813871	
332.99776569	
332.99753974	
332.99748987	
332.99798910	
332.99819901	
332.99805861	
332.99798136	
332.99768921	
