296.04089580	
296.04167944	
296.04246277	
296.04324578	
296.04402848	
296.04481087	
296.04559295	
296.04637471	
296.04715616	
296.04793730	
296.04871812	
296.04949864	
296.05027884	
296.05105873	
296.05183830	
296.05261757	
296.05339652	
296.05417516	
296.05495349	
296.05573151	
296.05650922	
296.05728661	
296.05806370	
296.05884047	
296.05961694	
296.06039309	
296.06116893	
296.06194447	
296.06271969	
296.06349460	
296.06426920	
296.06504349	
296.06581748	
296.06659115	
296.06736451	
296.06813757	
296.06891031	
296.06968275	
296.07045488	
296.07122669	
296.07199820	
296.07276940	
296.07354030	
296.07431088	
296.07508116	
296.07585112	
296.07662078	
296.07739013	
296.07815918	
296.07892791	
296.07969634	
296.08046446	
296.08123228	
296.08199979	
296.08276699	
296.08353388	
296.08430047	
296.08506675	
296.08583272	
296.08659839	
296.08736375	
296.08812880	
296.08889355	
296.08965799	
296.09042213	
296.09118596	
296.09194949	
296.09271271	
296.09347562	
296.09423823	
296.09500054	
296.09576254	
296.09652423	
296.09728562	
296.09804671	
296.09880749	
296.09956796	
296.10032814	
296.10108801	
296.10184757	
296.10260683	
296.10336579	
296.10412444	
296.10488279	
296.10564084	
296.10639858	
296.10715602	
296.10791316	
296.10867000	
296.10942653	
296.11018276	
296.11093868	
296.11169431	
296.11244963	
296.11320465	
296.11395937	
296.11471379	
296.11546790	
296.11622171	
296.11697522	
296.11772843	
296.11848134	
296.11923395	
296.11998626	
296.12073826	
296.12148997	
296.12224137	
296.12299247	
296.12374328	
296.12449378	
296.12524398	
296.12599389	
296.12674349	
296.12749279	
296.12824179	
296.12899050	
296.12973890	
296.13048700	
296.13123481	
296.13198232	
296.13272952	
296.13347643	
296.13422304	
296.13496935	
296.13571536	
296.13646108	
296.13720649	
296.13795161	
296.13869643	
296.13944095	
296.14018517	
296.14092910	
296.14167273	
296.14241606	
296.14315909	
296.14390183	
296.14464427	
296.14538641	
296.14612826	
296.14686981	
296.14761106	
296.14835201	
296.14909267	
296.14983304	
296.15057310	
296.15131287	
296.15205235	
296.15279153	
296.15353041	
296.15426900	
296.15500729	
296.15574529	
296.15648299	
296.15722040	
296.15795751	
296.15869433	
296.15943085	
296.16016708	
296.16090301	
296.16163865	
296.16237399	
296.16310904	
296.16384380	
296.16457826	
296.16531243	
296.16604630	
296.16677989	
296.16751317	
296.16824617	
296.16897887	
296.16971128	
296.17044339	
296.17117522	
296.17190675	
296.17263798	
296.17336893	
296.17409958	
296.17482994	
296.17556001	
296.17628979	
296.17701927	
296.17774846	
296.17847736	
296.17920597	
296.17993429	
296.18066232	
296.18139005	
296.18211749	
296.18284465	
296.18357151	
296.18429808	
296.18502436	
296.18575035	
296.18647605	
296.18720146	
296.18792658	
296.18865141	
296.18937595	
296.19010020	
296.19082416	
296.19154783	
296.19227121	
296.19299430	
296.19371710	
296.19443962	
296.19516184	
296.19588378	
296.19660542	
296.19732678	
296.19804785	
296.19876863	
296.19948912	
296.20020933	
296.20092924	
296.20164887	
296.20236821	
296.20308727	
296.20380603	
296.20452451	
296.20524270	
296.20596060	
296.20667822	
296.20739555	
296.20811259	
296.20882934	
296.20954581	
296.21026199	
296.21097789	
296.21169350	
296.21240882	
296.21312386	
296.21383861	
296.21455307	
296.21526725	
296.21598114	
296.21669475	
296.21740807	
296.21812111	
296.21883386	
296.21954633	
296.22025851	
296.22097041	
296.22168202	
296.22239334	
296.22310439	
296.22381515	
296.22452562	
296.22523581	
296.22594571	
296.22665534	
296.22736467	
296.22807373	
296.22878250	
296.22949099	
296.23019919	
296.23090711	
296.23161475	
296.23232210	
296.23302917	
296.23373596	
296.23444247	
296.23514869	
296.23585463	
296.23656029	
296.23726566	
296.23797076	
296.23867557	
296.23938010	
296.24008435	
296.24078831	
296.24149200	
296.24219540	
296.24289852	
296.24360136	
296.24430392	
296.24500620	
296.24570820	
296.24640992	
296.24711135	
296.24781251	
296.24851338	
296.24921398	
296.24991429	
296.25061433	
296.25131408	
296.25201355	
296.25271275	
296.25341166	
296.25411030	
296.25480865	
296.25550673	
296.25620453	
296.25690205	
296.25759929	
296.25829625	
296.25899293	
296.25968933	
296.26038546	
296.26108130	
296.26177687	
296.26247216	
296.26316717	
296.26386190	
296.26455636	
296.26525053	
296.26594443	
296.26663806	
296.26733140	
296.26802447	
296.26871726	
296.26940977	
296.27010201	
296.27079397	
296.27148565	
296.27217706	
296.27286818	
296.27355904	
296.27424961	
296.27493991	
296.27562994	
296.27631969	
296.27700916	
296.27769835	
296.27838728	
296.27907592	
296.27976429	
296.28045238	
296.28114020	
296.28182775	
296.28251502	
296.28320201	
296.28388873	
296.28457517	
296.28526134	
296.28594724	
296.28663286	
296.28731821	
296.28800328	
296.28868808	
296.28937260	
296.29005685	
296.29074083	
296.29142454	
296.29210797	
296.29279112	
296.29347401	
296.29415662	
296.29483895	
296.29552102	
296.29620281	
296.29688433	
296.29756557	
296.29824655	
296.29892725	
296.29960768	
296.30028784	
296.30096772	
296.30164733	
296.30232667	
296.30300574	
296.30368454	
296.30436307	
296.30504132	
296.30571931	
296.30639702	
296.30707446	
296.30775163	
296.30842853	
296.30910516	
296.30978152	
296.31045760	
296.31113342	
296.31180897	
296.31248424	
296.31315925	
296.31383399	
296.31450845	
296.31518265	
296.31585658	
296.31653023	
296.31720362	
296.31787674	
296.31854959	
296.31922217	
296.31989448	
296.32056652	
296.32123830	
296.32190980	
296.32258104	
296.32325200	
296.32392270	
296.32459313	
296.32526330	
296.32593319	
296.32660282	
296.32727218	
296.32794127	
296.32861009	
296.32927865	
296.32994694	
296.33061496	
296.33128271	
296.33195020	
296.33261742	
296.33328437	
296.33395106	
296.33461748	
296.33528363	
296.33594952	
296.33661514	
296.33728049	
296.33794558	
296.33861040	
296.33927496	
296.33993925	
296.34060327	
296.34126703	
296.34193052	
296.34259375	
296.34325671	
296.34391941	
296.34458184	
296.34524401	
296.34590591	
296.34656755	
296.34722892	
296.34789003	
296.34855088	
296.34921145	
296.34987177	
296.35053182	
296.35119161	
296.35185113	
296.35251039	
296.35316939	
296.35382812	
296.35448659	
296.35514479	
296.35580274	
296.35646041	
296.35711783	
296.35777498	
296.35843187	
296.35908850	
296.35974487	
296.36040097	
296.36105681	
296.36171238	
296.36236770	
296.36302275	
296.36367754	
296.36433207	
296.36498634	
296.36564034	
296.36629409	
296.36694757	
296.36760079	
296.36825375	
296.36890645	
296.36955889	
296.37021106	
296.37086298	
296.37151463	
296.37216603	
296.37281716	
296.37346804	
296.37411865	
296.37476900	
296.37541909	
296.37606893	
296.37671850	
296.37736781	
296.37801686	
296.37866566	
296.37931419	
296.37996246	
296.38061048	
296.38125824	
296.38190573	
296.38255297	
296.38319995	
296.38384667	
296.38449313	
296.38513933	
296.38578528	
296.38643096	
296.38707639	
296.38772156	
296.38836647	
296.38901112	
296.38965552	
296.39029966	
296.39094354	
296.39158716	
296.39223053	
296.39287363	
296.39351648	
296.39415908	
296.39480141	
296.39544349	
296.39608532	
296.39672688	
296.39736819	
296.39800924	
296.39865004	
296.39929058	
296.39993086	
296.40057089	
296.40121066	
296.40185018	
296.40248944	
296.40312844	
296.40376719	
296.40440568	
296.40504392	
296.40568191	
296.40631963	
296.40695710	
296.40759432	
296.40823128	
296.40886799	
296.40950444	
296.41014064	
296.41077659	
296.41141228	
296.41204771	
296.41268289	
296.41331782	
296.41395249	
296.41458691	
296.41522108	
296.41585499	
296.41648865	
296.41712205	
296.41775520	
296.41838810	
296.41902074	
296.41965314	
296.42028527	
296.42091716	
296.42154879	
296.42218017	
296.42281130	
296.42344218	
296.42407280	
296.42470317	
296.42533329	
296.42596316	
296.42659277	
296.42722213	
296.42785125	
296.42848010	
296.42910871	
296.42973707	
296.43036517	
296.43099303	
296.43162063	
296.43224798	
296.43287508	
296.43350193	
296.43412853	
296.43475488	
296.43538098	
296.43600683	
296.43663242	
296.43725777	
296.43788287	
296.43850771	
296.43913231	
296.43975666	
296.44038076	
296.44100460	
296.44162820	
296.44225155	
296.44287465	
296.44349750	
296.44412010	
296.44474245	
296.44536456	
296.44598641	
296.44660802	
296.44722937	
296.44785048	
296.44847134	
296.44909195	
296.44971232	
296.45033243	
296.45095230	
296.45157192	
296.45219129	
296.45281041	
296.45342929	
296.45404792	
296.45466630	
296.45528443	
296.45590232	
296.45651996	
296.45713735	
296.45775449	
296.45837139	
296.45898804	
296.45960445	
296.46022060	
296.46083652	
296.46145218	
296.46206760	
296.46268277	
296.46329770	
296.46391238	
296.46452682	
296.46514101	
296.46575495	
296.46636865	
296.46698210	
296.46759531	
296.46820827	
296.46882099	
296.46943346	
296.47004568	
296.47065767	
296.47126940	
296.47188090	
296.47249214	
296.47310315	
296.47371390	
296.47432442	
296.47493469	
296.47554472	
296.47615450	
296.47676404	
296.47737333	
296.47798238	
296.47859119	
296.47919975	
296.47980807	
296.48041615	
296.48102398	
296.48163157	
296.48223892	
296.48284602	
296.48345289	
296.48405950	
296.48466588	
296.48527201	
296.48587791	
296.48648355	
296.48708896	
296.48769413	
296.48829905	
296.48890373	
296.48950817	
296.49011236	
296.49071632	
296.49132003	
296.49192350	
296.49252673	
296.49312972	
296.49373247	
296.49433498	
296.49493724	
296.49553927	
296.49614105	
296.49674260	
296.49734390	
296.49794496	
296.49854579	
296.49914637	
296.49974671	
296.50034681	
296.50094667	
296.50154629	
296.50214567	
296.50274482	
296.50334372	
296.50394238	
296.50454080	
296.50513899	
296.50573693	
296.50633464	
296.50693210	
296.50752933	
296.50812632	
296.50872307	
296.50931958	
296.50991585	
296.51051188	
296.51110768	
296.51170324	
296.51229856	
296.51289364	
296.51348848	
296.51408308	
296.51467745	
296.51527158	
296.51586547	
296.51645912	
296.51705254	
296.51764572	
296.51823866	
296.51883137	
296.51942383	
296.52001606	
296.52060806	
296.52119981	
296.52179133	
296.52238262	
296.52297366	
296.52356447	
296.52415505	
296.52474539	
296.52533549	
296.52592535	
296.52651498	
296.52710438	
296.52769354	
296.52828246	
296.52887115	
296.52945960	
296.53004781	
296.53063579	
296.53122354	
296.53181105	
296.53239833	
296.53298537	
296.53357217	
296.53415874	
296.53474508	
296.53533118	
296.53591705	
296.53650268	
296.53708808	
296.53767325	
296.53825818	
296.53884287	
296.53942734	
296.54001157	
296.54059556	
296.54117932	
296.54176285	
296.54234615	
296.54292921	
296.54351204	
296.54409463	
296.54467699	
296.54525912	
296.54584102	
296.54642268	
296.54700411	
296.54758531	
296.54816628	
296.54874701	
296.54932751	
296.54990778	
296.55048782	
296.55106762	
296.55164720	
296.55222654	
296.55280565	
296.55338452	
296.55396317	
296.55454159	
296.55511977	
296.55569772	
296.55627544	
296.55685293	
296.55743019	
296.55800722	
296.55858402	
296.55916058	
296.55973692	
296.56031302	
296.56088890	
296.56146454	
296.56203996	
296.56261514	
296.56319009	
296.56376482	
296.56433931	
296.56491358	
296.56548761	
296.56606142	
296.56663499	
296.56720834	
296.56778145	
296.56835434	
296.56892700	
296.56949943	
296.57007163	
296.57064360	
296.57121534	
296.57178686	
296.57235814	
296.57292920	
296.57350003	
296.57407063	
296.57464100	
296.57521114	
296.57578106	
296.57635075	
296.57692021	
296.57748944	
296.57805844	
296.57862722	
296.57919577	
296.57976409	
296.58033218	
296.58090005	
296.58146769	
296.58203510	
296.58260229	
296.58316925	
296.58373598	
296.58430249	
296.58486877	
296.58543482	
296.58600064	
296.58656624	
296.58713162	
296.58769677	
296.58826169	
296.58882638	
296.58939085	
296.58995509	
296.59051911	
296.59108291	
296.59164647	
296.59220981	
296.59277293	
296.59333582	
296.59389849	
296.59446093	
296.59502314	
296.59558513	
296.59614690	
296.59670844	
296.59726976	
296.59783085	
296.59839172	
296.59895236	
296.59951278	
296.60007297	
296.60063294	
296.60119269	
296.60175221	
296.60231151	
296.60287059	
296.60342944	
296.60398807	
296.60454647	
296.60510465	
296.60566261	
296.60622035	
296.60677786	
296.60733515	
296.60789221	
296.60844906	
296.60900568	
296.60956208	
296.61011825	
296.61067420	
296.61122993	
296.61178544	
296.61234073	
296.61289579	
296.61345063	
296.61400525	
296.61455965	
296.61511383	
296.61566778	
296.61622151	
296.61677503	
296.61732832	
296.61788138	
296.61843423	
296.61898686	
296.61953926	
296.62009145	
296.62064341	
296.62119515	
296.62174668	
296.62229798	
296.62284906	
296.62339992	
296.62395056	
296.62450098	
296.62505118	
296.62560116	
296.62615092	
296.62670046	
296.62724978	
296.62779888	
296.62834776	
296.62889642	
296.62944486	
296.62999308	
296.63054108	
296.63108887	
296.63163643	
296.63218378	
296.63273090	
296.63327781	
296.63382450	
296.63437097	
296.63491722	
296.63546326	
296.63600907	
296.63655467	
296.63710004	
296.63764520	
296.63819015	
296.63873487	
296.63927938	
296.63982366	
296.64036774	
296.64091159	
296.64145522	
296.64199864	
296.64254184	
296.64308483	
296.64362759	
296.64417014	
296.64471247	
296.64525459	
296.64579649	
296.64633817	
296.64687963	
296.64742088	
296.64796191	
296.64850273	
296.64904333	
296.64958371	
296.65012387	
296.65066383	
296.65120356	
296.65174308	
296.65228238	
296.65282147	
296.65336034	
296.65389900	
296.65443744	
296.65497566	
296.65551367	
296.65605146	
296.65658904	
296.65712641	
296.65766356	
296.65820049	
296.65873721	
296.65927372	
296.65981001	
296.66034608	
296.66088195	
296.66141759	
296.66195303	
296.66248824	
296.66302325	
296.66355804	
296.66409262	
296.66462698	
296.66516113	
296.66569506	
296.66622879	
296.66676230	
296.66729559	
296.66782867	
296.66836154	
296.66889420	
296.66942664	
296.66995887	
296.67049088	
296.67102269	
296.67155428	
296.67208566	
296.67261682	
296.67314778	
296.67367852	
296.67420905	
296.67473936	
296.67526947	
296.67579936	
296.67632904	
296.67685851	
296.67738776	
296.67791681	
296.67844564	
296.67897426	
296.67950267	
296.68003087	
296.68055886	
296.68108664	
296.68161420	
296.68214156	
296.68266870	
296.68319563	
296.68372235	
296.68424886	
296.68477517	
296.68530126	
296.68582713	
296.68635280	
296.68687826	
296.68740351	
296.68792855	
296.68845338	
296.68897800	
296.68950241	
296.69002661	
296.69055059	
296.69107437	
296.69159794	
296.69212131	
296.69264446	
296.69316740	
296.69369013	
296.69421266	
296.69473497	
296.69525708	
296.69577897	
296.69630066	
296.69682214	
296.69734341	
296.69786448	
296.69838533	
296.69890598	
296.69942641	
296.69994664	
296.70046666	
296.70098648	
296.70150608	
296.70202548	
296.70254467	
296.70306365	
296.70358243	
296.70410099	
296.70461935	
296.70513751	
296.70565545	
296.70617319	
296.70669072	
296.70720804	
296.70772516	
296.70824207	
296.70875877	
296.70927527	
296.70979156	
296.71030764	
296.71082352	
296.71133919	
296.71185466	
296.71236991	
296.71288497	
296.71339981	
296.71391445	
296.71442889	
296.71494311	
296.71545714	
296.71597095	
296.71648457	
296.71699797	
296.71751117	
296.71802417	
296.71853696	
296.71904954	
296.71956192	
296.72007410	
296.72058607	
296.72109783	
296.72160940	
296.72212075	
296.72263190	
296.72314285	
296.72365359	
296.72416413	
296.72467447	
296.72518460	
296.72569452	
296.72620425	
296.72671376	
296.72722308	
296.72773219	
296.72824110	
296.72874980	
296.72925830	
296.72976660	
296.73027469	
296.73078258	
296.73129027	
296.73179775	
296.73230503	
296.73281211	
296.73331898	
296.73382566	
296.73433213	
296.73483839	
296.73534446	
296.73585032	
296.73635598	
296.73686144	
296.73736669	
296.73787175	
296.73837660	
296.73888125	
296.73938570	
296.73988994	
296.74039398	
296.74089783	
296.74140147	
296.74190491	
296.74240815	
296.74291118	
296.74341402	
296.74391665	
296.74441909	
296.74492132	
296.74542335	
296.74592518	
296.74642681	
296.74692824	
296.74742947	
296.74793050	
296.74843132	
296.74893195	
296.74943238	
296.74993261	
296.75043263	
296.75093246	
296.75143209	
296.75193151	
296.75243074	
296.75292977	
296.75342860	
296.75392723	
296.75442565	
296.75492388	
296.75542192	
296.75591975	
296.75641738	
296.75691481	
296.75741205	
296.75790908	
296.75840592	
296.75890255	
296.75939899	
296.75989523	
296.76039128	
296.76088712	
296.76138276	
296.76187821	
296.76237346	
296.76286851	
296.76336336	
296.76385802	
296.76435247	
296.76484673	
296.76534080	
296.76583466	
296.76632832	
296.76682179	
296.76731506	
296.76780814	
296.76830102	
296.76879370	
296.76928618	
296.76977846	
296.77027055	
296.77076244	
296.77125414	
296.77174564	
296.77223694	
296.77272804	
296.77321895	
296.77370967	
296.77420018	
296.77469050	
296.77518063	
296.77567055	
296.77616028	
296.77664982	
296.77713916	
296.77762830	
296.77811725	
296.77860601	
296.77909456	
296.77958293	
296.78007109	
296.78055906	
296.78104684	
296.78153442	
296.78202181	
296.78250900	
296.78299600	
296.78348280	
296.78396940	
296.78445582	
296.78494203	
296.78542806	
296.78591389	
296.78639952	
296.78688496	
296.78737021	
296.78785526	
296.78834012	
296.78882478	
296.78930925	
296.78979353	
296.79027761	
296.79076150	
296.79124519	
296.79172870	
296.79221200	
296.79269512	
296.79317804	
296.79366077	
296.79414331	
296.79462565	
296.79510780	
296.79558976	
296.79607152	
296.79655309	
296.79703447	
296.79751566	
296.79799665	
296.79847745	
296.79895806	
296.79943848	
296.79991870	
296.80039873	
296.80087857	
296.80135822	
296.80183768	
296.80231695	
296.80279602	
296.80327490	
296.80375359	
296.80423209	
296.80471040	
296.80518851	
296.80566644	
296.80614417	
296.80662171	
296.80709906	
296.80757622	
296.80805319	
296.80852997	
296.80900656	
296.80948296	
296.80995916	
296.81043518	
296.81091101	
296.81138664	
296.81186209	
296.81233734	
296.81281241	
296.81328728	
296.81376197	
296.81423646	
296.81471077	
296.81518488	
296.81565881	
296.81613255	
296.81660609	
296.81707945	
296.81755262	
296.81802560	
296.81849839	
296.81897099	
296.81944340	
296.81991562	
296.82038766	
296.82085950	
296.82133116	
296.82180263	
296.82227390	
296.82274499	
296.82321590	
296.82368661	
296.82415714	
296.82462747	
296.82509762	
296.82556758	
296.82603736	
296.82650694	
296.82697634	
296.82744555	
296.82791457	
296.82838340	
296.82885205	
296.82932051	
296.82978878	
296.83025687	
296.83072476	
296.83119247	
296.83166000	
296.83212733	
296.83259448	
296.83306144	
296.83352822	
296.83399481	
296.83446121	
296.83492742	
296.83539345	
296.83585930	
296.83632495	
296.83679042	
296.83725571	
296.83772080	
296.83818572	
296.83865044	
296.83911498	
296.83957934	
296.84004350	
296.84050749	
296.84097128	
296.84143489	
296.84189832	
296.84236156	
296.84282462	
296.84328749	
296.84375017	
296.84421267	
296.84467499	
296.84513712	
296.84559906	
296.84606082	
296.84652240	
296.84698379	
296.84744500	
296.84790602	
296.84836686	
296.84882751	
296.84928798	
296.84974826	
296.85020836	
296.85066828	
296.85112801	
296.85158756	
296.85204693	
296.85250611	
296.85296510	
296.85342392	
296.85388255	
296.85434100	
296.85479926	
296.85525734	
296.85571524	
296.85617295	
296.85663048	
296.85708783	
296.85754499	
296.85800198	
296.85845878	
296.85891539	
296.85937183	
296.85982808	
296.86028415	
296.86074003	
296.86119574	
296.86165126	
296.86210660	
296.86256176	
296.86301673	
296.86347152	
296.86392614	
296.86438056	
296.86483481	
296.86528888	
296.86574276	
296.86619647	
296.86664999	
296.86710333	
296.86755649	
296.86800946	
296.86846226	
296.86891487	
296.86936731	
296.86981956	
296.87027163	
296.87072353	
296.87117524	
296.87162677	
296.87207812	
296.87252928	
296.87298027	
296.87343108	
296.87388171	
296.87433215	
296.87478242	
296.87523251	
296.87568242	
296.87613214	
296.87658169	
296.87703106	
296.87748025	
296.87792925	
296.87837808	
296.87882673	
296.87927520	
296.87972349	
296.88017160	
296.88061953	
296.88106728	
296.88151486	
296.88196225	
296.88240947	
296.88285650	
296.88330336	
296.88375004	
296.88419654	
296.88464286	
296.88508900	
296.88553497	
296.88598075	
296.88642636	
296.88687179	
296.88731704	
296.88776211	
296.88820701	
296.88865173	
296.88909627	
296.88954063	
296.88998481	
296.89042882	
296.89087265	
296.89131630	
296.89175977	
296.89220307	
296.89264619	
296.89308913	
296.89353189	
296.89397448	
296.89441689	
296.89485912	
296.89530118	
296.89574306	
296.89618476	
296.89662629	
296.89706764	
296.89750881	
296.89794981	
296.89839063	
296.89883127	
296.89927174	
296.89971203	
296.90015214	
296.90059208	
296.90103185	
296.90147143	
296.90191084	
296.90235008	
296.90278914	
296.90322802	
296.90366673	
296.90410527	
296.90454362	
296.90498181	
296.90541981	
296.90585765	
296.90629530	
296.90673278	
296.90717009	
296.90760722	
296.90804418	
296.90848096	
296.90891757	
296.90935400	
296.90979026	
296.91022635	
296.91066226	
296.91109799	
296.91153355	
296.91196894	
296.91240415	
296.91283919	
296.91327405	
296.91370874	
296.91414326	
296.91457760	
296.91501177	
296.91544577	
296.91587959	
296.91631324	
296.91674671	
296.91718001	
296.91761314	
296.91804610	
296.91847888	
296.91891149	
296.91934392	
296.91977618	
296.92020827	
296.92064019	
296.92107193	
296.92150350	
296.92193490	
296.92236613	
296.92279718	
296.92322806	
296.92365877	
296.92408931	
296.92451967	
296.92494987	
296.92537989	
296.92580973	
296.92623941	
296.92666891	
296.92709825	
296.92752741	
296.92795640	
296.92838521	
296.92881386	
296.92924233	
296.92967064	
296.93009877	
296.93052673	
296.93095452	
296.93138214	
296.93180958	
296.93223686	
296.93266397	
296.93309090	
296.93351766	
296.93394426	
296.93437068	
296.93479693	
296.93522301	
296.93564892	
296.93607466	
296.93650023	
296.93692563	
296.93735086	
296.93777592	
296.93820081	
296.93862553	
296.93905008	
296.93947446	
296.93989867	
296.94032271	
296.94074658	
296.94117028	
296.94159382	
296.94201718	
296.94244037	
296.94286340	
296.94328625	
296.94370894	
296.94413145	
296.94455380	
296.94497598	
296.94539799	
296.94581983	
296.94624150	
296.94666300	
296.94708434	
296.94750551	
296.94792650	
296.94834733	
296.94876799	
296.94918849	
296.94960881	
296.95002897	
296.95044896	
296.95086878	
296.95128843	
296.95170791	
296.95212723	
296.95254638	
296.95296536	
296.95338417	
296.95380282	
296.95422130	
296.95463961	
296.95505776	
296.95547573	
296.95589354	
296.95631118	
296.95672866	
296.95714597	
296.95756311	
296.95798008	
296.95839689	
296.95881353	
296.95923001	
296.95964632	
296.96006246	
296.96047843	
296.96089424	
296.96130988	
296.96172536	
296.96214067	
296.96255581	
296.96297079	
296.96338560	
296.96380025	
296.96421473	
296.96462904	
296.96504319	
296.96545717	
296.96587099	
296.96628464	
296.96669813	
296.96711145	
296.96752461	
296.96793760	
296.96835042	
296.96876308	
296.96917557	
296.96958790	
296.97000007	
296.97041207	
296.97082390	
296.97123558	
296.97164708	
296.97205842	
296.97246960	
296.97288061	
296.97329146	
296.97370214	
296.97411266	
296.97452302	
296.97493321	
296.97534323	
296.97575310	
296.97616279	
296.97657233	
296.97698170	
296.97739091	
296.97779995	
296.97820883	
296.97861755	
296.97902610	
296.97943449	
296.97984272	
296.98025078	
296.98065868	
296.98106642	
296.98147399	
296.98188140	
296.98228865	
296.98269573	
296.98310265	
296.98350941	
296.98391601	
296.98432244	
296.98472871	
296.98513482	
296.98554077	
296.98594655	
296.98635217	
296.98675763	
296.98716293	
296.98756806	
296.98797304	
296.98837785	
296.98878250	
296.98918698	
296.98959131	
296.98999547	
296.99039947	
296.99080331	
296.99120699	
296.99161051	
296.99201387	
296.99241706	
296.99282009	
296.99322297	
296.99362568	
296.99402823	
296.99443061	
296.99483284	
296.99523491	
296.99563682	
296.99603856	
296.99644015	
296.99684157	
296.99724283	
296.99764394	
296.99804488	
296.99844566	
296.99884628	
296.99924674	
296.99964704	
297.00004719	
297.00044717	
297.00084699	
297.00124665	
297.00164615	
297.00204549	
297.00244467	
297.00284370	
297.00324256	
297.00364126	
297.00403980	
297.00443819	
297.00483641	
297.00523448	
297.00563239	
297.00603013	
297.00642772	
297.00682515	
297.00722242	
297.00761953	
297.00801648	
297.00841328	
297.00880991	
297.00920639	
297.00960270	
297.00999886	
297.01039486	
297.01079071	
297.01118639	
297.01158191	
297.01197728	
297.01237249	
297.01276754	
297.01316243	
297.01355717	
297.01395175	
297.01434617	
297.01474043	
297.01513453	
297.01552848	
297.01592227	
297.01631590	
297.01670937	
297.01710269	
297.01749585	
297.01788885	
297.01828169	
297.01867438	
297.01906691	
297.01945928	
297.01985150	
297.02024356	
297.02063546	
297.02102721	
297.02141880	
297.02181023	
297.02220150	
297.02259262	
297.02298359	
297.02337439	
297.02376504	
297.02415554	
297.02454588	
297.02493606	
297.02532608	
297.02571595	
297.02610567	
297.02649522	
297.02688463	
297.02727387	
297.02766296	
297.02805190	
297.02844068	
297.02882930	
297.02921777	
297.02960608	
297.02999424	
297.03038224	
297.03077009	
297.03115778	
297.03154532	
297.03193270	
297.03231993	
297.03270700	
297.03309392	
297.03348068	
297.03386729	
297.03425374	
297.03464004	
297.03502618	
297.03541217	
297.03579801	
297.03618369	
297.03656921	
297.03695459	
297.03733980	
297.03772487	
297.03810978	
297.03849453	
297.03887914	
297.03926358	
297.03964788	
297.04003202	
297.04041601	
297.04079984	
297.04118352	
297.04156705	
297.04195042	
297.04233364	
297.04271671	
297.04309962	
297.04348238	
297.04386499	
297.04424744	
297.04462974	
297.04501189	
297.04539389	
297.04577573	
297.04615742	
297.04653895	
297.04692034	
297.04730157	
297.04768265	
297.04806358	
297.04844435	
297.04882497	
297.04920544	
297.04958576	
297.04996593	
297.05034594	
297.05072580	
297.05110551	
297.05148507	
297.05186448	
297.05224373	
297.05262283	
297.05300178	
297.05338058	
297.05375923	
297.05413773	
297.05451607	
297.05489427	
297.05527231	
297.05565020	
297.05602794	
297.05640553	
297.05678297	
297.05716025	
297.05753739	
297.05791437	
297.05829121	
297.05866789	
297.05904442	
297.05942081	
297.05979704	
297.06017312	
297.06054905	
297.06092483	
297.06130046	
297.06167594	
297.06205127	
297.06242645	
297.06280148	
297.06317636	
297.06355109	
297.06392567	
297.06430010	
297.06467438	
297.06504851	
297.06542249	
297.06579632	
297.06617000	
297.06654353	
297.06691691	
297.06729015	
297.06766323	
297.06803617	
297.06840895	
297.06878159	
297.06915408	
297.06952641	
297.06989860	
297.07027064	
297.07064254	
297.07101428	
297.07138587	
297.07175732	
297.07212862	
297.07249976	
297.07287076	
297.07324162	
297.07361232	
297.07398287	
297.07435328	
297.07472354	
297.07509365	
297.07546361	
297.07583343	
297.07620309	
297.07657261	
297.07694198	
297.07731121	
297.07768028	
297.07804921	
297.07841799	
297.07878662	
297.07915511	
297.07952345	
297.07989164	
297.08025968	
297.08062758	
297.08099533	
297.08136293	
297.08173038	
297.08209769	
297.08246485	
297.08283187	
297.08319873	
297.08356545	
297.08393203	
297.08429845	
297.08466474	
297.08503087	
297.08539686	
297.08576270	
297.08612839	
297.08649394	
297.08685934	
297.08722460	
297.08758971	
297.08795467	
297.08831949	
297.08868417	
297.08904869	
297.08941307	
297.08977731	
297.09014140	
297.09050534	
297.09086914	
297.09123279	
297.09159630	
297.09195966	
297.09232287	
297.09268595	
297.09304887	
297.09341165	
297.09377429	
297.09413678	
297.09449912	
297.09486132	
297.09522338	
297.09558529	
297.09594705	
297.09630868	
297.09667015	
297.09703148	
297.09739267	
297.09775371	
297.09811461	
297.09847537	
297.09883598	
297.09919644	
297.09955676	
297.09991694	
297.10027697	
297.10063686	
297.10099661	
297.10135621	
297.10171567	
297.10207498	
297.10243415	
297.10279318	
297.10315206	
297.10351080	
297.10386940	
297.10422785	
297.10458616	
297.10494432	
297.10530234	
297.10566022	
297.10601796	
297.10637555	
297.10673300	
297.10709031	
297.10744747	
297.10780449	
297.10816137	
297.10851811	
297.10887470	
297.10923115	
297.10958746	
297.10994362	
297.11029965	
297.11065553	
297.11101126	
297.11136686	
297.11172231	
297.11207762	
297.11243279	
297.11278782	
297.11314270	
297.11349745	
297.11385205	
297.11420651	
297.11456082	
297.11491500	
297.11526903	
297.11562293	
297.11597668	
297.11633029	
297.11668375	
297.11703708	
297.11739027	
297.11774331	
297.11809621	
297.11844897	
297.11880159	
297.11915407	
297.11950641	
297.11985861	
297.12021067	
297.12056258	
297.12091436	
297.12126599	
297.12161748	
297.12196884	
297.12232005	
297.12267112	
297.12302205	
297.12337284	
297.12372350	
297.12407401	
297.12442438	
297.12477461	
297.12512470	
297.12547465	
297.12582446	
297.12617413	
297.12652366	
297.12687305	
297.12722230	
297.12757141	
297.12792038	
297.12826921	
297.12861791	
297.12896646	
297.12931487	
297.12966315	
297.13001128	
297.13035928	
297.13070713	
297.13105485	
297.13140243	
297.13174987	
297.13209717	
297.13244433	
297.13279135	
297.13313823	
297.13348498	
297.13383158	
297.13417805	
297.13452438	
297.13487057	
297.13521662	
297.13556254	
297.13590831	
297.13625395	
297.13659945	
297.13694481	
297.13729003	
297.13763511	
297.13798006	
297.13832487	
297.13866954	
297.13901407	
297.13935846	
297.13970272	
297.14004684	
297.14039082	
297.14073466	
297.14107837	
297.14142194	
297.14176537	
297.14210866	
297.14245182	
297.14279484	
297.14313772	
297.14348047	
297.14382307	
297.14416554	
297.14450788	
297.14485008	
297.14519214	
297.14553406	
297.14587584	
297.14621749	
297.14655901	
297.14690038	
297.14724162	
297.14758273	
297.14792369	
297.14826452	
297.14860522	
297.14894578	
297.14928620	
297.14962648	
297.14996663	
297.15030665	
297.15064652	
297.15098627	
297.15132587	
297.15166534	
297.15200467	
297.15234387	
297.15268294	
297.15302186	
297.15336065	
297.15369931	
297.15403783	
297.15437621	
297.15471446	
297.15505258	
297.15539056	
297.15572840	
297.15606611	
297.15640368	
297.15674112	
297.15707842	
297.15741559	
297.15775263	
297.15808953	
297.15842629	
297.15876292	
297.15909941	
297.15943577	
297.15977200	
297.16010809	
297.16044405	
297.16077987	
297.16111556	
297.16145111	
297.16178653	
297.16212182	
297.16245697	
297.16279199	
297.16312687	
297.16346162	
297.16379623	
297.16413072	
297.16446506	
297.16479928	
297.16513336	
297.16546730	
297.16580112	
297.16613480	
297.16646834	
297.16680176	
297.16713503	
297.16746818	
297.16780119	
297.16813407	
297.16846682	
297.16879943	
297.16913191	
297.16946426	
297.16979647	
297.17012856	
297.17046050	
297.17079232	
297.17112400	
297.17145555	
297.17178697	
297.17211826	
297.17244941	
297.17278043	
297.17311132	
297.17344207	
297.17377270	
297.17410319	
297.17443355	
297.17476377	
297.17509387	
297.17542383	
297.17575366	
297.17608336	
297.17641292	
297.17674236	
297.17707166	
297.17740083	
297.17772987	
297.17805878	
297.17838756	
297.17871620	
297.17904472	
297.17937310	
297.17970135	
297.18002947	
297.18035746	
297.18068531	
297.18101304	
297.18134064	
297.18166810	
297.18199543	
297.18232263	
297.18264970	
297.18297664	
297.18330345	
297.18363013	
297.18395668	
297.18428310	
297.18460938	
297.18493554	
297.18526157	
297.18558746	
297.18591323	
297.18623886	
297.18656437	
297.18688974	
297.18721498	
297.18754010	
297.18786508	
297.18818994	
297.18851466	
297.18883925	
297.18916372	
297.18948805	
297.18981226	
297.19013633	
297.19046028	
297.19078409	
297.19110778	
297.19143134	
297.19175477	
297.19207806	
297.19240123	
297.19272427	
297.19304718	
297.19336996	
297.19369262	
297.19401514	
297.19433753	
297.19465980	
297.19498193	
297.19530394	
297.19562582	
297.19594757	
297.19626919	
297.19659068	
297.19691205	
297.19723328	
297.19755439	
297.19787537	
297.19819622	
297.19851694	
297.19883753	
297.19915800	
297.19947833	
297.19979854	
297.20011862	
297.20043857	
297.20075840	
297.20107809	
297.20139766	
297.20171710	
297.20203642	
297.20235560	
297.20267466	
297.20299359	
297.20331239	
297.20363107	
297.20394962	
297.20426804	
297.20458633	
297.20490449	
297.20522253	
297.20554044	
297.20585823	
297.20617588	
297.20649341	
297.20681082	
297.20712809	
297.20744524	
297.20776226	
297.20807916	
297.20839593	
297.20871257	
297.20902908	
297.20934547	
297.20966173	
297.20997787	
297.21029388	
297.21060976	
297.21092552	
297.21124115	
297.21155665	
297.21187203	
297.21218728	
297.21250240	
297.21281740	
297.21313227	
297.21344702	
297.21376164	
297.21407614	
297.21439051	
297.21470475	
297.21501887	
297.21533286	
297.21564673	
297.21596047	
297.21627409	
297.21658758	
297.21690094	
297.21721418	
297.21752730	
297.21784028	
297.21815315	
297.21846589	
297.21877850	
297.21909099	
297.21940335	
297.21971559	
297.22002771	
297.22033969	
297.22065156	
297.22096330	
297.22127491	
297.22158640	
297.22189777	
297.22220901	
297.22252013	
297.22283112	
297.22314199	
297.22345273	
297.22376335	
297.22407384	
297.22438421	
297.22469446	
297.22500458	
297.22531458	
297.22562445	
297.22593420	
297.22624383	
297.22655333	
297.22686271	
297.22717197	
297.22748110	
297.22779010	
297.22809899	
297.22840775	
297.22871639	
297.22902490	
297.22933329	
297.22964156	
297.22994970	
297.23025772	
297.23056562	
297.23087339	
297.23118104	
297.23148857	
297.23179597	
297.23210325	
297.23241041	
297.23271745	
297.23302436	
297.23333115	
297.23363782	
297.23394436	
297.23425079	
297.23455709	
297.23486326	
297.23516932	
297.23547525	
297.23578106	
297.23608675	
297.23639231	
297.23669776	
297.23700308	
297.23730828	
297.23761335	
297.23791831	
297.23822314	
297.23852785	
297.23883244	
297.23913691	
297.23944125	
297.23974548	
297.24004958	
297.24035356	
297.24065742	
297.24096115	
297.24126477	
297.24156826	
297.24187164	
297.24217489	
297.24247802	
297.24278103	
297.24308391	
297.24338668	
297.24368933	
297.24399185	
297.24429425	
297.24459653	
297.24489870	
297.24520074	
297.24550266	
297.24580446	
297.24610613	
297.24640769	
297.24670913	
297.24701044	
297.24731164	
297.24761272	
297.24791367	
297.24821451	
297.24851522	
297.24881581	
297.24911629	
297.24941664	
297.24971687	
297.25001699	
297.25031698	
297.25061685	
297.25091661	
297.25121624	
297.25151575	
297.25181515	
297.25211442	
297.25241358	
297.25271261	
297.25301152	
297.25331032	
297.25360900	
297.25390755	
297.25420599	
297.25450431	
297.25480251	
297.25510058	
297.25539854	
297.25569638	
297.25599411	
297.25629171	
297.25658919	
297.25688656	
297.25718380	
297.25748093	
297.25777794	
297.25807482	
297.25837159	
297.25866825	
297.25896478	
297.25926119	
297.25955749	
297.25985367	
297.26014972	
297.26044566	
297.26074149	
297.26103719	
297.26133277	
297.26162824	
297.26192359	
297.26221882	
297.26251393	
297.26280893	
297.26310380	
297.26339856	
297.26369320	
297.26398773	
297.26428213	
297.26457642	
297.26487059	
297.26516464	
297.26545857	
297.26575239	
297.26604609	
297.26633967	
297.26663313	
297.26692648	
297.26721971	
297.26751282	
297.26780582	
297.26809870	
297.26839146	
297.26868410	
297.26897663	
297.26926903	
297.26956133	
297.26985350	
297.27014556	
297.27043750	
297.27072933	
297.27102104	
297.27131263	
297.27160410	
297.27189546	
297.27218670	
297.27247783	
297.27276884	
297.27305973	
297.27335051	
297.27364117	
297.27393171	
297.27422214	
297.27451245	
297.27480264	
297.27509272	
297.27538268	
297.27567253	
297.27596226	
297.27625188	
297.27654138	
297.27683076	
297.27712003	
297.27740918	
297.27769822	
297.27798714	
297.27827594	
297.27856463	
297.27885321	
297.27914166	
297.27943001	
297.27971824	
297.28000635	
297.28029435	
297.28058223	
297.28087000	
297.28115765	
297.28144518	
297.28173261	
297.28201991	
297.28230711	
297.28259418	
297.28288114	
297.28316799	
297.28345472	
297.28374134	
297.28402785	
297.28431424	
297.28460051	
297.28488667	
297.28517271	
297.28545865	
297.28574446	
297.28603016	
297.28631575	
297.28660123	
297.28688659	
297.28717183	
297.28745696	
297.28774198	
297.28802688	
297.28831167	
297.28859635	
297.28888091	
297.28916536	
297.28944969	
297.28973391	
297.29001802	
297.29030201	
297.29058589	
297.29086965	
297.29115331	
297.29143685	
297.29172027	
297.29200358	
297.29228678	
297.29256987	
297.29285284	
297.29313570	
297.29341844	
297.29370108	
297.29398360	
297.29426600	
297.29454830	
297.29483048	
297.29511254	
297.29539450	
297.29567634	
297.29595807	
297.29623969	
297.29652119	
297.29680258	
297.29708386	
297.29736503	
297.29764608	
297.29792702	
297.29820785	
297.29848857	
297.29876917	
297.29904967	
297.29933005	
297.29961031	
297.29989047	
297.30017051	
297.30045045	
297.30073027	
297.30100997	
297.30128957	
297.30156905	
297.30184843	
297.30212769	
297.30240684	
297.30268587	
297.30296480	
297.30324361	
297.30352232	
297.30380091	
297.30407939	
297.30435775	
297.30463601	
297.30491416	
297.30519219	
297.30547011	
297.30574793	
297.30602563	
297.30630322	
297.30658070	
297.30685806	
297.30713532	
297.30741247	
297.30768950	
297.30796643	
297.30824324	
297.30851994	
297.30879653	
297.30907301	
297.30934939	
297.30962565	
297.30990180	
297.31017784	
297.31045376	
297.31072958	
297.31100529	
297.31128089	
297.31155638	
297.31183175	
297.31210702	
297.31238218	
297.31265723	
297.31293216	
297.31320699	
297.31348171	
297.31375631	
297.31403081	
297.31430520	
297.31457948	
297.31485365	
297.31512770	
297.31540165	
297.31567549	
297.31594922	
297.31622284	
297.31649635	
297.31676975	
297.31704305	
297.31731623	
297.31758930	
297.31786227	
297.31813512	
297.31840787	
297.31868051	
297.31895303	
297.31922545	
297.31949776	
297.31976996	
297.32004205	
297.32031404	
297.32058591	
297.32085768	
297.32112933	
297.32140088	
297.32167232	
297.32194365	
297.32221488	
297.32248599	
297.32275700	
297.32302789	
297.32329868	
297.32356936	
297.32383993	
297.32411040	
297.32438075	
297.32465100	
297.32492114	
297.32519117	
297.32546110	
297.32573091	
297.32600062	
297.32627022	
297.32653971	
297.32680910	
297.32707837	
297.32734754	
297.32761660	
297.32788556	
297.32815440	
297.32842314	
297.32869177	
297.32896029	
297.32922871	
297.32949702	
297.32976522	
297.33003331	
297.33030130	
297.33056918	
297.33083695	
297.33110462	
297.33137217	
297.33163963	
297.33190697	
297.33217421	
297.33244134	
297.33270836	
297.33297528	
297.33324209	
297.33350879	
297.33377539	
297.33404188	
297.33430826	
297.33457454	
297.33484071	
297.33510677	
297.33537273	
297.33563858	
297.33590432	
297.33616996	
297.33643549	
297.33670092	
297.33696624	
297.33723145	
297.33749656	
297.33776156	
297.33802646	
297.33829125	
297.33855593	
297.33882051	
297.33908498	
297.33934935	
297.33961361	
297.33987776	
297.34014181	
297.34040575	
297.34066959	
297.34093332	
297.34119695	
297.34146047	
297.34172389	
297.34198720	
297.34225040	
297.34251350	
297.34277650	
297.34303939	
297.34330217	
297.34356485	
297.34382742	
297.34408989	
297.34435226	
297.34461451	
297.34487667	
297.34513872	
297.34540066	
297.34566250	
297.34592424	
297.34618587	
297.34644739	
297.34670881	
297.34697013	
297.34723134	
297.34749245	
297.34775345	
297.34801435	
297.34827515	
297.34853584	
297.34879642	
297.34905690	
297.34931728	
297.34957755	
297.34983772	
297.35009779	
297.35035775	
297.35061761	
297.35087736	
297.35113701	
297.35139655	
297.35165599	
297.35191533	
297.35217457	
297.35243370	
297.35269272	
297.35295164	
297.35321046	
297.35346918	
297.35372779	
297.35398630	
297.35424471	
297.35450301	
297.35476121	
297.35501930	
297.35527730	
297.35553518	
297.35579297	
297.35605065	
297.35630823	
297.35656571	
297.35682308	
297.35708035	
297.35733752	
297.35759459	
297.35785155	
297.35810841	
297.35836517	
297.35862182	
297.35887837	
297.35913482	
297.35939117	
297.35964741	
297.35990355	
297.36015959	
297.36041552	
297.36067136	
297.36092709	
297.36118272	
297.36143825	
297.36169367	
297.36194899	
297.36220421	
297.36245933	
297.36271435	
297.36296926	
297.36322407	
297.36347879	
297.36373339	
297.36398790	
297.36424230	
297.36449661	
297.36475081	
297.36500491	
297.36525891	
297.36551280	
297.36576660	
297.36602029	
297.36627388	
297.36652737	
297.36678076	
297.36703405	
297.36728724	
297.36754032	
297.36779331	
297.36804619	
297.36829897	
297.36855165	
297.36880423	
297.36905671	
297.36930909	
297.36956136	
297.36981354	
297.37006561	
297.37031759	
297.37056946	
297.37082123	
297.37107290	
297.37132447	
297.37157594	
297.37182731	
297.37207858	
297.37232975	
297.37258082	
297.37283179	
297.37308265	
297.37333342	
297.37358409	
297.37383465	
297.37408512	
297.37433549	
297.37458575	
297.37483592	
297.37508598	
297.37533595	
297.37558581	
297.37583558	
297.37608525	
297.37633481	
297.37658428	
297.37683364	
297.37708291	
297.37733208	
297.37758114	
297.37783011	
297.37807898	
297.37832775	
297.37857642	
297.37882499	
297.37907346	
297.37932183	
297.37957010	
297.37981827	
297.38006634	
297.38031432	
297.38056219	
297.38080997	
297.38105764	
297.38130522	
297.38155270	
297.38180008	
297.38204736	
297.38229454	
297.38254162	
297.38278860	
297.38303549	
297.38328227	
297.38352896	
297.38377555	
297.38402204	
297.38426843	
297.38451472	
297.38476092	
297.38500701	
297.38525301	
297.38549891	
297.38574471	
297.38599041	
297.38623601	
297.38648152	
297.38672693	
297.38697224	
297.38721745	
297.38746256	
297.38770758	
297.38795249	
297.38819731	
297.38844203	
297.38868666	
297.38893118	
297.38917561	
297.38941994	
297.38966417	
297.38990830	
297.39015234	
297.39039628	
297.39064012	
297.39088387	
297.39112751	
297.39137106	
297.39161451	
297.39185787	
297.39210112	
297.39234428	
297.39258735	
297.39283031	
297.39307318	
297.39331595	
297.39355862	
297.39380120	
297.39404368	
297.39428606	
297.39452835	
297.39477054	
297.39501263	
297.39525462	
297.39549652	
297.39573832	
297.39598003	
297.39622163	
297.39646315	
297.39670456	
297.39694588	
297.39718710	
297.39742823	
297.39766925	
297.39791019	
297.39815102	
297.39839176	
297.39863241	
297.39887295	
297.39911340	
297.39935376	
297.39959402	
297.39983418	
297.40007425	
297.40031422	
297.40055409	
297.40079387	
297.40103355	
297.40127314	
297.40151263	
297.40175202	
297.40199132	
297.40223053	
297.40246963	
297.40270865	
297.40294756	
297.40318638	
297.40342511	
297.40366374	
297.40390227	
297.40414071	
297.40437906	
297.40461730	
297.40485546	
297.40509352	
297.40533148	
297.40556935	
297.40580712	
297.40604479	
297.40628238	
297.40651986	
297.40675726	
297.40699455	
297.40723176	
297.40746886	
297.40770587	
297.40794279	
297.40817962	
297.40841634	
297.40865298	
297.40888952	
297.40912596	
297.40936231	
297.40959856	
297.40983473	
297.41007079	
297.41030676	
297.41054264	
297.41077842	
297.41101411	
297.41124971	
297.41148521	
297.41172061	
297.41195592	
297.41219114	
297.41242627	
297.41266129	
297.41289623	
297.41313107	
297.41336582	
297.41360047	
297.41383503	
297.41406950	
297.41430387	
297.41453815	
297.41477233	
297.41500643	
297.41524042	
297.41547433	
297.41570814	
297.41594185	
297.41617548	
297.41640901	
297.41664244	
297.41687579	
297.41710904	
297.41734219	
297.41757526	
297.41780823	
297.41804110	
297.41827389	
297.41850658	
297.41873917	
297.41897168	
297.41920409	
297.41943641	
297.41966863	
297.41990077	
297.42013281	
297.42036475	
297.42059661	
297.42082837	
297.42106004	
297.42129161	
297.42152310	
297.42175449	
297.42198578	
297.42221699	
297.42244810	
297.42267912	
297.42291005	
297.42314089	
297.42337163	
297.42360228	
297.42383284	
297.42406331	
297.42429368	
297.42452397	
297.42475416	
297.42498426	
297.42521426	
297.42544418	
297.42567400	
297.42590373	
297.42613337	
297.42636291	
297.42659237	
297.42682173	
297.42705100	
297.42728018	
297.42750927	
297.42773827	
297.42796717	
297.42819598	
297.42842471	
297.42865334	
297.42888187	
297.42911032	
297.42933868	
297.42956694	
297.42979512	
297.43002320	
297.43025119	
297.43047909	
297.43070690	
297.43093461	
297.43116224	
297.43138977	
297.43161722	
297.43184457	
297.43207183	
297.43229901	
297.43252609	
297.43275308	
297.43297997	
297.43320678	
297.43343350	
297.43366013	
297.43388666	
297.43411311	
297.43433946	
297.43456573	
297.43479190	
297.43501798	
297.43524398	
297.43546988	
297.43569569	
297.43592141	
297.43614704	
297.43637258	
297.43659804	
297.43682340	
297.43704867	
297.43727385	
297.43749894	
297.43772394	
297.43794885	
297.43817367	
297.43839840	
297.43862304	
297.43884759	
297.43907205	
297.43929642	
297.43952071	
297.43974490	
297.43996900	
297.44019301	
297.44041693	
297.44064077	
297.44086451	
297.44108817	
297.44131173	
297.44153521	
297.44175859	
297.44198189	
297.44220509	
297.44242821	
297.44265124	
297.44287418	
297.44309703	
297.44331979	
297.44354246	
297.44376505	
297.44398754	
297.44420995	
297.44443226	
297.44465449	
297.44487663	
297.44509868	
297.44532064	
297.44554251	
297.44576429	
297.44598599	
297.44620759	
297.44642911	
297.44665054	
297.44687188	
297.44709313	
297.44731429	
297.44753537	
297.44775635	
297.44797725	
297.44819806	
297.44841878	
297.44863941	
297.44885996	
297.44908041	
297.44930078	
297.44952106	
297.44974125	
297.44996135	
297.45018137	
297.45040130	
297.45062114	
297.45084089	
297.45106055	
297.45128013	
297.45149962	
297.45171902	
297.45193833	
297.45215755	
297.45237669	
297.45259574	
297.45281470	
297.45303358	
297.45325236	
297.45347106	
297.45368967	
297.45390820	
297.45412663	
297.45434498	
297.45456324	
297.45478142	
297.45499951	
297.45521751	
297.45543542	
297.45565325	
297.45587098	
297.45608864	
297.45630620	
297.45652368	
297.45674107	
297.45695837	
297.45717559	
297.45739272	
297.45760976	
297.45782672	
297.45804359	
297.45826037	
297.45847707	
297.45869367	
297.45891020	
297.45912663	
297.45934298	
297.45955925	
297.45977542	
297.45999151	
297.46020751	
297.46042343	
297.46063926	
297.46085501	
297.46107066	
297.46128624	
297.46150172	
297.46171712	
297.46193243	
297.46214766	
297.46236280	
297.46257786	
297.46279283	
297.46300771	
297.46322251	
297.46343722	
297.46365184	
297.46386638	
297.46408083	
297.46429520	
297.46450948	
297.46472368	
297.46493779	
297.46515182	
297.46536576	
297.46557961	
297.46579338	
297.46600706	
297.46622066	
297.46643417	
297.46664759	
297.46686094	
297.46707419	
297.46728736	
297.46750045	
297.46771345	
297.46792636	
297.46813919	
297.46835193	
297.46856459	
297.46877717	
297.46898966	
297.46920206	
297.46941438	
297.46962662	
297.46983876	
297.47005083	
297.47026281	
297.47047470	
297.47068651	
297.47089824	
297.47110988	
297.47132144	
297.47153291	
297.47174429	
297.47195560	
297.47216681	
297.47237795	
297.47258900	
297.47279996	
297.47301084	
297.47322164	
297.47343235	
297.47364297	
297.47385352	
297.47406398	
297.47427435	
297.47448464	
297.47469485	
297.47490497	
297.47511501	
297.47532496	
297.47553483	
297.47574462	
297.47595432	
297.47616394	
297.47637347	
297.47658292	
297.47679229	
297.47700157	
297.47721077	
297.47741989	
297.47762892	
297.47783787	
297.47804673	
297.47825551	
297.47846421	
297.47867283	
297.47888136	
297.47908980	
297.47929817	
297.47950645	
297.47971465	
297.47992276	
297.48013079	
297.48033874	
297.48054660	
297.48075439	
297.48096208	
297.48116970	
297.48137723	
297.48158468	
297.48179205	
297.48199933	
297.48220653	
297.48241365	
297.48262068	
297.48282763	
297.48303450	
297.48324129	
297.48344799	
297.48365461	
297.48386115	
297.48406761	
297.48427398	
297.48448027	
297.48468648	
297.48489260	
297.48509865	
297.48530461	
297.48551048	
297.48571628	
297.48592199	
297.48612763	
297.48633317	
297.48653864	
297.48674403	
297.48694933	
297.48715455	
297.48735969	
297.48756474	
297.48776972	
297.48797461	
297.48817942	
297.48838415	
297.48858879	
297.48879336	
297.48899784	
297.48920224	
297.48940656	
297.48961080	
297.48981495	
297.49001903	
297.49022302	
297.49042693	
297.49063076	
297.49083451	
297.49103817	
297.49124176	
297.49144526	
297.49164868	
297.49185202	
297.49205528	
297.49225846	
297.49246156	
297.49266457	
297.49286751	
297.49307036	
297.49327313	
297.49347582	
297.49367843	
297.49388096	
297.49408341	
297.49428578	
297.49448806	
297.49469027	
297.49489239	
297.49509443	
297.49529640	
297.49549828	
297.49570008	
297.49590180	
297.49610344	
297.49630500	
297.49650647	
297.49670787	
297.49690919	
297.49711042	
297.49731158	
297.49751266	
297.49771365	
297.49791456	
297.49811540	
297.49831615	
297.49851683	
297.49871742	
297.49891793	
297.49911837	
297.49931872	
297.49951899	
297.49971918	
297.49991930	
297.50011933	
297.50031928	
297.50051915	
297.50071894	
297.50091866	
297.50111829	
297.50131784	
297.50151731	
297.50171671	
297.50191602	
297.50211525	
297.50231441	
297.50251348	
297.50271248	
297.50291139	
297.50311023	
297.50330898	
297.50350766	
297.50370626	
297.50390477	
297.50410321	
297.50430157	
297.50449985	
297.50469805	
297.50489617	
297.50509421	
297.50529218	
297.50549006	
297.50568786	
297.50588559	
297.50608323	
297.50628080	
297.50647829	
297.50667570	
297.50687303	
297.50707028	
297.50726745	
297.50746454	
297.50766156	
297.50785849	
297.50805535	
297.50825213	
297.50844882	
297.50864545	
297.50884199	
297.50903845	
297.50923484	
297.50943114	
297.50962737	
297.50982352	
297.51001959	
297.51021558	
297.51041149	
297.51060733	
297.51080309	
297.51099877	
297.51119437	
297.51138989	
297.51158533	
297.51178070	
297.51197599	
297.51217120	
297.51236633	
297.51256138	
297.51275636	
297.51295125	
297.51314607	
297.51334081	
297.51353548	
297.51373006	
297.51392457	
297.51411900	
297.51431335	
297.51450763	
297.51470183	
297.51489595	
297.51508999	
297.51528395	
297.51547784	
297.51567165	
297.51586538	
297.51605903	
297.51625261	
297.51644611	
297.51663953	
297.51683287	
297.51702614	
297.51721933	
297.51741244	
297.51760548	
297.51779843	
297.51799131	
297.51818412	
297.51837684	
297.51856949	
297.51876207	
297.51895456	
297.51914698	
297.51933932	
297.51953158	
297.51972377	
297.51991588	
297.52010792	
297.52029987	
297.52049175	
297.52068356	
297.52087528	
297.52106693	
297.52125851	
297.52145000	
297.52164142	
297.52183277	
297.52202403	
297.52221522	
297.52240634	
297.52259737	
297.52278834	
297.52297922	
297.52317003	
297.52336076	
297.52355142	
297.52374200	
297.52393250	
297.52412293	
297.52431328	
297.52450355	
297.52469375	
297.52488387	
297.52507392	
297.52526389	
297.52545378	
297.52564360	
297.52583335	
297.52602301	
297.52621260	
297.52640212	
297.52659156	
297.52678092	
297.52697021	
297.52715942	
297.52734856	
297.52753762	
297.52772660	
297.52791551	
297.52810434	
297.52829310	
297.52848179	
297.52867039	
297.52885892	
297.52904738	
297.52923576	
297.52942407	
297.52961230	
297.52980045	
297.52998853	
297.53017654	
297.53036447	
297.53055232	
297.53074010	
297.53092780	
297.53111543	
297.53130299	
297.53149047	
297.53167787	
297.53186520	
297.53205245	
297.53223963	
297.53242674	
297.53261376	
297.53280072	
297.53298760	
297.53317440	
297.53336113	
297.53354779	
297.53373437	
297.53392088	
297.53410731	
297.53429367	
297.53447995	
297.53466616	
297.53485229	
297.53503835	
297.53522433	
297.53541024	
297.53559608	
297.53578184	
