288.00939582	
288.00939206	
288.00938831	
288.00938455	
288.00938080	
288.00937704	
288.00937329	
288.00936954	
288.00936580	
288.00936205	
288.00935830	
288.00935456	
288.00935082	
288.00934708	
288.00934334	
288.00933960	
288.00933587	
288.00933213	
288.00932840	
288.00932467	
288.00932094	
288.00931721	
288.00931348	
288.00930976	
288.00930603	
288.00930231	
288.00929859	
288.00929487	
288.00929115	
288.00928744	
288.00928372	
288.00928001	
288.00927630	
288.00927259	
288.00926888	
288.00926517	
288.00926146	
288.00925776	
288.00925406	
288.00925035	
288.00924665	
288.00924296	
288.00923926	
288.00923556	
288.00923187	
288.00922818	
288.00922448	
288.00922079	
288.00921711	
288.00921342	
288.00920973	
288.00920605	
288.00920237	
288.00919869	
288.00919501	
288.00919133	
288.00918765	
288.00918398	
288.00918030	
288.00917663	
288.00917296	
288.00916929	
288.00916562	
288.00916196	
288.00915829	
288.00915463	
288.00915097	
288.00914731	
288.00914365	
288.00913999	
288.00913634	
288.00913268	
288.00912903	
288.00912538	
288.00912173	
288.00911808	
288.00911443	
288.00911078	
288.00910714	
288.00910350	
288.00909986	
288.00909622	
288.00909258	
288.00908894	
288.00908530	
288.00908167	
288.00907804	
288.00907441	
288.00907078	
288.00906715	
288.00906352	
288.00905990	
288.00905627	
288.00905265	
288.00904903	
288.00904541	
288.00904179	
288.00903817	
288.00903456	
288.00903095	
288.00902733	
288.00902372	
288.00902011	
288.00901650	
288.00901290	
288.00900929	
288.00900569	
288.00900209	
288.00899849	
288.00899489	
288.00899129	
288.00898769	
288.00898410	
288.00898050	
288.00897691	
288.00897332	
288.00896973	
288.00896614	
288.00896256	
288.00895897	
288.00895539	
288.00895181	
288.00894823	
288.00894465	
288.00894107	
288.00893749	
288.00893392	
288.00893034	
288.00892677	
288.00892320	
288.00891963	
288.00891606	
288.00891250	
288.00890893	
288.00890537	
288.00890181	
288.00889825	
288.00889469	
288.00889113	
288.00888757	
288.00888402	
288.00888046	
288.00887691	
288.00887336	
288.00886981	
288.00886626	
288.00886272	
288.00885917	
288.00885563	
288.00885209	
288.00884854	
288.00884500	
288.00884147	
288.00883793	
288.00883440	
288.00883086	
288.00882733	
288.00882380	
288.00882027	
288.00881674	
288.00881321	
288.00880969	
288.00880616	
288.00880264	
288.00879912	
288.00879560	
288.00879208	
288.00878857	
288.00878505	
288.00878154	
288.00877802	
288.00877451	
288.00877100	
288.00876749	
288.00876399	
288.00876048	
288.00875698	
288.00875348	
288.00874997	
288.00874647	
288.00874298	
288.00873948	
288.00873598	
288.00873249	
288.00872899	
288.00872550	
288.00872201	
288.00871852	
288.00871504	
288.00871155	
288.00870807	
288.00870458	
288.00870110	
288.00869762	
288.00869414	
288.00869066	
288.00868719	
288.00868371	
288.00868024	
288.00867677	
288.00867330	
288.00866983	
288.00866636	
288.00866289	
288.00865943	
288.00865596	
288.00865250	
288.00864904	
288.00864558	
288.00864212	
288.00863867	
288.00863521	
288.00863176	
288.00862830	
288.00862485	
288.00862140	
288.00861795	
288.00861451	
288.00861106	
288.00860762	
288.00860417	
288.00860073	
288.00859729	
288.00859385	
288.00859041	
288.00858698	
288.00858354	
288.00858011	
288.00857668	
288.00857325	
288.00856982	
288.00856639	
288.00856296	
288.00855954	
288.00855612	
288.00855269	
288.00854927	
288.00854585	
288.00854243	
288.00853902	
288.00853560	
288.00853219	
288.00852877	
288.00852536	
288.00852195	
288.00851854	
288.00851514	
288.00851173	
288.00850833	
288.00850492	
288.00850152	
288.00849812	
288.00849472	
288.00849132	
288.00848793	
288.00848453	
288.00848114	
288.00847774	
288.00847435	
288.00847096	
288.00846757	
288.00846419	
288.00846080	
288.00845742	
288.00845403	
288.00845065	
288.00844727	
288.00844389	
288.00844052	
288.00843714	
288.00843377	
288.00843039	
288.00842702	
288.00842365	
288.00842028	
288.00841691	
288.00841354	
288.00841018	
288.00840682	
288.00840345	
288.00840009	
288.00839673	
288.00839337	
288.00839002	
288.00838666	
288.00838330	
288.00837995	
288.00837660	
288.00837325	
288.00836990	
288.00836655	
288.00836320	
288.00835986	
288.00835652	
288.00835317	
288.00834983	
288.00834649	
288.00834315	
288.00833982	
288.00833648	
288.00833315	
288.00832981	
288.00832648	
288.00832315	
288.00831982	
288.00831649	
288.00831317	
288.00830984	
288.00830652	
288.00830319	
288.00829987	
288.00829655	
288.00829323	
288.00828992	
288.00828660	
288.00828329	
288.00827997	
288.00827666	
288.00827335	
288.00827004	
288.00826673	
288.00826343	
288.00826012	
288.00825682	
288.00825351	
288.00825021	
288.00824691	
288.00824361	
288.00824032	
288.00823702	
288.00823373	
288.00823043	
288.00822714	
288.00822385	
288.00822056	
288.00821727	
288.00821398	
288.00821070	
288.00820741	
288.00820413	
288.00820085	
288.00819757	
288.00819429	
288.00819101	
288.00818774	
288.00818446	
288.00818119	
288.00817791	
288.00817464	
288.00817137	
288.00816811	
288.00816484	
288.00816157	
288.00815831	
288.00815504	
288.00815178	
288.00814852	
288.00814526	
288.00814200	
288.00813875	
288.00813549	
288.00813224	
288.00812898	
288.00812573	
288.00812248	
288.00811923	
288.00811599	
288.00811274	
288.00810949	
288.00810625	
288.00810301	
288.00809977	
288.00809653	
288.00809329	
288.00809005	
288.00808681	
288.00808358	
288.00808035	
288.00807711	
288.00807388	
288.00807065	
288.00806743	
288.00806420	
288.00806097	
288.00805775	
288.00805453	
288.00805130	
288.00804808	
288.00804486	
288.00804165	
288.00803843	
288.00803521	
288.00803200	
288.00802879	
288.00802558	
288.00802237	
288.00801916	
288.00801595	
288.00801274	
288.00800954	
288.00800633	
288.00800313	
288.00799993	
288.00799673	
288.00799353	
288.00799033	
288.00798714	
288.00798394	
288.00798075	
288.00797756	
288.00797437	
288.00797118	
288.00796799	
288.00796480	
288.00796161	
288.00795843	
288.00795525	
288.00795206	
288.00794888	
288.00794570	
288.00794253	
288.00793935	
288.00793617	
288.00793300	
288.00792983	
288.00792665	
288.00792348	
288.00792031	
288.00791715	
288.00791398	
288.00791081	
288.00790765	
288.00790449	
288.00790132	
288.00789816	
288.00789500	
288.00789185	
288.00788869	
288.00788553	
288.00788238	
288.00787923	
288.00787607	
288.00787292	
288.00786978	
288.00786663	
288.00786348	
288.00786034	
288.00785719	
288.00785405	
288.00785091	
288.00784777	
288.00784463	
288.00784149	
288.00783835	
288.00783522	
288.00783208	
288.00782895	
288.00782582	
288.00782269	
288.00781956	
288.00781643	
288.00781331	
288.00781018	
288.00780706	
288.00780393	
288.00780081	
288.00779769	
288.00779457	
288.00779145	
288.00778834	
288.00778522	
288.00778211	
288.00777900	
288.00777588	
288.00777277	
288.00776966	
288.00776656	
288.00776345	
288.00776034	
288.00775724	
288.00775414	
288.00775104	
288.00774794	
288.00774484	
288.00774174	
288.00773864	
288.00773555	
288.00773245	
288.00772936	
288.00772627	
288.00772318	
288.00772009	
288.00771700	
288.00771391	
288.00771083	
288.00770774	
288.00770466	
288.00770158	
288.00769850	
288.00769542	
288.00769234	
288.00768926	
288.00768619	
288.00768311	
288.00768004	
288.00767697	
288.00767390	
288.00767083	
288.00766776	
288.00766469	
288.00766163	
288.00765856	
288.00765550	
288.00765244	
288.00764937	
288.00764631	
288.00764326	
288.00764020	
288.00763714	
288.00763409	
288.00763103	
288.00762798	
288.00762493	
288.00762188	
288.00761883	
288.00761578	
288.00761274	
288.00760969	
288.00760665	
288.00760361	
288.00760056	
288.00759752	
288.00759449	
288.00759145	
288.00758841	
288.00758538	
288.00758234	
288.00757931	
288.00757628	
288.00757325	
288.00757022	
288.00756719	
288.00756416	
288.00756114	
288.00755811	
288.00755509	
288.00755207	
288.00754905	
288.00754603	
288.00754301	
288.00753999	
288.00753697	
288.00753396	
288.00753095	
288.00752793	
288.00752492	
288.00752191	
288.00751890	
288.00751590	
288.00751289	
288.00750988	
288.00750688	
288.00750388	
288.00750088	
288.00749788	
288.00749488	
288.00749188	
288.00748888	
288.00748589	
288.00748289	
288.00747990	
288.00747691	
288.00747392	
288.00747093	
288.00746794	
288.00746495	
288.00746197	
288.00745898	
288.00745600	
288.00745301	
288.00745003	
288.00744705	
288.00744407	
288.00744110	
288.00743812	
288.00743515	
288.00743217	
288.00742920	
288.00742623	
288.00742326	
288.00742029	
288.00741732	
288.00741435	
288.00741139	
288.00740842	
288.00740546	
288.00740250	
288.00739954	
288.00739658	
288.00739362	
288.00739066	
288.00738770	
288.00738475	
288.00738179	
288.00737884	
288.00737589	
288.00737294	
288.00736999	
288.00736704	
288.00736410	
288.00736115	
288.00735821	
288.00735526	
288.00735232	
288.00734938	
288.00734644	
288.00734350	
288.00734056	
288.00733763	
288.00733469	
288.00733176	
288.00732883	
288.00732589	
288.00732296	
288.00732003	
288.00731711	
288.00731418	
288.00731125	
288.00730833	
288.00730541	
288.00730248	
288.00729956	
288.00729664	
288.00729372	
288.00729081	
288.00728789	
288.00728498	
288.00728206	
288.00727915	
288.00727624	
288.00727333	
288.00727042	
288.00726751	
288.00726460	
288.00726170	
288.00725879	
288.00725589	
288.00725299	
288.00725008	
288.00724718	
288.00724429	
288.00724139	
288.00723849	
288.00723560	
288.00723270	
288.00722981	
288.00722692	
288.00722403	
288.00722114	
288.00721825	
288.00721536	
288.00721247	
288.00720959	
288.00720671	
288.00720382	
288.00720094	
288.00719806	
288.00719518	
288.00719230	
288.00718943	
288.00718655	
288.00718368	
288.00718080	
288.00717793	
288.00717506	
288.00717219	
288.00716932	
288.00716645	
288.00716359	
288.00716072	
288.00715786	
288.00715499	
288.00715213	
288.00714927	
288.00714641	
288.00714355	
288.00714069	
288.00713784	
288.00713498	
288.00713213	
288.00712928	
288.00712642	
288.00712357	
288.00712072	
288.00711788	
288.00711503	
288.00711218	
288.00710934	
288.00710649	
288.00710365	
288.00710081	
288.00709797	
288.00709513	
288.00709229	
288.00708946	
288.00708662	
288.00708379	
288.00708095	
288.00707812	
288.00707529	
288.00707246	
288.00706963	
288.00706680	
288.00706397	
288.00706115	
288.00705832	
288.00705550	
288.00705268	
288.00704986	
288.00704704	
288.00704422	
288.00704140	
288.00703859	
288.00703577	
288.00703296	
288.00703014	
288.00702733	
288.00702452	
288.00702171	
288.00701890	
288.00701609	
288.00701329	
288.00701048	
288.00700768	
288.00700487	
288.00700207	
288.00699927	
288.00699647	
288.00699367	
288.00699088	
288.00698808	
288.00698528	
288.00698249	
288.00697970	
288.00697691	
288.00697411	
288.00697132	
288.00696854	
288.00696575	
288.00696296	
288.00696018	
288.00695739	
288.00695461	
288.00695183	
288.00694905	
288.00694627	
288.00694349	
288.00694071	
288.00693794	
288.00693516	
288.00693239	
288.00692961	
288.00692684	
288.00692407	
288.00692130	
288.00691853	
288.00691577	
288.00691300	
288.00691023	
288.00690747	
288.00690471	
288.00690195	
288.00689918	
288.00689642	
288.00689367	
288.00689091	
288.00688815	
288.00688540	
288.00688264	
288.00687989	
288.00687714	
288.00687439	
288.00687164	
288.00686889	
288.00686614	
288.00686339	
288.00686065	
288.00685790	
288.00685516	
288.00685242	
288.00684968	
288.00684694	
288.00684420	
288.00684146	
288.00683873	
288.00683599	
288.00683326	
288.00683052	
288.00682779	
288.00682506	
288.00682233	
288.00681960	
288.00681687	
288.00681415	
288.00681142	
288.00680870	
288.00680597	
288.00680325	
288.00680053	
288.00679781	
288.00679509	
288.00679237	
288.00678965	
288.00678694	
288.00678422	
288.00678151	
288.00677880	
288.00677609	
288.00677338	
288.00677067	
288.00676796	
288.00676525	
288.00676254	
288.00675984	
288.00675714	
288.00675443	
288.00675173	
288.00674903	
288.00674633	
288.00674363	
288.00674093	
288.00673824	
288.00673554	
288.00673285	
288.00673016	
288.00672746	
288.00672477	
288.00672208	
288.00671939	
288.00671671	
288.00671402	
288.00671133	
288.00670865	
288.00670597	
288.00670328	
288.00670060	
288.00669792	
288.00669524	
288.00669256	
288.00668989	
288.00668721	
288.00668454	
288.00668186	
288.00667919	
288.00667652	
288.00667385	
288.00667118	
288.00666851	
288.00666584	
288.00666318	
288.00666051	
288.00665785	
288.00665518	
288.00665252	
288.00664986	
288.00664720	
288.00664454	
288.00664188	
288.00663923	
288.00663657	
288.00663392	
288.00663126	
288.00662861	
288.00662596	
288.00662331	
288.00662066	
288.00661801	
288.00661536	
288.00661272	
288.00661007	
288.00660743	
288.00660479	
288.00660214	
288.00659950	
288.00659686	
288.00659422	
288.00659159	
288.00658895	
288.00658631	
288.00658368	
288.00658105	
288.00657841	
288.00657578	
288.00657315	
288.00657052	
288.00656789	
288.00656527	
288.00656264	
288.00656002	
288.00655739	
288.00655477	
288.00655215	
288.00654953	
288.00654691	
288.00654429	
288.00654167	
288.00653905	
288.00653644	
288.00653382	
288.00653121	
288.00652860	
288.00652599	
288.00652338	
288.00652077	
288.00651816	
288.00651555	
288.00651294	
288.00651034	
288.00650774	
288.00650513	
288.00650253	
288.00649993	
288.00649733	
288.00649473	
288.00649213	
288.00648954	
288.00648694	
288.00648434	
288.00648175	
288.00647916	
288.00647657	
288.00647398	
288.00647139	
288.00646880	
288.00646621	
288.00646362	
288.00646104	
288.00645845	
288.00645587	
288.00645329	
288.00645071	
288.00644813	
288.00644555	
288.00644297	
288.00644039	
288.00643782	
288.00643524	
288.00643267	
288.00643009	
288.00642752	
288.00642495	
288.00642238	
288.00641981	
288.00641724	
288.00641468	
288.00641211	
288.00640955	
288.00640698	
288.00640442	
288.00640186	
288.00639930	
288.00639674	
288.00639418	
288.00639162	
288.00638906	
288.00638651	
288.00638395	
288.00638140	
288.00637885	
288.00637630	
288.00637375	
288.00637120	
288.00636865	
288.00636610	
288.00636355	
288.00636101	
288.00635846	
288.00635592	
288.00635338	
288.00635084	
288.00634830	
288.00634576	
288.00634322	
288.00634068	
288.00633815	
288.00633561	
288.00633308	
288.00633054	
288.00632801	
288.00632548	
288.00632295	
288.00632042	
288.00631789	
288.00631536	
288.00631284	
288.00631031	
288.00630779	
288.00630527	
288.00630274	
288.00630022	
288.00629770	
288.00629518	
288.00629267	
288.00629015	
288.00628763	
288.00628512	
288.00628260	
288.00628009	
288.00627758	
288.00627507	
288.00627256	
288.00627005	
288.00626754	
288.00626503	
288.00626253	
288.00626002	
288.00625752	
288.00625502	
288.00625251	
288.00625001	
288.00624751	
288.00624501	
288.00624252	
288.00624002	
288.00623752	
288.00623503	
288.00623253	
288.00623004	
288.00622755	
288.00622506	
288.00622257	
288.00622008	
288.00621759	
288.00621510	
288.00621262	
288.00621013	
288.00620765	
288.00620516	
288.00620268	
288.00620020	
288.00619772	
288.00619524	
288.00619276	
288.00619029	
288.00618781	
288.00618534	
288.00618286	
288.00618039	
288.00617792	
288.00617545	
288.00617298	
288.00617051	
288.00616804	
288.00616557	
288.00616310	
288.00616064	
288.00615817	
288.00615571	
288.00615325	
288.00615079	
288.00614833	
288.00614587	
288.00614341	
288.00614095	
288.00613850	
288.00613604	
288.00613359	
288.00613113	
288.00612868	
288.00612623	
288.00612378	
288.00612133	
288.00611888	
288.00611643	
288.00611399	
288.00611154	
288.00610910	
288.00610665	
288.00610421	
288.00610177	
288.00609933	
288.00609689	
288.00609445	
288.00609201	
288.00608957	
288.00608714	
288.00608470	
288.00608227	
288.00607984	
288.00607741	
288.00607497	
288.00607254	
288.00607012	
288.00606769	
288.00606526	
288.00606283	
288.00606041	
288.00605798	
288.00605556	
288.00605314	
288.00605072	
288.00604830	
288.00604588	
288.00604346	
288.00604104	
288.00603863	
288.00603621	
288.00603380	
288.00603138	
288.00602897	
288.00602656	
288.00602415	
288.00602174	
288.00601933	
288.00601692	
288.00601452	
288.00601211	
288.00600970	
288.00600730	
288.00600490	
288.00600250	
288.00600009	
288.00599769	
288.00599530	
288.00599290	
288.00599050	
288.00598810	
288.00598571	
288.00598331	
288.00598092	
288.00597853	
288.00597614	
288.00597375	
288.00597136	
288.00596897	
288.00596658	
288.00596419	
288.00596181	
288.00595942	
288.00595704	
288.00595466	
288.00595228	
288.00594990	
288.00594752	
288.00594514	
288.00594276	
288.00594038	
288.00593800	
288.00593563	
288.00593326	
288.00593088	
288.00592851	
288.00592614	
288.00592377	
288.00592140	
288.00591903	
288.00591666	
288.00591430	
288.00591193	
288.00590956	
288.00590720	
288.00590484	
288.00590248	
288.00590012	
288.00589776	
288.00589540	
288.00589304	
288.00589068	
288.00588832	
288.00588597	
288.00588361	
288.00588126	
288.00587891	
288.00587656	
288.00587421	
288.00587186	
288.00586951	
288.00586716	
288.00586481	
288.00586247	
288.00586012	
288.00585778	
288.00585544	
288.00585309	
288.00585075	
288.00584841	
288.00584607	
288.00584373	
288.00584140	
288.00583906	
288.00583672	
288.00583439	
288.00583206	
288.00582972	
288.00582739	
288.00582506	
288.00582273	
288.00582040	
288.00581807	
288.00581575	
288.00581342	
288.00581109	
288.00580877	
288.00580645	
288.00580412	
288.00580180	
288.00579948	
288.00579716	
288.00579484	
288.00579252	
288.00579021	
288.00578789	
288.00578558	
288.00578326	
288.00578095	
288.00577864	
288.00577632	
288.00577401	
288.00577170	
288.00576940	
288.00576709	
288.00576478	
288.00576248	
288.00576017	
288.00575787	
288.00575556	
288.00575326	
288.00575096	
288.00574866	
288.00574636	
288.00574406	
288.00574176	
288.00573947	
288.00573717	
288.00573488	
288.00573258	
288.00573029	
288.00572800	
288.00572571	
288.00572342	
288.00572113	
288.00571884	
288.00571655	
288.00571426	
288.00571198	
288.00570969	
288.00570741	
288.00570513	
288.00570284	
288.00570056	
288.00569828	
288.00569600	
288.00569373	
288.00569145	
288.00568917	
288.00568690	
288.00568462	
288.00568235	
288.00568007	
288.00567780	
288.00567553	
288.00567326	
288.00567099	
288.00566872	
288.00566646	
288.00566419	
288.00566192	
288.00565966	
288.00565739	
288.00565513	
288.00565287	
288.00565061	
288.00564835	
288.00564609	
288.00564383	
288.00564157	
288.00563932	
288.00563706	
288.00563481	
288.00563255	
288.00563030	
288.00562805	
288.00562580	
288.00562355	
288.00562130	
288.00561905	
288.00561680	
288.00561455	
288.00561231	
288.00561006	
288.00560782	
288.00560558	
288.00560333	
288.00560109	
288.00559885	
288.00559661	
288.00559437	
288.00559214	
288.00558990	
288.00558766	
288.00558543	
288.00558319	
288.00558096	
288.00557873	
288.00557650	
288.00557427	
288.00557204	
288.00556981	
288.00556758	
288.00556535	
288.00556313	
288.00556090	
288.00555868	
288.00555645	
288.00555423	
288.00555201	
288.00554979	
288.00554757	
288.00554535	
288.00554313	
288.00554091	
288.00553870	
288.00553648	
288.00553427	
288.00553205	
288.00552984	
288.00552763	
288.00552542	
288.00552321	
288.00552100	
288.00551879	
288.00551658	
288.00551438	
288.00551217	
288.00550996	
288.00550776	
288.00550556	
288.00550336	
288.00550115	
288.00549895	
288.00549675	
288.00549456	
288.00549236	
288.00549016	
288.00548796	
288.00548577	
288.00548357	
288.00548138	
288.00547919	
288.00547700	
288.00547481	
288.00547262	
288.00547043	
288.00546824	
288.00546605	
288.00546387	
288.00546168	
288.00545950	
288.00545731	
288.00545513	
288.00545295	
288.00545077	
288.00544859	
288.00544641	
288.00544423	
288.00544205	
288.00543987	
288.00543770	
288.00543552	
288.00543335	
288.00543117	
288.00542900	
288.00542683	
288.00542466	
288.00542249	
288.00542032	
288.00541815	
288.00541599	
288.00541382	
288.00541165	
288.00540949	
288.00540732	
288.00540516	
288.00540300	
288.00540084	
288.00539868	
288.00539652	
288.00539436	
288.00539220	
288.00539005	
288.00538789	
288.00538573	
288.00538358	
288.00538143	
288.00537927	
288.00537712	
288.00537497	
288.00537282	
288.00537067	
288.00536852	
288.00536638	
288.00536423	
288.00536208	
288.00535994	
288.00535780	
288.00535565	
288.00535351	
288.00535137	
288.00534923	
288.00534709	
288.00534495	
288.00534281	
288.00534067	
288.00533854	
288.00533640	
288.00533427	
288.00533213	
288.00533000	
288.00532787	
288.00532574	
288.00532361	
288.00532148	
288.00531935	
288.00531722	
288.00531510	
288.00531297	
288.00531084	
288.00530872	
288.00530660	
288.00530447	
288.00530235	
288.00530023	
288.00529811	
288.00529599	
288.00529387	
288.00529176	
288.00528964	
288.00528752	
288.00528541	
288.00528329	
288.00528118	
288.00527907	
288.00527696	
288.00527485	
288.00527274	
288.00527063	
288.00526852	
288.00526641	
288.00526430	
288.00526220	
288.00526009	
288.00525799	
288.00525589	
288.00525378	
288.00525168	
288.00524958	
288.00524748	
288.00524538	
288.00524329	
288.00524119	
288.00523909	
288.00523700	
288.00523490	
288.00523281	
288.00523071	
288.00522862	
288.00522653	
288.00522444	
288.00522235	
288.00522026	
288.00521817	
288.00521609	
288.00521400	
288.00521191	
288.00520983	
288.00520774	
288.00520566	
288.00520358	
288.00520150	
288.00519942	
288.00519734	
288.00519526	
288.00519318	
288.00519110	
288.00518903	
288.00518695	
288.00518488	
288.00518280	
288.00518073	
288.00517866	
288.00517659	
288.00517452	
288.00517245	
288.00517038	
288.00516831	
288.00516624	
288.00516417	
288.00516211	
288.00516004	
288.00515798	
288.00515592	
288.00515385	
288.00515179	
288.00514973	
288.00514767	
288.00514561	
288.00514355	
288.00514150	
288.00513944	
288.00513739	
288.00513533	
288.00513328	
288.00513122	
288.00512917	
288.00512712	
288.00512507	
288.00512302	
288.00512097	
288.00511892	
288.00511687	
288.00511483	
288.00511278	
288.00511073	
288.00510869	
288.00510665	
288.00510460	
288.00510256	
288.00510052	
288.00509848	
288.00509644	
288.00509440	
288.00509237	
288.00509033	
288.00508829	
288.00508626	
288.00508422	
288.00508219	
288.00508016	
288.00507812	
288.00507609	
288.00507406	
288.00507203	
288.00507000	
288.00506798	
288.00506595	
288.00506392	
288.00506190	
288.00505987	
288.00505785	
288.00505582	
288.00505380	
288.00505178	
288.00504976	
288.00504774	
288.00504572	
288.00504370	
288.00504169	
288.00503967	
288.00503765	
288.00503564	
288.00503362	
288.00503161	
288.00502960	
288.00502759	
288.00502557	
288.00502356	
288.00502156	
288.00501955	
288.00501754	
288.00501553	
288.00501353	
288.00501152	
288.00500952	
288.00500751	
288.00500551	
288.00500351	
288.00500150	
288.00499950	
288.00499750	
288.00499551	
288.00499351	
288.00499151	
288.00498951	
288.00498752	
288.00498552	
288.00498353	
288.00498153	
288.00497954	
288.00497755	
288.00497556	
288.00497357	
288.00497158	
288.00496959	
288.00496760	
288.00496562	
288.00496363	
288.00496164	
288.00495966	
288.00495768	
288.00495569	
288.00495371	
288.00495173	
288.00494975	
288.00494777	
288.00494579	
288.00494381	
288.00494183	
288.00493986	
288.00493788	
288.00493591	
288.00493393	
288.00493196	
288.00492999	
288.00492801	
288.00492604	
288.00492407	
288.00492210	
288.00492013	
288.00491816	
288.00491620	
288.00491423	
288.00491227	
288.00491030	
288.00490834	
288.00490637	
288.00490441	
288.00490245	
288.00490049	
288.00489853	
288.00489657	
288.00489461	
288.00489265	
288.00489069	
288.00488874	
288.00488678	
288.00488483	
288.00488287	
288.00488092	
288.00487897	
288.00487702	
288.00487507	
288.00487312	
288.00487117	
288.00486922	
288.00486727	
288.00486532	
288.00486338	
288.00486143	
288.00485949	
288.00485754	
288.00485560	
288.00485366	
288.00485172	
288.00484978	
288.00484784	
288.00484590	
288.00484396	
288.00484202	
288.00484009	
288.00483815	
288.00483621	
288.00483428	
288.00483235	
288.00483041	
288.00482848	
288.00482655	
288.00482462	
288.00482269	
288.00482076	
288.00481883	
288.00481690	
288.00481498	
288.00481305	
288.00481113	
288.00480920	
288.00480728	
288.00480535	
288.00480343	
288.00480151	
288.00479959	
288.00479767	
288.00479575	
288.00479383	
288.00479192	
288.00479000	
288.00478808	
288.00478617	
288.00478425	
288.00478234	
288.00478043	
288.00477851	
288.00477660	
288.00477469	
288.00477278	
288.00477087	
288.00476897	
288.00476706	
288.00476515	
288.00476324	
288.00476134	
288.00475943	
288.00475753	
288.00475563	
288.00475373	
288.00475182	
288.00474992	
288.00474802	
288.00474612	
288.00474423	
288.00474233	
288.00474043	
288.00473854	
288.00473664	
288.00473475	
288.00473285	
288.00473096	
288.00472907	
288.00472717	
288.00472528	
288.00472339	
288.00472150	
288.00471962	
288.00471773	
288.00471584	
288.00471395	
288.00471207	
288.00471018	
288.00470830	
288.00470642	
288.00470453	
288.00470265	
288.00470077	
288.00469889	
288.00469701	
288.00469513	
288.00469325	
288.00469138	
288.00468950	
288.00468762	
288.00468575	
288.00468387	
288.00468200	
288.00468013	
288.00467826	
288.00467639	
288.00467451	
288.00467264	
288.00467078	
288.00466891	
288.00466704	
288.00466517	
288.00466331	
288.00466144	
288.00465958	
288.00465771	
288.00465585	
288.00465399	
288.00465213	
288.00465027	
288.00464841	
288.00464655	
288.00464469	
288.00464283	
288.00464097	
288.00463912	
288.00463726	
288.00463541	
288.00463355	
288.00463170	
288.00462985	
288.00462799	
288.00462614	
288.00462429	
288.00462244	
288.00462059	
288.00461874	
288.00461690	
288.00461505	
288.00461320	
288.00461136	
288.00460951	
288.00460767	
288.00460583	
288.00460399	
288.00460214	
288.00460030	
288.00459846	
288.00459662	
288.00459478	
288.00459295	
288.00459111	
288.00458927	
288.00458744	
288.00458560	
288.00458377	
288.00458193	
288.00458010	
288.00457827	
288.00457644	
288.00457461	
288.00457278	
288.00457095	
288.00456912	
288.00456729	
288.00456547	
288.00456364	
288.00456181	
288.00455999	
288.00455817	
288.00455634	
288.00455452	
288.00455270	
288.00455088	
288.00454906	
288.00454724	
288.00454542	
288.00454360	
288.00454178	
288.00453997	
288.00453815	
288.00453633	
288.00453452	
288.00453271	
288.00453089	
288.00452908	
288.00452727	
288.00452546	
288.00452365	
288.00452184	
288.00452003	
288.00451822	
288.00451641	
288.00451461	
288.00451280	
288.00451100	
288.00450919	
288.00450739	
288.00450559	
288.00450378	
288.00450198	
288.00450018	
288.00449838	
288.00449658	
288.00449478	
288.00449299	
288.00449119	
288.00448939	
288.00448760	
288.00448580	
288.00448401	
288.00448221	
288.00448042	
288.00447863	
288.00447684	
288.00447505	
288.00447326	
288.00447147	
288.00446968	
288.00446789	
288.00446610	
288.00446432	
288.00446253	
288.00446075	
288.00445896	
288.00445718	
288.00445539	
288.00445361	
288.00445183	
288.00445005	
288.00444827	
288.00444649	
288.00444471	
288.00444293	
288.00444116	
288.00443938	
288.00443761	
288.00443583	
288.00443406	
288.00443228	
288.00443051	
288.00442874	
288.00442697	
288.00442520	
288.00442342	
288.00442166	
288.00441989	
288.00441812	
288.00441635	
288.00441459	
288.00441282	
288.00441105	
288.00440929	
288.00440753	
288.00440576	
288.00440400	
288.00440224	
288.00440048	
288.00439872	
288.00439696	
288.00439520	
288.00439344	
288.00439168	
288.00438993	
288.00438817	
288.00438642	
288.00438466	
288.00438291	
288.00438115	
288.00437940	
288.00437765	
288.00437590	
288.00437415	
288.00437240	
288.00437065	
288.00436890	
288.00436715	
288.00436541	
288.00436366	
288.00436192	
288.00436017	
288.00435843	
288.00435668	
288.00435494	
288.00435320	
288.00435146	
288.00434972	
288.00434798	
288.00434624	
288.00434450	
288.00434276	
288.00434103	
288.00433929	
288.00433755	
288.00433582	
288.00433408	
288.00433235	
288.00433062	
288.00432888	
288.00432715	
288.00432542	
288.00432369	
288.00432196	
288.00432023	
288.00431851	
288.00431678	
288.00431505	
288.00431333	
288.00431160	
288.00430988	
288.00430815	
288.00430643	
288.00430471	
288.00430298	
288.00430126	
288.00429954	
288.00429782	
288.00429610	
288.00429439	
288.00429267	
288.00429095	
288.00428923	
288.00428752	
288.00428580	
288.00428409	
288.00428238	
288.00428066	
288.00427895	
288.00427724	
288.00427553	
288.00427382	
288.00427211	
288.00427040	
288.00426869	
288.00426698	
288.00426528	
288.00426357	
288.00426186	
288.00426016	
288.00425846	
288.00425675	
288.00425505	
288.00425335	
288.00425165	
288.00424995	
288.00424825	
288.00424655	
288.00424485	
288.00424315	
288.00424145	
288.00423976	
288.00423806	
288.00423637	
288.00423467	
288.00423298	
288.00423128	
288.00422959	
288.00422790	
288.00422621	
288.00422452	
288.00422283	
288.00422114	
288.00421945	
288.00421776	
288.00421608	
288.00421439	
288.00421270	
288.00421102	
288.00420933	
288.00420765	
288.00420597	
288.00420428	
288.00420260	
288.00420092	
288.00419924	
288.00419756	
288.00419588	
288.00419420	
288.00419253	
288.00419085	
288.00418917	
288.00418750	
288.00418582	
288.00418415	
288.00418247	
288.00418080	
288.00417913	
288.00417746	
288.00417579	
288.00417412	
288.00417245	
288.00417078	
288.00416911	
288.00416744	
288.00416577	
288.00416411	
288.00416244	
288.00416078	
288.00415911	
288.00415745	
288.00415579	
288.00415412	
288.00415246	
288.00415080	
288.00414914	
288.00414748	
288.00414582	
288.00414416	
288.00414251	
288.00414085	
288.00413919	
288.00413754	
288.00413588	
288.00413423	
288.00413257	
288.00413092	
288.00412927	
288.00412762	
288.00412597	
288.00412432	
288.00412267	
288.00412102	
288.00411937	
288.00411772	
288.00411607	
288.00411443	
288.00411278	
288.00411114	
288.00410949	
288.00410785	
288.00410621	
288.00410456	
288.00410292	
288.00410128	
288.00409964	
288.00409800	
288.00409636	
288.00409472	
288.00409308	
288.00409145	
288.00408981	
288.00408817	
288.00408654	
288.00408490	
288.00408327	
288.00408164	
288.00408000	
288.00407837	
288.00407674	
288.00407511	
288.00407348	
288.00407185	
288.00407022	
288.00406859	
288.00406697	
288.00406534	
288.00406371	
288.00406209	
288.00406046	
288.00405884	
288.00405722	
288.00405559	
288.00405397	
288.00405235	
288.00405073	
288.00404911	
288.00404749	
288.00404587	
288.00404425	
288.00404263	
288.00404102	
288.00403940	
288.00403778	
288.00403617	
288.00403455	
288.00403294	
288.00403133	
288.00402971	
288.00402810	
288.00402649	
288.00402488	
288.00402327	
288.00402166	
288.00402005	
288.00401845	
288.00401684	
288.00401523	
288.00401363	
288.00401202	
288.00401041	
288.00400881	
288.00400721	
288.00400560	
288.00400400	
288.00400240	
288.00400080	
288.00399920	
288.00399760	
288.00399600	
288.00399440	
288.00399280	
288.00399121	
288.00398961	
288.00398801	
288.00398642	
288.00398482	
288.00398323	
288.00398164	
288.00398005	
288.00397845	
288.00397686	
288.00397527	
288.00397368	
288.00397209	
288.00397050	
288.00396891	
288.00396733	
288.00396574	
288.00396415	
288.00396257	
288.00396098	
288.00395940	
288.00395781	
288.00395623	
288.00395465	
288.00395307	
288.00395149	
288.00394991	
288.00394833	
288.00394675	
288.00394517	
288.00394359	
288.00394201	
288.00394044	
288.00393886	
288.00393728	
288.00393571	
288.00393413	
288.00393256	
288.00393099	
288.00392942	
288.00392784	
288.00392627	
288.00392470	
288.00392313	
288.00392156	
288.00391999	
288.00391843	
288.00391686	
288.00391529	
288.00391373	
288.00391216	
288.00391060	
288.00390903	
288.00390747	
288.00390590	
288.00390434	
288.00390278	
288.00390122	
288.00389966	
288.00389810	
288.00389654	
288.00389498	
288.00389342	
288.00389187	
288.00389031	
288.00388875	
288.00388720	
288.00388564	
288.00388409	
288.00388253	
288.00388098	
288.00387943	
288.00387788	
288.00387633	
288.00387478	
288.00387323	
288.00387168	
288.00387013	
288.00386858	
288.00386703	
288.00386549	
288.00386394	
288.00386239	
288.00386085	
288.00385930	
288.00385776	
288.00385622	
288.00385468	
288.00385313	
288.00385159	
288.00385005	
288.00384851	
288.00384697	
288.00384543	
288.00384390	
288.00384236	
288.00384082	
288.00383928	
288.00383775	
288.00383621	
288.00383468	
288.00383315	
288.00383161	
288.00383008	
288.00382855	
288.00382702	
288.00382548	
288.00382395	
288.00382243	
288.00382090	
288.00381937	
288.00381784	
288.00381631	
288.00381479	
288.00381326	
288.00381174	
288.00381021	
288.00380869	
288.00380716	
288.00380564	
288.00380412	
288.00380260	
288.00380108	
288.00379955	
288.00379803	
288.00379652	
288.00379500	
288.00379348	
288.00379196	
288.00379044	
288.00378893	
288.00378741	
288.00378590	
288.00378438	
288.00378287	
288.00378136	
288.00377984	
288.00377833	
288.00377682	
288.00377531	
288.00377380	
288.00377229	
288.00377078	
288.00376927	
288.00376777	
288.00376626	
288.00376475	
288.00376325	
288.00376174	
288.00376024	
288.00375873	
288.00375723	
288.00375573	
288.00375422	
288.00375272	
288.00375122	
288.00374972	
288.00374822	
288.00374672	
288.00374522	
288.00374372	
288.00374223	
288.00374073	
288.00373923	
288.00373774	
288.00373624	
288.00373475	
288.00373325	
288.00373176	
288.00373027	
288.00372878	
288.00372728	
288.00372579	
288.00372430	
288.00372281	
288.00372132	
288.00371984	
288.00371835	
288.00371686	
288.00371537	
288.00371389	
288.00371240	
288.00371092	
288.00370943	
288.00370795	
288.00370647	
288.00370498	
288.00370350	
288.00370202	
288.00370054	
288.00369906	
288.00369758	
288.00369610	
288.00369462	
288.00369314	
288.00369167	
288.00369019	
288.00368871	
288.00368724	
288.00368576	
288.00368429	
288.00368282	
288.00368134	
288.00367987	
288.00367840	
288.00367693	
288.00367546	
288.00367399	
288.00367252	
288.00367105	
288.00366958	
288.00366811	
288.00366664	
288.00366518	
288.00366371	
288.00366225	
288.00366078	
288.00365932	
288.00365785	
288.00365639	
288.00365493	
288.00365346	
288.00365200	
288.00365054	
288.00364908	
288.00364762	
288.00364616	
288.00364471	
288.00364325	
288.00364179	
288.00364033	
288.00363888	
288.00363742	
288.00363597	
288.00363451	
288.00363306	
288.00363161	
288.00363015	
288.00362870	
288.00362725	
288.00362580	
288.00362435	
288.00362290	
288.00362145	
288.00362000	
288.00361855	
288.00361711	
288.00361566	
288.00361421	
288.00361277	
288.00361132	
288.00360988	
288.00360843	
288.00360699	
288.00360555	
288.00360410	
288.00360266	
288.00360122	
288.00359978	
288.00359834	
288.00359690	
288.00359546	
288.00359403	
288.00359259	
288.00359115	
288.00358971	
288.00358828	
288.00358684	
288.00358541	
288.00358397	
288.00358254	
288.00358111	
288.00357967	
288.00357824	
288.00357681	
288.00357538	
288.00357395	
288.00357252	
288.00357109	
288.00356966	
288.00356824	
288.00356681	
288.00356538	
288.00356396	
288.00356253	
288.00356111	
288.00355968	
288.00355826	
288.00355683	
288.00355541	
288.00355399	
288.00355257	
288.00355115	
288.00354973	
288.00354831	
288.00354689	
288.00354547	
288.00354405	
288.00354263	
288.00354121	
288.00353980	
288.00353838	
288.00353697	
288.00353555	
288.00353414	
288.00353272	
288.00353131	
288.00352990	
288.00352849	
288.00352708	
288.00352566	
288.00352425	
288.00352284	
288.00352144	
288.00352003	
288.00351862	
288.00351721	
288.00351580	
288.00351440	
288.00351299	
288.00351159	
288.00351018	
288.00350878	
288.00350737	
288.00350597	
288.00350457	
288.00350317	
288.00350177	
288.00350037	
288.00349897	
288.00349757	
288.00349617	
288.00349477	
288.00349337	
288.00349197	
288.00349058	
288.00348918	
288.00348778	
288.00348639	
288.00348499	
288.00348360	
288.00348221	
288.00348081	
288.00347942	
288.00347803	
288.00347664	
288.00347525	
288.00347386	
288.00347247	
288.00347108	
288.00346969	
288.00346830	
288.00346692	
288.00346553	
288.00346414	
288.00346276	
288.00346137	
288.00345999	
288.00345860	
288.00345722	
288.00345584	
288.00345446	
288.00345307	
288.00345169	
288.00345031	
288.00344893	
288.00344755	
288.00344617	
288.00344479	
288.00344342	
288.00344204	
288.00344066	
288.00343929	
288.00343791	
288.00343654	
288.00343516	
288.00343379	
288.00343241	
288.00343104	
288.00342967	
288.00342830	
288.00342692	
288.00342555	
288.00342418	
288.00342281	
288.00342144	
288.00342008	
288.00341871	
288.00341734	
288.00341597	
288.00341461	
288.00341324	
288.00341188	
288.00341051	
288.00340915	
288.00340778	
288.00340642	
288.00340506	
288.00340370	
288.00340233	
288.00340097	
288.00339961	
288.00339825	
288.00339689	
288.00339554	
288.00339418	
288.00339282	
288.00339146	
288.00339011	
288.00338875	
288.00338739	
288.00338604	
288.00338468	
288.00338333	
288.00338198	
288.00338062	
288.00337927	
288.00337792	
288.00337657	
288.00337522	
288.00337387	
288.00337252	
288.00337117	
288.00336982	
288.00336847	
288.00336713	
288.00336578	
288.00336443	
288.00336309	
288.00336174	
288.00336040	
288.00335905	
288.00335771	
288.00335637	
288.00335502	
288.00335368	
288.00335234	
288.00335100	
288.00334966	
288.00334832	
288.00334698	
288.00334564	
288.00334430	
288.00334297	
288.00334163	
288.00334029	
288.00333896	
288.00333762	
288.00333628	
288.00333495	
288.00333362	
288.00333228	
288.00333095	
288.00332962	
288.00332829	
288.00332695	
288.00332562	
288.00332429	
288.00332296	
288.00332163	
288.00332031	
288.00331898	
288.00331765	
288.00331632	
288.00331500	
288.00331367	
288.00331235	
288.00331102	
288.00330970	
288.00330837	
288.00330705	
288.00330573	
288.00330440	
288.00330308	
288.00330176	
288.00330044	
288.00329912	
288.00329780	
288.00329648	
288.00329516	
288.00329384	
288.00329253	
288.00329121	
288.00328989	
288.00328858	
288.00328726	
288.00328595	
288.00328463	
288.00328332	
288.00328201	
288.00328069	
288.00327938	
288.00327807	
288.00327676	
288.00327545	
288.00327414	
288.00327283	
288.00327152	
288.00327021	
288.00326890	
288.00326759	
288.00326629	
288.00326498	
288.00326367	
288.00326237	
288.00326106	
288.00325976	
288.00325845	
288.00325715	
288.00325585	
288.00325455	
288.00325324	
288.00325194	
288.00325064	
288.00324934	
288.00324804	
288.00324674	
288.00324544	
288.00324415	
288.00324285	
288.00324155	
288.00324025	
288.00323896	
288.00323766	
288.00323637	
288.00323507	
288.00323378	
288.00323249	
288.00323119	
288.00322990	
288.00322861	
288.00322732	
288.00322603	
288.00322474	
288.00322345	
288.00322216	
288.00322087	
288.00321958	
288.00321829	
288.00321700	
288.00321572	
288.00321443	
288.00321315	
288.00321186	
288.00321058	
288.00320929	
288.00320801	
288.00320672	
288.00320544	
288.00320416	
288.00320288	
288.00320160	
288.00320032	
288.00319904	
288.00319776	
288.00319648	
288.00319520	
288.00319392	
288.00319264	
288.00319137	
288.00319009	
288.00318881	
288.00318754	
288.00318626	
288.00318499	
288.00318371	
288.00318244	
288.00318117	
288.00317990	
288.00317862	
288.00317735	
288.00317608	
288.00317481	
288.00317354	
288.00317227	
288.00317100	
288.00316973	
288.00316847	
288.00316720	
288.00316593	
288.00316467	
288.00316340	
288.00316213	
288.00316087	
288.00315960	
288.00315834	
288.00315708	
288.00315581	
288.00315455	
288.00315329	
288.00315203	
288.00315077	
288.00314951	
288.00314825	
288.00314699	
288.00314573	
288.00314447	
288.00314321	
288.00314196	
288.00314070	
288.00313944	
288.00313819	
288.00313693	
288.00313568	
288.00313442	
288.00313317	
288.00313192	
288.00313066	
288.00312941	
288.00312816	
288.00312691	
288.00312566	
288.00312441	
288.00312316	
288.00312191	
288.00312066	
288.00311941	
288.00311816	
288.00311692	
288.00311567	
288.00311442	
288.00311318	
288.00311193	
288.00311069	
288.00310944	
288.00310820	
288.00310696	
288.00310571	
288.00310447	
288.00310323	
288.00310199	
288.00310075	
288.00309951	
288.00309827	
288.00309703	
288.00309579	
288.00309455	
288.00309331	
288.00309208	
288.00309084	
288.00308960	
288.00308837	
288.00308713	
288.00308590	
288.00308466	
288.00308343	
288.00308220	
288.00308096	
288.00307973	
288.00307850	
288.00307727	
288.00307604	
288.00307481	
288.00307358	
288.00307235	
288.00307112	
288.00306989	
288.00306866	
288.00306743	
288.00306621	
288.00306498	
288.00306375	
288.00306253	
288.00306130	
288.00306008	
288.00305885	
288.00305763	
288.00305641	
288.00305519	
288.00305396	
288.00305274	
288.00305152	
288.00305030	
288.00304908	
288.00304786	
288.00304664	
288.00304542	
288.00304420	
288.00304299	
288.00304177	
288.00304055	
288.00303934	
288.00303812	
288.00303691	
288.00303569	
288.00303448	
288.00303326	
288.00303205	
288.00303084	
288.00302962	
288.00302841	
288.00302720	
288.00302599	
288.00302478	
288.00302357	
288.00302236	
288.00302115	
288.00301994	
288.00301873	
288.00301753	
288.00301632	
288.00301511	
288.00301391	
288.00301270	
288.00301150	
288.00301029	
288.00300909	
288.00300788	
288.00300668	
288.00300548	
288.00300428	
288.00300308	
288.00300187	
288.00300067	
288.00299947	
288.00299827	
288.00299707	
288.00299587	
288.00299468	
288.00299348	
288.00299228	
288.00299108	
288.00298989	
288.00298869	
288.00298750	
288.00298630	
288.00298511	
288.00298391	
288.00298272	
288.00298153	
288.00298033	
288.00297914	
288.00297795	
288.00297676	
288.00297557	
288.00297438	
288.00297319	
288.00297200	
288.00297081	
288.00296962	
288.00296843	
288.00296725	
288.00296606	
288.00296487	
288.00296369	
288.00296250	
288.00296132	
288.00296013	
288.00295895	
288.00295776	
288.00295658	
288.00295540	
288.00295422	
288.00295304	
288.00295185	
288.00295067	
288.00294949	
288.00294831	
288.00294713	
288.00294595	
288.00294478	
288.00294360	
288.00294242	
288.00294124	
288.00294007	
288.00293889	
288.00293772	
288.00293654	
288.00293537	
288.00293419	
288.00293302	
288.00293185	
288.00293067	
288.00292950	
288.00292833	
288.00292716	
288.00292599	
288.00292482	
288.00292365	
288.00292248	
288.00292131	
288.00292014	
288.00291897	
288.00291780	
288.00291664	
288.00291547	
288.00291430	
288.00291314	
288.00291197	
288.00291081	
288.00290964	
288.00290848	
288.00290732	
288.00290615	
288.00290499	
288.00290383	
288.00290267	
288.00290151	
288.00290035	
288.00289919	
288.00289803	
288.00289687	
288.00289571	
288.00289455	
288.00289339	
288.00289223	
288.00289108	
288.00288992	
288.00288876	
288.00288761	
288.00288645	
288.00288530	
288.00288415	
288.00288299	
288.00288184	
288.00288069	
288.00287953	
288.00287838	
288.00287723	
288.00287608	
288.00287493	
288.00287378	
288.00287263	
288.00287148	
288.00287033	
288.00286918	
288.00286804	
288.00286689	
288.00286574	
288.00286460	
288.00286345	
288.00286230	
288.00286116	
288.00286002	
288.00285887	
288.00285773	
288.00285658	
288.00285544	
288.00285430	
288.00285316	
288.00285202	
288.00285088	
288.00284974	
288.00284860	
288.00284746	
288.00284632	
288.00284518	
288.00284404	
288.00284290	
288.00284177	
288.00284063	
288.00283949	
288.00283836	
288.00283722	
288.00283609	
288.00283495	
288.00283382	
288.00283269	
288.00283155	
288.00283042	
288.00282929	
288.00282816	
288.00282702	
288.00282589	
288.00282476	
288.00282363	
288.00282250	
288.00282137	
288.00282025	
288.00281912	
288.00281799	
288.00281686	
288.00281574	
288.00281461	
288.00281348	
288.00281236	
288.00281123	
288.00281011	
288.00280899	
288.00280786	
288.00280674	
288.00280562	
288.00280449	
288.00280337	
288.00280225	
288.00280113	
288.00280001	
288.00279889	
288.00279777	
288.00279665	
288.00279553	
288.00279441	
288.00279330	
288.00279218	
288.00279106	
288.00278995	
288.00278883	
288.00278771	
288.00278660	
288.00278548	
288.00278437	
288.00278326	
288.00278214	
288.00278103	
288.00277992	
288.00277881	
288.00277769	
288.00277658	
288.00277547	
288.00277436	
288.00277325	
288.00277214	
288.00277103	
288.00276993	
288.00276882	
288.00276771	
288.00276660	
288.00276550	
288.00276439	
288.00276328	
288.00276218	
288.00276107	
288.00275997	
288.00275887	
288.00275776	
288.00275666	
288.00275556	
288.00275445	
288.00275335	
288.00275225	
288.00275115	
288.00275005	
288.00274895	
288.00274785	
288.00274675	
288.00274565	
288.00274455	
288.00274346	
288.00274236	
288.00274126	
288.00274017	
288.00273907	
288.00273797	
288.00273688	
288.00273578	
288.00273469	
288.00273360	
288.00273250	
288.00273141	
288.00273032	
288.00272923	
288.00272813	
288.00272704	
288.00272595	
288.00272486	
288.00272377	
288.00272268	
288.00272159	
288.00272050	
288.00271942	
288.00271833	
288.00271724	
288.00271615	
288.00271507	
288.00271398	
288.00271290	
288.00271181	
288.00271073	
288.00270964	
288.00270856	
288.00270747	
288.00270639	
288.00270531	
288.00270423	
288.00270314	
288.00270206	
288.00270098	
288.00269990	
288.00269882	
288.00269774	
288.00269666	
288.00269558	
288.00269451	
288.00269343	
288.00269235	
288.00269127	
288.00269020	
288.00268912	
288.00268805	
288.00268697	
288.00268590	
288.00268482	
288.00268375	
288.00268267	
288.00268160	
288.00268053	
288.00267946	
288.00267838	
288.00267731	
288.00267624	
288.00267517	
288.00267410	
288.00267303	
288.00267196	
288.00267089	
288.00266983	
288.00266876	
288.00266769	
288.00266662	
288.00266556	
288.00266449	
288.00266342	
288.00266236	
288.00266129	
288.00266023	
288.00265917	
288.00265810	
288.00265704	
288.00265598	
288.00265491	
288.00265385	
288.00265279	
288.00265173	
288.00265067	
288.00264961	
288.00264855	
288.00264749	
288.00264643	
288.00264537	
288.00264431	
288.00264326	
288.00264220	
288.00264114	
288.00264008	
288.00263903	
288.00263797	
288.00263692	
288.00263586	
288.00263481	
288.00263375	
288.00263270	
288.00263165	
288.00263060	
288.00262954	
288.00262849	
288.00262744	
288.00262639	
288.00262534	
288.00262429	
288.00262324	
288.00262219	
288.00262114	
288.00262009	
288.00261904	
288.00261800	
288.00261695	
288.00261590	
288.00261486	
288.00261381	
288.00261276	
288.00261172	
288.00261068	
288.00260963	
288.00260859	
288.00260754	
288.00260650	
288.00260546	
288.00260442	
288.00260337	
288.00260233	
288.00260129	
288.00260025	
288.00259921	
288.00259817	
288.00259713	
288.00259609	
288.00259505	
288.00259402	
288.00259298	
288.00259194	
288.00259091	
288.00258987	
288.00258883	
288.00258780	
288.00258676	
288.00258573	
288.00258469	
288.00258366	
288.00258263	
288.00258159	
288.00258056	
288.00257953	
288.00257850	
288.00257746	
288.00257643	
288.00257540	
288.00257437	
288.00257334	
288.00257231	
288.00257128	
288.00257026	
288.00256923	
288.00256820	
288.00256717	
288.00256615	
288.00256512	
288.00256409	
288.00256307	
288.00256204	
288.00256102	
288.00255999	
288.00255897	
288.00255795	
288.00255692	
288.00255590	
288.00255488	
288.00255386	
288.00255283	
288.00255181	
288.00255079	
288.00254977	
288.00254875	
288.00254773	
288.00254671	
288.00254570	
288.00254468	
288.00254366	
288.00254264	
288.00254162	
288.00254061	
288.00253959	
288.00253858	
288.00253756	
288.00253655	
288.00253553	
288.00253452	
288.00253350	
288.00253249	
288.00253148	
288.00253046	
288.00252945	
288.00252844	
288.00252743	
288.00252642	
288.00252541	
288.00252440	
288.00252339	
288.00252238	
288.00252137	
288.00252036	
288.00251935	
288.00251834	
288.00251734	
288.00251633	
288.00251532	
288.00251432	
288.00251331	
288.00251231	
288.00251130	
288.00251030	
288.00250929	
288.00250829	
288.00250729	
288.00250628	
288.00250528	
288.00250428	
288.00250328	
288.00250228	
288.00250127	
288.00250027	
288.00249927	
288.00249827	
288.00249727	
288.00249628	
288.00249528	
288.00249428	
288.00249328	
288.00249228	
288.00249129	
288.00249029	
288.00248929	
288.00248830	
288.00248730	
288.00248631	
288.00248531	
288.00248432	
288.00248333	
288.00248233	
288.00248134	
288.00248035	
288.00247936	
288.00247836	
288.00247737	
288.00247638	
288.00247539	
288.00247440	
288.00247341	
288.00247242	
288.00247143	
288.00247044	
288.00246946	
288.00246847	
288.00246748	
288.00246649	
288.00246551	
288.00246452	
288.00246353	
288.00246255	
288.00246156	
288.00246058	
288.00245960	
288.00245861	
288.00245763	
288.00245665	
288.00245566	
288.00245468	
288.00245370	
288.00245272	
288.00245174	
288.00245076	
288.00244977	
288.00244879	
288.00244782	
288.00244684	
288.00244586	
288.00244488	
288.00244390	
288.00244292	
288.00244195	
288.00244097	
288.00243999	
288.00243902	
288.00243804	
288.00243707	
288.00243609	
288.00243512	
288.00243414	
288.00243317	
288.00243220	
288.00243122	
288.00243025	
288.00242928	
288.00242831	
288.00242734	
288.00242636	
288.00242539	
288.00242442	
288.00242345	
288.00242248	
288.00242152	
288.00242055	
288.00241958	
288.00241861	
288.00241764	
288.00241668	
288.00241571	
288.00241474	
288.00241378	
288.00241281	
288.00241185	
288.00241088	
288.00240992	
288.00240895	
288.00240799	
288.00240703	
288.00240606	
288.00240510	
288.00240414	
288.00240318	
288.00240222	
288.00240126	
288.00240030	
288.00239934	
288.00239838	
288.00239742	
288.00239646	
288.00239550	
288.00239454	
288.00239358	
288.00239263	
288.00239167	
288.00239071	
288.00238976	
288.00238880	
288.00238784	
288.00238689	
288.00238593	
288.00238498	
288.00238403	
288.00238307	
288.00238212	
288.00238117	
288.00238021	
288.00237926	
288.00237831	
288.00237736	
288.00237641	
288.00237546	
288.00237451	
288.00237356	
288.00237261	
288.00237166	
288.00237071	
288.00236976	
288.00236881	
288.00236787	
288.00236692	
288.00236597	
288.00236503	
288.00236408	
288.00236313	
288.00236219	
288.00236124	
288.00236030	
288.00235936	
288.00235841	
288.00235747	
288.00235653	
288.00235558	
288.00235464	
288.00235370	
288.00235276	
288.00235182	
288.00235088	
288.00234994	
288.00234900	
288.00234806	
288.00234712	
288.00234618	
288.00234524	
288.00234430	
288.00234336	
288.00234243	
288.00234149	
288.00234055	
288.00233962	
288.00233868	
288.00233774	
288.00233681	
288.00233588	
288.00233494	
288.00233401	
288.00233307	
288.00233214	
288.00233121	
288.00233027	
288.00232934	
288.00232841	
288.00232748	
288.00232655	
288.00232562	
288.00232469	
288.00232376	
288.00232283	
288.00232190	
288.00232097	
288.00232004	
288.00231911	
288.00231819	
288.00231726	
288.00231633	
288.00231541	
288.00231448	
288.00231355	
288.00231263	
288.00231170	
288.00231078	
288.00230985	
288.00230893	
288.00230801	
288.00230708	
288.00230616	
288.00230524	
288.00230432	
288.00230339	
288.00230247	
288.00230155	
288.00230063	
288.00229971	
288.00229879	
288.00229787	
288.00229695	
288.00229603	
288.00229512	
288.00229420	
288.00229328	
288.00229236	
288.00229145	
288.00229053	
288.00228961	
288.00228870	
288.00228778	
288.00228687	
288.00228595	
288.00228504	
288.00228412	
288.00228321	
288.00228230	
288.00228138	
288.00228047	
288.00227956	
288.00227865	
288.00227773	
288.00227682	
288.00227591	
288.00227500	
288.00227409	
288.00227318	
288.00227227	
288.00227136	
288.00227046	
288.00226955	
288.00226864	
288.00226773	
288.00226683	
288.00226592	
288.00226501	
288.00226411	
288.00226320	
288.00226230	
288.00226139	
288.00226049	
288.00225958	
288.00225868	
288.00225777	
288.00225687	
288.00225597	
288.00225507	
288.00225416	
288.00225326	
288.00225236	
288.00225146	
288.00225056	
288.00224966	
288.00224876	
288.00224786	
288.00224696	
288.00224606	
288.00224516	
288.00224427	
288.00224337	
288.00224247	
288.00224157	
288.00224068	
288.00223978	
288.00223889	
288.00223799	
288.00223709	
288.00223620	
288.00223531	
288.00223441	
288.00223352	
288.00223262	
288.00223173	
288.00223084	
288.00222995	
288.00222905	
288.00222816	
288.00222727	
288.00222638	
