0.00630278	
0.00279102	
0.00279102	
0.00279102	
-0.00071341	
-0.00071341	
-0.00071341	
-0.00421044	
-0.00421044	
-0.00421044	
-0.00769997	
-0.00769997	
-0.00769997	
-0.01118193	
-0.01118193	
-0.01465623	
-0.01465623	
-0.01465623	
-0.01812281	
-0.01812281	
-0.01812281	
-0.02158159	
-0.02158159	
-0.02503249	
-0.02503249	
-0.02503249	
-0.02847545	
-0.02847545	
-0.02847545	
-0.03191040	
-0.03191040	
-0.03533726	
-0.03533726	
-0.03533726	
-0.03875598	
-0.03875598	
-0.03875598	
-0.04216649	
-0.04216649	
-0.04216649	
-0.04556873	
-0.04556873	
-0.04556873	
-0.04896263	
-0.04896263	
-0.05234815	
-0.05234815	
-0.05234815	
-0.05572521	
-0.05572521	
-0.05909377	
-0.05909377	
-0.05909377	
-0.06245377	
-0.06245377	
-0.06245377	
-0.06580517	
-0.06580517	
-0.06914789	
-0.06914789	
-0.06914789	
-0.07248191	
-0.07248191	
-0.07248191	
-0.07580716	
-0.07580716	
-0.07580716	
-0.07912361	
-0.07912361	
-0.07912361	
-0.08243120	
-0.08243120	
-0.08572989	
-0.08572989	
-0.08572989	
-0.08901964	
-0.08901964	
-0.09230041	
-0.09230041	
-0.09230041	
-0.09557216	
-0.09557216	
-0.09557216	
-0.09883484	
-0.09883484	
-0.09883484	
-0.10208841	
-0.10208841	
-0.10533285	
-0.10533285	
-0.10533285	
-0.10856812	
-0.10856812	
-0.10856812	
-0.11179417	
-0.11179417	
-0.11179417	
-0.11501098	
-0.11501098	
-0.11501098	
-0.11821851	
-0.11821851	
-0.12141673	
-0.12141673	
-0.12460561	
-0.12460561	
-0.12460561	
-0.12778512	
-0.12778512	
-0.12778512	
-0.13095524	
-0.13095524	
-0.13095524	
-0.13411592	
-0.13411592	
-0.13726715	
-0.13726715	
-0.13726715	
-0.14040891	
-0.14040891	
-0.14040891	
-0.14354115	
-0.14354115	
-0.14354115	
-0.14666386	
-0.14666386	
-0.14666386	
-0.14977702	
-0.14977702	
-0.15288061	
-0.15288061	
-0.15597459	
-0.15597459	
-0.15597459	
-0.15905895	
-0.15905895	
-0.15905895	
-0.16213366	
-0.16213366	
-0.16213366	
-0.16519872	
-0.16519872	
-0.16519872	
-0.16825409	
-0.16825409	
-0.17129976	
-0.17129976	
-0.17129976	
-0.17433571	
-0.17433571	
-0.17433571	
-0.17736192	
-0.17736192	
-0.17736192	
-0.18037838	
-0.18037838	
-0.18037838	
-0.18338507	
-0.18638196	
-0.18638196	
-0.18638196	
-0.18936906	
-0.18936906	
-0.18936906	
-0.19234634	
-0.19234634	
-0.19234634	
-0.19531378	
-0.19531378	
-0.19531378	
-0.19827138	
-0.19827138	
-0.20121912	
-0.20121912	
-0.20121912	
-0.20415699	
-0.20415699	
-0.20415699	
-0.20708497	
-0.20708497	
-0.20708497	
-0.21000305	
-0.21000305	
-0.21000305	
-0.21291123	
-0.21291123	
-0.21580948	
-0.21580948	
-0.21869780	
-0.21869780	
-0.21869780	
-0.22157618	
-0.22157618	
-0.22157618	
-0.22444460	
-0.22444460	
-0.22444460	
-0.22730306	
-0.22730306	
-0.22730306	
-0.23015154	
-0.23015154	
-0.23299005	
-0.23299005	
-0.23299005	
-0.23581856	
-0.23581856	
-0.23581856	
-0.23863707	
-0.23863707	
-0.23863707	
-0.24144557	
-0.24144557	
-0.24424405	
-0.24424405	
-0.24703251	
-0.24703251	
-0.24703251	
-0.24981093	
-0.24981093	
-0.24981093	
-0.25257931	
-0.25257931	
-0.25257931	
-0.25533764	
-0.25533764	
-0.25533764	
-0.25808591	
-0.25808591	
-0.26082412	
-0.26082412	
-0.26082412	
-0.26355226	
-0.26355226	
-0.26355226	
-0.26627032	
-0.26627032	
-0.26627032	
-0.26897830	
-0.26897830	
-0.27167619	
-0.27167619	
-0.27167619	
-0.27436398	
-0.27436398	
-0.27704166	
-0.27704166	
-0.27704166	
-0.27970924	
-0.27970924	
-0.27970924	
-0.28236670	
-0.28236670	
-0.28236670	
-0.28501404	
-0.28501404	
-0.28501404	
-0.28765125	
-0.28765125	
-0.29027833	
-0.29027833	
-0.29027833	
-0.29289528	
-0.29289528	
-0.29289528	
-0.29550208	
-0.29550208	
-0.29809873	
-0.29809873	
-0.29809873	
-0.30068522	
-0.30068522	
-0.30326156	
-0.30326156	
-0.30326156	
-0.30582773	
-0.30582773	
-0.30582773	
-0.30838373	
-0.30838373	
-0.30838373	
-0.31092955	
-0.31092955	
-0.31092955	
-0.31346519	
-0.31346519	
-0.31599065	
-0.31599065	
-0.31599065	
-0.31850592	
-0.31850592	
-0.31850592	
-0.32101099	
-0.32101099	
-0.32350586	
-0.32350586	
-0.32350586	
-0.32599052	
-0.32599052	
-0.32599052	
-0.32846497	
-0.32846497	
-0.33092921	
-0.33092921	
-0.33092921	
-0.33338323	
-0.33338323	
-0.33338323	
-0.33582701	
-0.33582701	
-0.33582701	
-0.33826057	
-0.33826057	
-0.33826057	
-0.34068389	
-0.34068389	
-0.34309697	
-0.34309697	
-0.34309697	
-0.34549980	
-0.34549980	
-0.34789238	
-0.34789238	
-0.34789238	
-0.35027470	
-0.35027470	
-0.35027470	
-0.35264676	
-0.35264676	
-0.35500855	
-0.35500855	
-0.35500855	
-0.35736007	
-0.35736007	
-0.35736007	
-0.35970131	
-0.35970131	
-0.35970131	
-0.36203227	
-0.36203227	
-0.36203227	
-0.36435293	
-0.36435293	
-0.36666330	
-0.36666330	
-0.36666330	
-0.36896338	
-0.36896338	
-0.37125314	
-0.37125314	
-0.37125314	
-0.37353259	
-0.37353259	
-0.37353259	
-0.37580173	
-0.37580173	
-0.37580173	
-0.37806054	
-0.37806054	
-0.38030902	
-0.38030902	
-0.38030902	
-0.38254717	
-0.38254717	
-0.38254717	
-0.38477498	
-0.38477498	
-0.38477498	
-0.38699244	
-0.38699244	
-0.38699244	
-0.38919954	
-0.38919954	
-0.39139629	
-0.39139629	
-0.39358267	
-0.39358267	
-0.39358267	
-0.39575867	
-0.39575867	
-0.39575867	
-0.39792430	
-0.39792430	
-0.39792430	
-0.40007955	
-0.40007955	
-0.40222440	
-0.40222440	
-0.40222440	
-0.40435885	
-0.40435885	
-0.40435885	
-0.40648290	
-0.40648290	
-0.40648290	
-0.40859653	
-0.40859653	
-0.40859653	
-0.41069975	
-0.41069975	
-0.41279254	
-0.41279254	
-0.41487489	
-0.41487489	
-0.41487489	
-0.41694681	
-0.41694681	
-0.41694681	
-0.41900828	
-0.41900828	
-0.41900828	
-0.42105929	
-0.42105929	
-0.42105929	
-0.42309984	
-0.42309984	
-0.42512992	
-0.42512992	
-0.42512992	
-0.42714953	
-0.42714953	
-0.42714953	
-0.42915864	
-0.42915864	
-0.42915864	
-0.43115727	
-0.43115727	
-0.43115727	
-0.43314539	
-0.43512301	
-0.43512301	
-0.43512301	
-0.43709011	
-0.43709011	
-0.43709011	
-0.43904668	
-0.43904668	
-0.43904668	
-0.44099272	
-0.44099272	
-0.44099272	
-0.44292822	
-0.44292822	
-0.44485317	
-0.44485317	
-0.44485317	
-0.44676756	
-0.44676756	
-0.44676756	
-0.44867138	
-0.44867138	
-0.44867138	
-0.45056463	
-0.45056463	
-0.45056463	
-0.45244729	
-0.45244729	
-0.45431937	
-0.45431937	
-0.45618083	
-0.45618083	
-0.45618083	
-0.45803169	
-0.45803169	
-0.45803169	
-0.45987193	
-0.45987193	
-0.45987193	
-0.46170154	
-0.46170154	
-0.46170154	
-0.46352051	
-0.46352051	
-0.46532884	
-0.46532884	
-0.46532884	
-0.46712650	
-0.46712650	
-0.46712650	
-0.46891350	
-0.46891350	
-0.46891350	
-0.47068983	
-0.47068983	
-0.47245547	
-0.47245547	
-0.47421041	
-0.47421041	
-0.47421041	
-0.47595465	
-0.47595465	
-0.47595465	
-0.47768817	
-0.47768817	
-0.47768817	
-0.47941097	
-0.47941097	
-0.47941097	
-0.48112303	
-0.48112303	
-0.48282435	
-0.48282435	
-0.48282435	
-0.48451492	
-0.48451492	
-0.48451492	
-0.48619471	
-0.48619471	
-0.48619471	
-0.48786374	
-0.48786374	
-0.48952197	
-0.48952197	
-0.48952197	
-0.49116942	
-0.49116942	
-0.49280605	
-0.49280605	
-0.49280605	
-0.49443186	
-0.49443186	
-0.49443186	
-0.49604685	
-0.49604685	
-0.49604685	
-0.49765100	
-0.49765100	
-0.49765100	
-0.49924430	
-0.49924430	
-0.50082674	
-0.50082674	
-0.50082674	
-0.50239831	
-0.50239831	
-0.50239831	
-0.50395899	
-0.50395899	
-0.50550878	
-0.50550878	
-0.50550878	
-0.50704767	
-0.50704767	
-0.50857564	
-0.50857564	
-0.50857564	
-0.51009268	
-0.51009268	
-0.51009268	
-0.51159879	
-0.51159879	
-0.51159879	
-0.51309395	
-0.51309395	
-0.51309395	
-0.51457814	
-0.51457814	
-0.51605136	
-0.51605136	
-0.51605136	
-0.51751360	
-0.51751360	
-0.51751360	
-0.51896484	
-0.51896484	
-0.52040508	
-0.52040508	
-0.52040508	
-0.52183430	
-0.52183430	
-0.52183430	
-0.52325248	
-0.52325248	
-0.52465962	
-0.52465962	
-0.52465962	
-0.52605571	
-0.52605571	
-0.52605571	
-0.52744074	
-0.52744074	
-0.52744074	
-0.52881468	
-0.52881468	
-0.52881468	
-0.53017754	
-0.53017754	
-0.53152929	
-0.53152929	
-0.53152929	
-0.53286993	
-0.53286993	
-0.53419944	
-0.53419944	
-0.53419944	
-0.53551782	
-0.53551782	
-0.53551782	
-0.53682504	
-0.53682504	
-0.53812110	
-0.53812110	
-0.53812110	
-0.53940599	
-0.53940599	
-0.53940599	
-0.54067969	
-0.54067969	
-0.54067969	
-0.54194219	
-0.54194219	
-0.54194219	
-0.54319348	
-0.54319348	
-0.54443355	
-0.54443355	
-0.54443355	
-0.54566237	
-0.54566237	
-0.54687995	
-0.54687995	
-0.54687995	
-0.54808627	
-0.54808627	
-0.54808627	
-0.54928131	
-0.54928131	
-0.54928131	
-0.55046507	
-0.55046507	
-0.55163753	
-0.55163753	
-0.55163753	
-0.55279867	
-0.55279867	
-0.55279867	
-0.55394849	
-0.55394849	
-0.55394849	
-0.55508698	
-0.55508698	
-0.55508698	
-0.55621411	
-0.55621411	
-0.55732988	
-0.55732988	
-0.55843428	
-0.55843428	
-0.55843428	
-0.55952729	
-0.55952729	
-0.55952729	
-0.56060889	
-0.56060889	
-0.56060889	
-0.56167909	
-0.56167909	
-0.56273786	
-0.56273786	
-0.56273786	
-0.56378519	
-0.56378519	
-0.56378519	
-0.56482106	
-0.56482106	
-0.56482106	
-0.56584548	
-0.56584548	
-0.56584548	
-0.56685841	
-0.56685841	
-0.56785985	
-0.56785985	
-0.56884980	
-0.56884980	
-0.56884980	
-0.56982822	
-0.56982822	
-0.56982822	
-0.57079512	
-0.57079512	
-0.57079512	
-0.57175047	
-0.57175047	
-0.57175047	
-0.57269427	
-0.57269427	
-0.57362650	
-0.57362650	
-0.57362650	
-0.57454715	
-0.57454715	
-0.57454715	
-0.57545621	
-0.57545621	
-0.57545621	
-0.57635366	
-0.57635366	
-0.57635366	
-0.57723949	
-0.57811369	
-0.57811369	
-0.57811369	
-0.57897624	
-0.57897624	
-0.57897624	
-0.57982714	
-0.57982714	
-0.57982714	
-0.58066636	
-0.58066636	
-0.58066636	
-0.58149390	
-0.58149390	
-0.58230974	
-0.58230974	
-0.58230974	
-0.58311387	
-0.58311387	
-0.58311387	
-0.58390628	
-0.58390628	
-0.58390628	
-0.58468695	
-0.58468695	
-0.58468695	
-0.58545587	
-0.58545587	
-0.58621303	
-0.58621303	
-0.58695841	
-0.58695841	
-0.58695841	
-0.58769201	
-0.58769201	
-0.58769201	
-0.58841381	
-0.58841381	
-0.58841381	
-0.58912379	
-0.58912379	
-0.58912379	
-0.58982195	
-0.58982195	
-0.59050826	
-0.59050826	
-0.59050826	
-0.59118273	
-0.59118273	
-0.59118273	
-0.59184532	
-0.59184532	
-0.59184532	
-0.59249604	
-0.59249604	
-0.59313487	
-0.59313487	
-0.59376180	
-0.59376180	
-0.59376180	
-0.59437680	
-0.59437680	
-0.59437680	
-0.59497988	
-0.59497988	
-0.59497988	
-0.59557102	
-0.59557102	
-0.59557102	
-0.59615020	
-0.59615020	
-0.59671741	
-0.59671741	
-0.59671741	
-0.59727264	
-0.59727264	
-0.59727264	
-0.59781587	
-0.59781587	
-0.59781587	
-0.59834710	
-0.59834710	
-0.59886631	
-0.59886631	
-0.59886631	
-0.59937349	
-0.59937349	
-0.59986863	
-0.59986863	
-0.59986863	
-0.60035170	
-0.60035170	
-0.60035170	
-0.60082271	
-0.60082271	
-0.60082271	
-0.60128164	
-0.60128164	
-0.60128164	
-0.60172846	
-0.60172846	
-0.60216318	
-0.60216318	
-0.60216318	
-0.60258578	
-0.60258578	
-0.60258578	
-0.60299625	
-0.60299625	
-0.60339457	
-0.60339457	
-0.60339457	
-0.60378073	
-0.60378073	
-0.60415472	
-0.60415472	
-0.60415472	
-0.60451653	
-0.60451653	
-0.60451653	
-0.60486614	
-0.60486614	
-0.60486614	
-0.60520355	
-0.60520355	
-0.60520355	
-0.60552873	
-0.60552873	
-0.60584168	
-0.60584168	
-0.60584168	
-0.60614238	
-0.60614238	
-0.60614238	
-0.60643083	
-0.60643083	
-0.60670700	
-0.60670700	
-0.60670700	
-0.60697089	
-0.60697089	
-0.60697089	
-0.60722249	
-0.60722249	
-0.60746178	
-0.60746178	
-0.60746178	
-0.60768874	
-0.60768874	
-0.60768874	
-0.60790338	
-0.60790338	
-0.60790338	
-0.60810567	
-0.60810567	
-0.60810567	
-0.60829561	
-0.60829561	
-0.60847317	
-0.60847317	
-0.60847317	
-0.60863836	
-0.60863836	
-0.60879115	
-0.60879115	
-0.60879115	
-0.60893153	
-0.60893153	
-0.60893153	
-0.60905950	
-0.60905950	
-0.60917504	
-0.60917504	
-0.60917504	
-0.60927813	
-0.60927813	
-0.60927813	
-0.60936878	
-0.60936878	
-0.60936878	
-0.60944695	
-0.60944695	
-0.60944695	
-0.60951265	
-0.60951265	
-0.60956586	
-0.60956586	
-0.60956586	
-0.60960656	
-0.60960656	
-0.60963475	
-0.60963475	
-0.60963475	
-0.60965041	
-0.60965041	
-0.60965041	
-0.60965354	
-0.60965354	
-0.60965354	
-0.60964412	
-0.60964412	
-0.60962213	
-0.60962213	
-0.60962213	
-0.60958757	
-0.60958757	
-0.60958757	
-0.60954042	
-0.60954042	
-0.60954042	
-0.60948068	
-0.60948068	
-0.60948068	
-0.60940833	
-0.60940833	
-0.60932335	
-0.60932335	
-0.60922574	
-0.60922574	
-0.60922574	
-0.60911549	
-0.60911549	
-0.60911549	
-0.60899258	
-0.60899258	
-0.60899258	
-0.60885700	
-0.60885700	
-0.60870874	
-0.60870874	
-0.60870874	
-0.60854779	
-0.60854779	
-0.60854779	
-0.60837413	
-0.60837413	
-0.60837413	
-0.60818776	
-0.60818776	
-0.60818776	
-0.60798866	
-0.60798866	
-0.60777683	
-0.60777683	
-0.60755224	
-0.60755224	
-0.60755224	
-0.60731489	
-0.60731489	
-0.60731489	
-0.60706476	
-0.60706476	
-0.60706476	
-0.60680185	
-0.60680185	
-0.60680185	
-0.60652614	
-0.60652614	
-0.60623763	
-0.60623763	
-0.60623763	
-0.60593629	
-0.60593629	
-0.60593629	
-0.60562212	
-0.60562212	
-0.60562212	
-0.60529510	
-0.60529510	
-0.60529510	
-0.60495523	
-0.60460250	
-0.60460250	
-0.60460250	
-0.60423688	
-0.60423688	
-0.60423688	
-0.60385837	
-0.60385837	
-0.60385837	
-0.60346697	
-0.60346697	
-0.60346697	
-0.60306264	
-0.60306264	
-0.60264540	
-0.60264540	
-0.60264540	
-0.60221521	
-0.60221521	
-0.60221521	
-0.60177208	
-0.60177208	
-0.60177208	
-0.60131599	
-0.60131599	
-0.60131599	
-0.60084693	
-0.60084693	
-0.60036488	
-0.60036488	
-0.59986984	
-0.59986984	
-0.59986984	
-0.59936179	
-0.59936179	
-0.59936179	
-0.59884073	
-0.59884073	
-0.59884073	
-0.59830663	
-0.59830663	
-0.59830663	
-0.59775950	
-0.59775950	
-0.59719931	
-0.59719931	
-0.59719931	
-0.59662606	
-0.59662606	
-0.59662606	
-0.59603973	
-0.59603973	
-0.59603973	
-0.59544031	
-0.59544031	
-0.59482780	
-0.59482780	
-0.59420217	
-0.59420217	
-0.59420217	
-0.59356343	
-0.59356343	
-0.59356343	
-0.59291155	
-0.59291155	
-0.59291155	
-0.59224652	
-0.59224652	
-0.59224652	
-0.59156834	
-0.59156834	
-0.59087699	
-0.59087699	
-0.59087699	
-0.59017245	
-0.59017245	
-0.59017245	
-0.58945473	
-0.58945473	
-0.58945473	
-0.58872380	
-0.58872380	
-0.58797965	
-0.58797965	
-0.58797965	
-0.58722228	
-0.58722228	
-0.58645167	
-0.58645167	
-0.58645167	
-0.58566781	
-0.58566781	
-0.58566781	
-0.58487068	
-0.58487068	
-0.58487068	
-0.58406028	
-0.58406028	
-0.58406028	
-0.58323660	
-0.58323660	
-0.58239961	
-0.58239961	
-0.58239961	
-0.58154932	
-0.58154932	
-0.58154932	
-0.58068570	
-0.58068570	
-0.57980875	
-0.57980875	
-0.57980875	
-0.57891845	
-0.57891845	
-0.57801480	
-0.57801480	
-0.57801480	
-0.57709778	
-0.57709778	
-0.57709778	
-0.57616737	
-0.57616737	
-0.57616737	
-0.57522357	
-0.57522357	
-0.57522357	
-0.57426637	
-0.57426637	
-0.57329574	
-0.57329574	
-0.57329574	
-0.57231169	
-0.57231169	
-0.57231169	
-0.57131419	
-0.57131419	
-0.57030324	
-0.57030324	
-0.57030324	
-0.56927883	
-0.56927883	
-0.56927883	
-0.56824093	
-0.56824093	
-0.56718955	
-0.56718955	
-0.56718955	
-0.56612466	
-0.56612466	
-0.56612466	
-0.56504625	
-0.56504625	
-0.56504625	
-0.56395432	
-0.56395432	
-0.56395432	
-0.56284884	
-0.56284884	
-0.56172982	
-0.56172982	
-0.56172982	
-0.56059723	
-0.56059723	
-0.55945106	
-0.55945106	
-0.55945106	
-0.55829130	
-0.55829130	
-0.55829130	
-0.55711794	
-0.55711794	
-0.55593096	
-0.55593096	
-0.55593096	
-0.55473036	
-0.55473036	
-0.55473036	
-0.55351611	
-0.55351611	
-0.55351611	
-0.55228822	
-0.55228822	
-0.55228822	
-0.55104665	
-0.55104665	
-0.54979141	
-0.54979141	
-0.54979141	
-0.54852248	
-0.54852248	
-0.54723985	
-0.54723985	
-0.54723985	
-0.54594349	
-0.54594349	
-0.54594349	
-0.54463341	
-0.54463341	
-0.54463341	
-0.54330959	
-0.54330959	
-0.54197201	
-0.54197201	
-0.54197201	
-0.54062066	
-0.54062066	
-0.54062066	
-0.53925553	
-0.53925553	
-0.53925553	
-0.53787661	
-0.53787661	
-0.53787661	
-0.53648388	
-0.53648388	
-0.53507733	
-0.53507733	
-0.53365695	
-0.53365695	
-0.53365695	
-0.53222272	
-0.53222272	
-0.53222272	
-0.53077463	
-0.53077463	
-0.53077463	
-0.52931267	
-0.52931267	
-0.52783683	
-0.52783683	
-0.52783683	
-0.52634708	
-0.52634708	
-0.52634708	
-0.52484342	
-0.52484342	
-0.52484342	
-0.52332584	
-0.52332584	
-0.52332584	
-0.52179432	
-0.52179432	
-0.52024885	
-0.52024885	
-0.51868941	
-0.51868941	
-0.51868941	
-0.51711600	
-0.51711600	
-0.51711600	
-0.51552859	
-0.51552859	
-0.51552859	
-0.51392718	
-0.51392718	
-0.51392718	
-0.51231175	
-0.51231175	
-0.51068229	
-0.51068229	
-0.51068229	
-0.50903879	
-0.50903879	
-0.50903879	
-0.50738122	
-0.50738122	
-0.50738122	
-0.50570959	
-0.50570959	
-0.50570959	
-0.50402387	
-0.50232405	
-0.50232405	
-0.50232405	
-0.50061012	
-0.50061012	
-0.50061012	
-0.49888207	
-0.49888207	
-0.49888207	
-0.49713988	
-0.49713988	
-0.49713988	
-0.49538354	
-0.49538354	
-0.49361303	
-0.49361303	
-0.49361303	
-0.49182835	
-0.49182835	
-0.49182835	
-0.49002947	
-0.49002947	
-0.49002947	
-0.48821640	
-0.48821640	
-0.48821640	
-0.48638910	
-0.48638910	
-0.48454758	
-0.48454758	
-0.48269181	
-0.48269181	
-0.48269181	
-0.48082179	
-0.48082179	
-0.48082179	
-0.47893750	
-0.47893750	
-0.47893750	
-0.47703893	
-0.47703893	
-0.47703893	
-0.47512607	
-0.47512607	
-0.47319889	
-0.47319889	
-0.47319889	
-0.47125740	
-0.47125740	
-0.47125740	
-0.46930158	
-0.46930158	
-0.46930158	
-0.46733141	
-0.46733141	
-0.46534689	
-0.46534689	
-0.46334799	
-0.46334799	
-0.46334799	
-0.46133472	
-0.46133472	
-0.46133472	
-0.45930705	
-0.45930705	
-0.45930705	
-0.45726498	
-0.45726498	
-0.45726498	
-0.45520850	
-0.45520850	
-0.45313758	
-0.45313758	
-0.45313758	
-0.45105223	
-0.45105223	
-0.45105223	
-0.44895242	
-0.44895242	
-0.44895242	
-0.44683816	
-0.44683816	
-0.44470942	
-0.44470942	
-0.44470942	
-0.44256620	
-0.44256620	
-0.44040848	
-0.44040848	
-0.44040848	
-0.43823626	
-0.43823626	
-0.43823626	
-0.43604953	
-0.43604953	
-0.43604953	
-0.43384827	
-0.43384827	
-0.43384827	
-0.43163248	
-0.43163248	
-0.42940214	
-0.42940214	
-0.42940214	
-0.42715725	
-0.42715725	
-0.42715725	
-0.42489781	
-0.42489781	
-0.42262379	
-0.42262379	
-0.42262379	
-0.42033519	
-0.42033519	
-0.41803201	
-0.41803201	
-0.41803201	
-0.41571424	
-0.41571424	
-0.41571424	
-0.41338186	
-0.41338186	
-0.41338186	
-0.41103488	
-0.41103488	
-0.41103488	
-0.40867328	
-0.40867328	
-0.40629706	
-0.40629706	
-0.40629706	
-0.40390622	
-0.40390622	
-0.40390622	
-0.40150074	
-0.40150074	
-0.39908063	
-0.39908063	
-0.39908063	
-0.39664588	
-0.39664588	
-0.39664588	
-0.39419648	
-0.39419648	
-0.39173244	
-0.39173244	
-0.39173244	
-0.38925374	
-0.38925374	
-0.38925374	
-0.38676039	
-0.38676039	
-0.38676039	
-0.38425239	
-0.38425239	
-0.38425239	
-0.38172972	
-0.38172972	
-0.37919240	
-0.37919240	
-0.37919240	
-0.37664043	
-0.37664043	
-0.37407379	
-0.37407379	
-0.37407379	
-0.37149250	
-0.37149250	
-0.37149250	
-0.36889655	
-0.36889655	
-0.36628595	
-0.36628595	
-0.36628595	
-0.36366071	
-0.36366071	
-0.36366071	
-0.36102082	
-0.36102082	
-0.36102082	
-0.35836629	
-0.35836629	
-0.35836629	
-0.35569712	
-0.35569712	
-0.35301333	
-0.35301333	
-0.35301333	
-0.35031491	
-0.35031491	
-0.34760189	
-0.34760189	
-0.34760189	
-0.34487426	
-0.34487426	
-0.34487426	
-0.34213203	
-0.34213203	
-0.34213203	
-0.33937523	
-0.33937523	
-0.33660385	
-0.33660385	
-0.33660385	
-0.33381792	
-0.33381792	
-0.33381792	
-0.33101744	
-0.33101744	
-0.33101744	
-0.32820243	
-0.32820243	
-0.32820243	
-0.32537292	
-0.32537292	
-0.32252890	
-0.32252890	
-0.31967041	
-0.31967041	
-0.31967041	
-0.31679747	
-0.31679747	
-0.31679747	
-0.31391009	
-0.31391009	
-0.31391009	
-0.31100830	
-0.31100830	
-0.30809211	
-0.30809211	
-0.30809211	
-0.30516157	
-0.30516157	
-0.30516157	
-0.30221668	
-0.30221668	
-0.30221668	
-0.29925749	
-0.29925749	
-0.29925749	
-0.29628402	
-0.29628402	
-0.29329630	
-0.29329630	
-0.29029436	
-0.29029436	
-0.29029436	
-0.28727824	
-0.28727824	
-0.28727824	
-0.28424797	
-0.28424797	
-0.28424797	
-0.28120360	
-0.28120360	
-0.28120360	
-0.27814515	
-0.27814515	
-0.27507267	
-0.27507267	
-0.27507267	
-0.27198621	
-0.27198621	
-0.27198621	
-0.26888581	
-0.26888581	
-0.26888581	
-0.26577152	
-0.26577152	
-0.26577152	
-0.26264337	
-0.25950143	
-0.25950143	
-0.25950143	
-0.25634575	
-0.25634575	
-0.25634575	
-0.25317638	
-0.25317638	
-0.25317638	
-0.24999338	
-0.24999338	
-0.24999338	
-0.24679680	
-0.24679680	
-0.24358672	
-0.24358672	
-0.24358672	
-0.24036318	
-0.24036318	
-0.24036318	
-0.23712626	
-0.23712626	
-0.23712626	
-0.23387602	
-0.23387602	
-0.23387602	
-0.23061254	
-0.23061254	
-0.22733589	
-0.22733589	
-0.22404614	
-0.22404614	
-0.22404614	
-0.22074338	
-0.22074338	
-0.22074338	
-0.21742767	
-0.21742767	
-0.21742767	
-0.21409911	
-0.21409911	
-0.21409911	
-0.21075778	
-0.21075778	
-0.20740376	
-0.20740376	
-0.20740376	
-0.20403716	
-0.20403716	
-0.20403716	
-0.20065806	
-0.20065806	
-0.20065806	
-0.19726656	
-0.19726656	
-0.19386276	
-0.19386276	
-0.19044676	
-0.19044676	
-0.19044676	
-0.18701866	
-0.18701866	
-0.18701866	
-0.18357859	
-0.18357859	
-0.18357859	
-0.18012664	
-0.18012664	
-0.18012664	
-0.17666293	
-0.17666293	
-0.17318757	
-0.17318757	
-0.17318757	
-0.16970070	
-0.16970070	
-0.16970070	
-0.16620243	
-0.16620243	
-0.16620243	
-0.16269289	
-0.16269289	
-0.15917221	
-0.15917221	
-0.15917221	
-0.15564052	
-0.15564052	
-0.15209796	
-0.15209796	
-0.15209796	
-0.14854467	
-0.14854467	
-0.14854467	
-0.14498079	
-0.14498079	
-0.14498079	
-0.14140647	
-0.14140647	
-0.14140647	
-0.13782186	
-0.13782186	
-0.13422711	
-0.13422711	
-0.13422711	
-0.13062237	
-0.13062237	
-0.13062237	
-0.12700781	
-0.12700781	
-0.12338360	
-0.12338360	
-0.12338360	
-0.11974988	
-0.11974988	
-0.11610684	
-0.11610684	
-0.11610684	
-0.11245465	
-0.11245465	
-0.11245465	
-0.10879348	
-0.10879348	
-0.10879348	
-0.10512352	
-0.10512352	
-0.10512352	
-0.10144495	
-0.10144495	
-0.09775794	
-0.09775794	
-0.09775794	
-0.09406270	
-0.09406270	
-0.09406270	
-0.09035942	
-0.09035942	
-0.08664829	
-0.08664829	
-0.08664829	
-0.08292950	
-0.08292950	
-0.08292950	
-0.07920327	
-0.07920327	
-0.07546980	
-0.07546980	
-0.07546980	
-0.07172929	
-0.07172929	
-0.07172929	
-0.06798196	
-0.06798196	
-0.06798196	
-0.06422802	
-0.06422802	
-0.06422802	
-0.06046769	
-0.06046769	
-0.05670120	
-0.05670120	
-0.05670120	
-0.05292875	
-0.05292875	
-0.04915058	
-0.04915058	
-0.04915058	
-0.04536692	
-0.04536692	
-0.04536692	
-0.04157800	
-0.04157800	
-0.03778405	
-0.03778405	
-0.03778405	
-0.03398531	
-0.03398531	
-0.03398531	
-0.03018201	
-0.03018201	
-0.03018201	
-0.02637440	
-0.02637440	
-0.02637440	
-0.02256273	
-0.02256273	
-0.01874722	
-0.01874722	
-0.01874722	
-0.01492814	
-0.01492814	
-0.01110574	
-0.01110574	
-0.01110574	
-0.00728025	
-0.00728025	
-0.00728025	
-0.00345194	
-0.00345194	
-0.00345194	
0.00037894	
0.00037894	
0.00421214	
0.00421214	
0.00421214	
0.00804739	
0.00804739	
0.00804739	
0.01188445	
0.01188445	
0.01188445	
0.01572304	
0.01572304	
0.01572304	
0.01956291	
0.01956291	
0.02340380	
0.02340380	
0.02724544	
0.02724544	
0.02724544	
0.03108757	
0.03108757	
0.03108757	
0.03492993	
0.03492993	
0.03492993	
0.03877226	
0.03877226	
0.04261428	
0.04261428	
0.04261428	
0.04645574	
0.04645574	
0.04645574	
0.05029637	
0.05029637	
0.05029637	
0.05413590	
0.05413590	
0.05413590	
0.05797407	
0.05797407	
0.06181061	
0.06181061	
0.06564527	
0.06564527	
0.06564527	
0.06947777	
0.06947777	
0.06947777	
0.07330786	
0.07330786	
0.07330786	
0.07713527	
0.07713527	
0.07713527	
0.08095975	
0.08095975	
0.08478103	
0.08478103	
0.08478103	
0.08859885	
0.08859885	
0.08859885	
0.09241295	
0.09241295	
0.09241295	
0.09622309	
0.09622309	
0.09622309	
0.10002900	
0.10383043	
0.10383043	
0.10383043	
0.10762713	
0.10762713	
0.10762713	
0.11141885	
0.11141885	
0.11141885	
0.11520535	
0.11520535	
0.11520535	
0.11898637	
0.11898637	
0.12276167	
0.12276167	
0.12276167	
0.12653102	
0.12653102	
0.12653102	
0.13029417	
0.13029417	
0.13029417	
0.13405089	
0.13405089	
0.13405089	
0.13780094	
0.13780094	
0.14154409	
0.14154409	
0.14528011	
0.14528011	
0.14528011	
0.14900878	
0.14900878	
0.14900878	
0.15272987	
0.15272987	
0.15272987	
0.15644316	
0.15644316	
0.15644316	
0.16014844	
0.16014844	
0.16384549	
0.16384549	
0.16384549	
0.16753409	
0.16753409	
0.16753409	
0.17121404	
0.17121404	
0.17121404	
0.17488513	
0.17488513	
0.17854717	
0.17854717	
0.18219995	
0.18219995	
0.18219995	
0.18584327	
0.18584327	
0.18584327	
0.18947694	
0.18947694	
0.18947694	
0.19310078	
0.19310078	
0.19310078	
0.19671460	
0.19671460	
0.20031821	
0.20031821	
0.20031821	
0.20391144	
0.20391144	
0.20391144	
0.20749411	
0.20749411	
0.20749411	
0.21106605	
0.21106605	
0.21462708	
0.21462708	
0.21462708	
0.21817705	
0.21817705	
0.22171579	
0.22171579	
0.22171579	
0.22524314	
0.22524314	
0.22524314	
0.22875895	
0.22875895	
0.22875895	
0.23226306	
0.23226306	
0.23226306	
0.23575533	
0.23575533	
0.23923561	
0.23923561	
0.23923561	
0.24270375	
0.24270375	
0.24270375	
0.24615963	
0.24615963	
0.24960310	
0.24960310	
0.24960310	
0.25303404	
0.25303404	
0.25645231	
0.25645231	
0.25645231	
0.25985779	
0.25985779	
0.25985779	
0.26325036	
0.26325036	
0.26325036	
0.26662990	
0.26662990	
0.26662990	
0.26999629	
0.26999629	
0.27334942	
0.27334942	
0.27334942	
0.27668919	
0.27668919	
0.27668919	
0.28001548	
0.28001548	
0.28332819	
0.28332819	
0.28332819	
0.28662722	
0.28662722	
0.28662722	
0.28991247	
0.28991247	
0.29318386	
0.29318386	
0.29318386	
0.29644128	
0.29644128	
0.29644128	
0.29968465	
0.29968465	
0.29968465	
0.30291389	
0.30291389	
0.30291389	
0.30612890	
0.30612890	
0.30932962	
0.30932962	
0.30932962	
0.31251596	
0.31251596	
0.31568784	
0.31568784	
0.31568784	
0.31884520	
0.31884520	
0.31884520	
0.32198796	
0.32198796	
0.32511606	
0.32511606	
0.32511606	
0.32822942	
0.32822942	
0.32822942	
0.33132800	
0.33132800	
0.33132800	
0.33441172	
0.33441172	
0.33441172	
0.33748054	
0.33748054	
0.34053438	
0.34053438	
0.34053438	
0.34357321	
0.34357321	
0.34659696	
0.34659696	
0.34659696	
0.34960559	
0.34960559	
0.34960559	
0.35259905	
0.35259905	
0.35259905	
0.35557730	
0.35557730	
0.35854028	
0.35854028	
0.35854028	
0.36148797	
0.36148797	
0.36148797	
0.36442032	
0.36442032	
0.36442032	
0.36733728	
0.36733728	
0.36733728	
0.37023884	
0.37023884	
0.37312494	
0.37312494	
0.37599556	
0.37599556	
0.37599556	
0.37885067	
0.37885067	
0.37885067	
0.38169023	
0.38169023	
0.38169023	
0.38451423	
0.38451423	
0.38732263	
0.38732263	
0.38732263	
0.39011540	
0.39011540	
0.39011540	
0.39289253	
0.39289253	
0.39289253	
0.39565399	
0.39565399	
0.39565399	
0.39839977	
0.39839977	
0.40112983	
0.40112983	
0.40384417	
0.40384417	
0.40384417	
0.40654277	
0.40654277	
0.40654277	
0.40922560	
0.40922560	
0.40922560	
0.41189266	
0.41189266	
0.41189266	
0.41454394	
0.41454394	
0.41717942	
0.41717942	
0.41717942	
0.41979908	
0.41979908	
0.41979908	
0.42240293	
0.42240293	
0.42240293	
0.42499095	
0.42499095	
0.42499095	
0.42756312	
0.43011946	
0.43011946	
0.43011946	
0.43265994	
0.43265994	
0.43265994	
0.43518457	
0.43518457	
0.43518457	
0.43769333	
0.43769333	
0.43769333	
0.44018623	
0.44018623	
0.44266326	
0.44266326	
0.44266326	
0.44512442	
0.44512442	
0.44512442	
0.44756972	
0.44756972	
0.44756972	
0.44999913	
0.44999913	
0.44999913	
0.45241268	
0.45241268	
0.45481036	
0.45481036	
0.45719217	
0.45719217	
0.45719217	
0.45955811	
0.45955811	
0.45955811	
0.46190818	
0.46190818	
0.46190818	
0.46424240	
0.46424240	
0.46424240	
0.46656075	
0.46656075	
0.46886326	
0.46886326	
0.46886326	
0.47114991	
0.47114991	
0.47114991	
0.47342072	
0.47342072	
0.47342072	
0.47567570	
0.47567570	
0.47791484	
0.47791484	
0.48013816	
0.48013816	
0.48013816	
0.48234567	
0.48234567	
0.48234567	
0.48453736	
0.48453736	
0.48453736	
0.48671326	
0.48671326	
0.48671326	
0.48887336	
0.48887336	
0.49101768	
0.49101768	
0.49101768	
0.49314623	
0.49314623	
0.49314623	
0.49525901	
0.49525901	
0.49525901	
0.49735603	
0.49735603	
0.49943732	
0.49943732	
0.49943732	
0.50150286	
0.50150286	
0.50355269	
0.50355269	
0.50355269	
0.50558680	
0.50558680	
0.50558680	
0.50760521	
0.50760521	
0.50760521	
0.50960794	
0.50960794	
0.50960794	
0.51159498	
0.51159498	
0.51356636	
0.51356636	
0.51356636	
0.51552209	
0.51552209	
0.51552209	
0.51746217	
0.51746217	
0.51938663	
0.51938663	
0.51938663	
0.52129547	
0.52129547	
0.52318871	
0.52318871	
0.52318871	
0.52506636	
0.52506636	
0.52506636	
0.52692844	
0.52692844	
0.52692844	
0.52877495	
0.52877495	
0.52877495	
0.53060591	
0.53060591	
0.53242134	
0.53242134	
0.53242134	
0.53422125	
0.53422125	
0.53422125	
0.53600565	
0.53600565	
0.53777456	
0.53777456	
0.53777456	
0.53952799	
0.53952799	
0.53952799	
0.54126596	
0.54126596	
0.54298848	
0.54298848	
0.54298848	
0.54469556	
0.54469556	
0.54469556	
0.54638722	
0.54638722	
0.54638722	
0.54806347	
0.54806347	
0.54806347	
0.54972434	
0.54972434	
0.55136982	
0.55136982	
0.55136982	
0.55299995	
0.55299995	
0.55461473	
0.55461473	
0.55461473	
0.55621418	
0.55621418	
0.55621418	
0.55779831	
0.55779831	
0.55936714	
0.55936714	
0.55936714	
0.56092069	
0.56092069	
0.56092069	
0.56245897	
0.56245897	
0.56245897	
0.56398198	
0.56398198	
0.56398198	
0.56548976	
0.56548976	
0.56698232	
0.56698232	
0.56698232	
0.56845966	
0.56845966	
0.56992181	
0.56992181	
0.56992181	
0.57136879	
0.57136879	
0.57136879	
0.57280059	
0.57280059	
0.57280059	
0.57421725	
0.57421725	
0.57561878	
0.57561878	
0.57561878	
0.57700519	
0.57700519	
0.57700519	
0.57837650	
0.57837650	
0.57837650	
0.57973272	
0.57973272	
0.57973272	
0.58107387	
0.58107387	
0.58239997	
0.58239997	
0.58371102	
0.58371102	
0.58371102	
0.58500706	
0.58500706	
0.58500706	
0.58628808	
0.58628808	
0.58628808	
0.58755411	
0.58755411	
0.58880516	
0.58880516	
0.58880516	
0.59004124	
0.59004124	
0.59004124	
0.59126238	
0.59126238	
0.59126238	
0.59246859	
0.59246859	
0.59246859	
0.59365988	
0.59365988	
0.59483627	
0.59483627	
0.59599778	
0.59599778	
0.59599778	
0.59714441	
0.59714441	
0.59714441	
0.59827619	
0.59827619	
0.59827619	
0.59939313	
0.59939313	
0.59939313	
0.60049525	
0.60049525	
0.60158255	
0.60158255	
0.60158255	
0.60265507	
0.60265507	
0.60265507	
0.60371280	
0.60371280	
0.60371280	
0.60475577	
0.60475577	
0.60475577	
0.60578400	
0.60679749	
0.60679749	
0.60679749	
0.60779626	
0.60779626	
0.60779626	
0.60878034	
0.60878034	
0.60878034	
0.60974972	
0.60974972	
0.60974972	
0.61070444	
0.61070444	
0.61164449	
0.61164449	
0.61164449	
0.61256991	
0.61256991	
0.61256991	
0.61348070	
0.61348070	
0.61348070	
0.61437688	
0.61437688	
0.61437688	
0.61525847	
0.61525847	
0.61612547	
0.61612547	
0.61697791	
0.61697791	
0.61697791	
0.61781580	
0.61781580	
0.61781580	
0.61863916	
0.61863916	
0.61863916	
0.61944799	
0.61944799	
0.61944799	
0.62024232	
0.62024232	
0.62102216	
0.62102216	
0.62102216	
0.62178752	
0.62178752	
0.62178752	
0.62253843	
0.62253843	
0.62253843	
0.62327489	
0.62327489	
0.62399692	
0.62399692	
0.62470454	
0.62470454	
0.62470454	
0.62539775	
0.62539775	
0.62539775	
0.62607658	
0.62607658	
0.62607658	
0.62674105	
0.62674105	
0.62674105	
0.62739116	
0.62739116	
0.62802692	
0.62802692	
0.62802692	
0.62864837	
0.62864837	
0.62864837	
0.62925550	
0.62925550	
0.62925550	
0.62984834	
0.62984834	
0.63042691	
0.63042691	
0.63042691	
0.63099120	
0.63099120	
0.63154125	
0.63154125	
0.63154125	
0.63207706	
0.63207706	
0.63207706	
0.63259865	
0.63259865	
0.63259865	
0.63310604	
0.63310604	
0.63310604	
0.63359924	
0.63359924	
0.63407827	
0.63407827	
0.63407827	
0.63454313	
0.63454313	
0.63454313	
0.63499385	
0.63499385	
0.63543045	
0.63543045	
0.63543045	
0.63585292	
0.63585292	
0.63626130	
0.63626130	
0.63626130	
0.63665559	
0.63665559	
0.63665559	
0.63703582	
0.63703582	
0.63703582	
0.63740199	
0.63740199	
0.63740199	
0.63775412	
0.63775412	
0.63809223	
0.63809223	
0.63809223	
0.63841633	
0.63841633	
0.63841633	
0.63872643	
0.63872643	
0.63902256	
0.63902256	
0.63902256	
0.63930472	
0.63930472	
0.63930472	
0.63957293	
0.63957293	
0.63982722	
0.63982722	
0.63982722	
0.64006758	
0.64006758	
0.64006758	
0.64029404	
0.64029404	
0.64029404	
0.64050661	
0.64050661	
0.64050661	
0.64070531	
0.64070531	
0.64089015	
0.64089015	
0.64089015	
0.64106116	
0.64106116	
0.64121833	
0.64121833	
0.64121833	
0.64136169	
0.64136169	
0.64136169	
0.64149126	
0.64149126	
0.64160705	
0.64160705	
0.64160705	
0.64170907	
0.64170907	
0.64170907	
0.64179734	
0.64179734	
0.64179734	
0.64187188	
0.64187188	
0.64187188	
0.64193270	
0.64193270	
0.64197981	
0.64197981	
0.64197981	
0.64201324	
0.64201324	
0.64203299	
0.64203299	
0.64203299	
0.64203909	
0.64203909	
0.64203909	
0.64203154	
0.64203154	
0.64203154	
0.64201037	
0.64201037	
0.64197559	
0.64197559	
0.64197559	
0.64192722	
0.64192722	
0.64192722	
0.64186526	
0.64186526	
0.64186526	
0.64178975	
0.64178975	
0.64178975	
0.64170068	
0.64170068	
0.64159808	
0.64159808	
0.64148197	
0.64148197	
0.64148197	
0.64135236	
0.64135236	
0.64135236	
0.64120926	
0.64120926	
0.64120926	
0.64105270	
0.64105270	
0.64088268	
0.64088268	
0.64088268	
0.64069922	
0.64069922	
0.64069922	
0.64050235	
0.64050235	
0.64050235	
0.64029207	
0.64029207	
0.64029207	
0.64006840	
0.64006840	
0.63983136	
0.63983136	
0.63958096	
0.63958096	
0.63958096	
0.63931722	
0.63931722	
0.63931722	
0.63904016	
0.63904016	
0.63904016	
0.63874979	
0.63874979	
0.63874979	
0.63844613	
0.63844613	
0.63812919	
0.63812919	
0.63812919	
0.63779900	
0.63779900	
0.63779900	
0.63745556	
0.63745556	
0.63745556	
0.63709889	
0.63709889	
0.63709889	
0.63672901	
0.63634594	
0.63634594	
0.63634594	
0.63594970	
0.63594970	
0.63594970	
0.63554029	
0.63554029	
0.63554029	
0.63511774	
0.63511774	
0.63511774	
0.63468206	
0.63468206	
0.63423326	
0.63423326	
0.63423326	
0.63377138	
0.63377138	
0.63377138	
0.63329641	
0.63329641	
0.63329641	
0.63280839	
0.63280839	
0.63280839	
0.63230732	
0.63230732	
0.63179322	
0.63179322	
0.63126611	
0.63126611	
0.63126611	
0.63072601	
0.63072601	
0.63072601	
0.63017293	
0.63017293	
0.63017293	
0.62960689	
0.62960689	
0.62960689	
0.62902791	
0.62902791	
0.62843599	
0.62843599	
0.62843599	
0.62783117	
0.62783117	
0.62783117	
0.62721346	
0.62721346	
0.62721346	
0.62658287	
0.62658287	
0.62593942	
0.62593942	
0.62528313	
0.62528313	
0.62528313	
0.62461402	
0.62461402	
0.62461402	
0.62393210	
0.62393210	
0.62393210	
0.62323739	
0.62323739	
0.62323739	
0.62252990	
0.62252990	
0.62180966	
0.62180966	
0.62180966	
0.62107669	
0.62107669	
0.62107669	
0.62033099	
0.62033099	
0.62033099	
0.61957258	
0.61957258	
0.61880149	
0.61880149	
0.61880149	
0.61801773	
0.61801773	
0.61722132	
0.61722132	
0.61722132	
0.61641228	
0.61641228	
0.61641228	
0.61559062	
0.61559062	
0.61559062	
0.61475635	
0.61475635	
0.61475635	
0.61390951	
0.61390951	
0.61305010	
0.61305010	
0.61305010	
0.61217815	
0.61217815	
0.61217815	
0.61129366	
0.61129366	
0.61039667	
0.61039667	
0.61039667	
0.60948718	
0.60948718	
0.60856521	
0.60856521	
0.60856521	
0.60763078	
0.60763078	
0.60763078	
0.60668391	
0.60668391	
0.60668391	
0.60572462	
0.60572462	
0.60572462	
0.60475292	
0.60475292	
0.60376884	
0.60376884	
0.60376884	
0.60277238	
0.60277238	
0.60277238	
0.60176357	
0.60176357	
0.60074242	
0.60074242	
0.60074242	
0.59970896	
0.59970896	
0.59970896	
0.59866319	
0.59866319	
0.59760515	
0.59760515	
0.59760515	
0.59653484	
0.59653484	
0.59653484	
0.59545228	
0.59545228	
0.59545228	
0.59435750	
0.59435750	
0.59435750	
0.59325050	
0.59325050	
0.59213131	
0.59213131	
0.59213131	
0.59099994	
0.59099994	
0.58985642	
0.58985642	
0.58985642	
0.58870076	
0.58870076	
0.58870076	
0.58753297	
0.58753297	
0.58635308	
0.58635308	
0.58635308	
0.58516111	
0.58516111	
0.58516111	
0.58395706	
0.58395706	
0.58395706	
0.58274097	
0.58274097	
0.58274097	
0.58151284	
0.58151284	
0.58027270	
0.58027270	
0.58027270	
0.57902055	
0.57902055	
0.57775643	
0.57775643	
0.57775643	
0.57648035	
0.57648035	
0.57648035	
0.57519232	
0.57519232	
0.57519232	
0.57389237	
0.57389237	
0.57258051	
0.57258051	
0.57258051	
0.57125676	
0.57125676	
0.57125676	
0.56992113	
0.56992113	
0.56992113	
0.56857365	
0.56857365	
0.56857365	
0.56721433	
0.56721433	
0.56584319	
0.56584319	
0.56446025	
0.56446025	
0.56446025	
0.56306552	
0.56306552	
0.56306552	
0.56165903	
0.56165903	
0.56165903	
0.56024079	
0.56024079	
0.55881081	
0.55881081	
0.55881081	
0.55736912	
0.55736912	
0.55736912	
0.55591574	
0.55591574	
0.55591574	
0.55445067	
0.55445067	
0.55445067	
0.55297395	
0.55297395	
0.55148557	
0.55148557	
0.54998558	
0.54998558	
0.54998558	
0.54847397	
0.54847397	
0.54847397	
0.54695077	
0.54695077	
0.54695077	
0.54541599	
0.54541599	
0.54541599	
0.54386966	
0.54386966	
0.54231179	
0.54231179	
0.54231179	
0.54074239	
0.54074239	
0.54074239	
0.53916149	
0.53916149	
0.53916149	
0.53756910	
0.53756910	
0.53756910	
0.53596524	
0.53434992	
0.53434992	
0.53434992	
0.53272317	
0.53272317	
0.53272317	
0.53108499	
0.53108499	
0.53108499	
0.52943542	
0.52943542	
0.52943542	
0.52777445	
0.52777445	
0.52610212	
0.52610212	
0.52610212	
0.52441843	
0.52441843	
0.52441843	
0.52272341	
0.52272341	
0.52272341	
0.52101707	
0.52101707	
0.52101707	
0.51929942	
0.51929942	
0.51757049	
0.51757049	
0.51583029	
0.51583029	
0.51583029	
0.51407883	
0.51407883	
0.51407883	
0.51231614	
0.51231614	
0.51231614	
0.51054223	
0.51054223	
0.51054223	
0.50875712	
0.50875712	
0.50696082	
0.50696082	
0.50696082	
0.50515334	
0.50515334	
0.50515334	
0.50333471	
0.50333471	
0.50333471	
0.50150495	
0.50150495	
0.49966405	
0.49966405	
0.49781206	
0.49781206	
0.49781206	
0.49594897	
0.49594897	
0.49594897	
0.49407480	
0.49407480	
0.49407480	
0.49218958	
0.49218958	
0.49218958	
0.49029331	
0.49029331	
0.48838601	
0.48838601	
0.48838601	
0.48646770	
0.48646770	
0.48646770	
0.48453839	
0.48453839	
0.48453839	
0.48259810	
0.48259810	
0.48064685	
0.48064685	
0.48064685	
0.47868464	
0.47868464	
0.47671150	
0.47671150	
0.47671150	
0.47472743	
0.47472743	
0.47472743	
0.47273246	
0.47273246	
0.47273246	
0.47072660	
0.47072660	
0.47072660	
0.46870986	
0.46870986	
0.46668227	
0.46668227	
0.46668227	
0.46464382	
0.46464382	
0.46464382	
0.46259454	
0.46259454	
0.46053445	
0.46053445	
0.46053445	
0.45846355	
0.45846355	
0.45638187	
0.45638187	
0.45638187	
0.45428940	
0.45428940	
0.45428940	
0.45218618	
0.45218618	
0.45218618	
0.45007222	
0.45007222	
0.45007222	
0.44794752	
0.44794752	
0.44581211	
0.44581211	
0.44581211	
0.44366599	
0.44366599	
0.44366599	
0.44150918	
0.44150918	
0.43934169	
0.43934169	
0.43934169	
0.43716355	
0.43716355	
0.43716355	
0.43497475	
0.43497475	
0.43277532	
0.43277532	
0.43277532	
0.43056526	
0.43056526	
0.43056526	
0.42834460	
0.42834460	
0.42834460	
0.42611334	
0.42611334	
0.42611334	
0.42387150	
0.42387150	
0.42161909	
0.42161909	
0.42161909	
0.41935612	
0.41935612	
0.41708261	
0.41708261	
0.41708261	
0.41479856	
0.41479856	
0.41479856	
0.41250400	
0.41250400	
0.41019894	
0.41019894	
0.41019894	
0.40788338	
0.40788338	
0.40788338	
0.40555734	
0.40555734	
0.40555734	
0.40322083	
0.40322083	
0.40322083	
0.40087387	
0.40087387	
0.39851646	
0.39851646	
0.39851646	
0.39614862	
0.39614862	
0.39377037	
0.39377037	
0.39377037	
0.39138170	
0.39138170	
0.39138170	
0.38898264	
0.38898264	
0.38898264	
0.38657319	
0.38657319	
0.38415338	
0.38415338	
0.38415338	
0.38172320	
0.38172320	
0.38172320	
0.37928267	
0.37928267	
0.37928267	
0.37683181	
0.37683181	
0.37683181	
0.37437062	
0.37437062	
0.37189911	
0.37189911	
0.36941731	
0.36941731	
0.36941731	
0.36692521	
0.36692521	
0.36692521	
0.36442283	
0.36442283	
0.36442283	
0.36191018	
0.36191018	
0.35938727	
0.35938727	
0.35938727	
0.35685411	
0.35685411	
0.35685411	
0.35431072	
0.35431072	
0.35431072	
0.35175710	
0.35175710	
0.35175710	
0.34919327	
0.34919327	
0.34661923	
0.34661923	
0.34403500	
0.34403500	
0.34403500	
0.34144058	
0.34144058	
0.34144058	
0.33883600	
0.33883600	
0.33883600	
0.33622125	
0.33622125	
0.33622125	
0.33359635	
0.33359635	
0.33096131	
0.33096131	
0.33096131	
0.32831614	
0.32831614	
0.32831614	
0.32566085	
0.32566085	
0.32566085	
0.32299546	
0.32299546	
0.32299546	
0.32031996	
0.31763438	
0.31763438	
0.31763438	
0.31493872	
0.31493872	
0.31493872	
0.31223299	
0.31223299	
0.31223299	
0.30951721	
0.30951721	
0.30951721	
0.30679138	
0.30679138	
0.30405551	
0.30405551	
0.30405551	
0.30130962	
0.30130962	
0.30130962	
0.29855372	
0.29855372	
0.29855372	
0.29578781	
0.29578781	
0.29578781	
0.29301191	
0.29301191	
0.29022602	
0.29022602	
0.28743016	
0.28743016	
0.28743016	
0.28462434	
0.28462434	
0.28462434	
0.28180857	
0.28180857	
0.28180857	
0.27898286	
0.27898286	
0.27898286	
0.27614722	
0.27614722	
0.27330167	
0.27330167	
0.27330167	
0.27044620	
0.27044620	
0.27044620	
0.26758084	
0.26758084	
0.26758084	
0.26470559	
0.26470559	
0.26182047	
0.26182047	
0.25892549	
0.25892549	
0.25892549	
0.25602066	
0.25602066	
0.25602066	
0.25310599	
0.25310599	
0.25310599	
0.25018149	
0.25018149	
0.25018149	
0.24724717	
0.24724717	
0.24430305	
0.24430305	
0.24430305	
0.24134915	
0.24134915	
0.24134915	
0.23838546	
0.23838546	
0.23838546	
0.23541200	
0.23541200	
0.23242880	
0.23242880	
0.23242880	
0.22943585	
0.22943585	
0.22643318	
0.22643318	
0.22643318	
0.22342079	
0.22342079	
0.22342079	
0.22039870	
0.22039870	
0.22039870	
0.21736693	
0.21736693	
0.21736693	
0.21432548	
0.21432548	
0.21127438	
0.21127438	
0.21127438	
0.20821364	
0.20821364	
0.20821364	
0.20514326	
0.20514326	
0.20206328	
0.20206328	
0.20206328	
0.19897370	
0.19897370	
0.19587453	
0.19587453	
0.19587453	
0.19276580	
0.19276580	
0.19276580	
0.18964753	
0.18964753	
0.18964753	
0.18651972	
0.18651972	
0.18651972	
0.18338240	
0.18338240	
0.18023558	
0.18023558	
0.18023558	
0.17707929	
0.17707929	
0.17707929	
0.17391354	
0.17391354	
0.17073834	
0.17073834	
0.17073834	
0.16755373	
0.16755373	
0.16755373	
0.16435971	
0.16435971	
0.16115632	
0.16115632	
0.16115632	
0.15794357	
0.15794357	
0.15794357	
0.15472148	
0.15472148	
0.15472148	
0.15149007	
0.15149007	
0.15149007	
0.14824937	
0.14824937	
0.14499941	
0.14499941	
0.14499941	
0.14174019	
0.14174019	
0.13847176	
0.13847176	
0.13847176	
0.13519413	
0.13519413	
0.13519413	
0.13190733	
0.13190733	
0.12861139	
0.12861139	
0.12861139	
0.12530633	
0.12530633	
0.12530633	
0.12199218	
0.12199218	
0.12199218	
0.11866897	
0.11866897	
0.11866897	
0.11533673	
0.11533673	
0.11199549	
0.11199549	
0.11199549	
0.10864528	
0.10864528	
0.10528613	
0.10528613	
0.10528613	
0.10191807	
0.10191807	
0.10191807	
0.09854115	
0.09854115	
0.09854115	
0.09515539	
0.09515539	
0.09176082	
0.09176082	
0.09176082	
0.08835749	
0.08835749	
0.08835749	
0.08494543	
0.08494543	
0.08494543	
0.08152468	
0.08152468	
0.08152468	
0.07809528	
0.07809528	
0.07465726	
0.07465726	
0.07121068	
0.07121068	
0.07121068	
0.06775557	
0.06775557	
0.06775557	
0.06429197	
0.06429197	
0.06429197	
0.06081994	
0.06081994	
0.05733951	
0.05733951	
0.05733951	
0.05385074	
0.05385074	
0.05385074	
0.05035367	
0.05035367	
0.05035367	
0.04684835	
0.04684835	
0.04684835	
0.04333483	
0.04333483	
0.03981317	
0.03981317	
0.03628341	
0.03628341	
0.03628341	
0.03274562	
0.03274562	
0.03274562	
0.02919984	
0.02919984	
0.02919984	
0.02564614	
0.02564614	
0.02564614	
0.02208457	
0.02208457	
0.01851520	
0.01851520	
0.01851520	
0.01493809	
0.01493809	
0.01493809	
0.01135330	
0.01135330	
0.01135330	
0.00776089	
0.00776089	
0.00776089	
0.00416093	
0.00055350	
0.00055350	
0.00055350	
-0.00306135	
-0.00306135	
-0.00306135	
-0.00668354	
-0.00668354	
-0.00668354	
-0.01031299	
-0.01031299	
-0.01031299	
-0.01394963	
-0.01394963	
-0.01759339	
-0.01759339	
-0.01759339	
-0.02124418	
-0.02124418	
-0.02124418	
-0.02490193	
-0.02490193	
-0.02490193	
-0.02856656	
-0.02856656	
-0.02856656	
-0.03223797	
-0.03223797	
-0.03591610	
-0.03591610	
-0.03960084	
-0.03960084	
-0.03960084	
-0.04329211	
-0.04329211	
-0.04329211	
-0.04698981	
-0.04698981	
-0.04698981	
-0.05069387	
-0.05069387	
-0.05069387	
-0.05440417	
-0.05440417	
-0.05812063	
-0.05812063	
-0.05812063	
-0.06184314	
-0.06184314	
-0.06184314	
-0.06557160	
-0.06557160	
-0.06557160	
-0.06930591	
-0.06930591	
-0.07304597	
-0.07304597	
-0.07679167	
-0.07679167	
-0.07679167	
-0.08054289	
-0.08054289	
-0.08054289	
-0.08429953	
-0.08429953	
-0.08429953	
-0.08806148	
-0.08806148	
-0.08806148	
-0.09182861	
-0.09182861	
-0.09560082	
-0.09560082	
-0.09560082	
-0.09937797	
-0.09937797	
-0.09937797	
-0.10315995	
-0.10315995	
-0.10315995	
-0.10694664	
-0.10694664	
-0.11073791	
-0.11073791	
-0.11073791	
-0.11453363	
-0.11453363	
-0.11833366	
-0.11833366	
-0.11833366	
-0.12213788	
-0.12213788	
-0.12213788	
-0.12594616	
-0.12594616	
-0.12594616	
-0.12975834	
-0.12975834	
-0.12975834	
-0.13357431	
-0.13357431	
-0.13739390	
-0.13739390	
-0.13739390	
-0.14121699	
-0.14121699	
-0.14121699	
-0.14504342	
-0.14504342	
-0.14887305	
-0.14887305	
-0.14887305	
-0.15270573	
-0.15270573	
-0.15654130	
-0.15654130	
-0.15654130	
-0.16037961	
-0.16037961	
-0.16037961	
-0.16422050	
-0.16422050	
-0.16422050	
-0.16806382	
-0.16806382	
-0.16806382	
-0.17190940	
-0.17190940	
-0.17575709	
-0.17575709	
-0.17575709	
-0.17960672	
-0.17960672	
-0.17960672	
-0.18345812	
-0.18345812	
-0.18731112	
-0.18731112	
-0.18731112	
-0.19116556	
-0.19116556	
-0.19116556	
-0.19502126	
-0.19502126	
-0.19887805	
-0.19887805	
-0.19887805	
-0.20273575	
-0.20273575	
-0.20273575	
-0.20659418	
-0.20659418	
-0.20659418	
-0.21045318	
-0.21045318	
-0.21045318	
-0.21431254	
-0.21431254	
-0.21817210	
-0.21817210	
-0.21817210	
-0.22203168	
-0.22203168	
-0.22589107	
-0.22589107	
-0.22589107	
-0.22975010	
-0.22975010	
-0.22975010	
-0.23360858	
-0.23360858	
-0.23746632	
-0.23746632	
-0.23746632	
-0.24132312	
-0.24132312	
-0.24132312	
-0.24517880	
-0.24517880	
-0.24517880	
-0.24903316	
-0.24903316	
-0.24903316	
-0.25288601	
-0.25288601	
-0.25673715	
-0.25673715	
-0.25673715	
-0.26058638	
-0.26058638	
