297.53596753	
297.53615314	
297.53633868	
297.53652414	
297.53670954	
297.53689485	
297.53708009	
297.53726526	
297.53745036	
297.53763538	
297.53782032	
297.53800519	
297.53818999	
297.53837471	
297.53855936	
297.53874394	
297.53892844	
297.53911287	
297.53929723	
297.53948151	
297.53966572	
297.53984985	
297.54003391	
297.54021790	
297.54040181	
297.54058565	
297.54076941	
297.54095311	
297.54113672	
297.54132027	
297.54150374	
297.54168714	
297.54187047	
297.54205372	
297.54223690	
297.54242000	
297.54260303	
297.54278599	
297.54296888	
297.54315169	
297.54333443	
297.54351710	
297.54369969	
297.54388221	
297.54406466	
297.54424703	
297.54442933	
297.54461156	
297.54479371	
297.54497580	
297.54515781	
297.54533974	
297.54552161	
297.54570340	
297.54588512	
297.54606676	
297.54624834	
297.54642984	
297.54661127	
297.54679262	
297.54697390	
297.54715511	
297.54733625	
297.54751732	
297.54769831	
297.54787923	
297.54806008	
297.54824086	
297.54842156	
297.54860219	
297.54878275	
297.54896324	
297.54914365	
297.54932399	
297.54950427	
297.54968446	
297.54986459	
297.55004464	
297.55022463	
297.55040454	
297.55058437	
297.55076414	
297.55094383	
297.55112346	
297.55130301	
297.55148249	
297.55166189	
297.55184123	
297.55202049	
297.55219968	
297.55237880	
297.55255785	
297.55273683	
297.55291573	
297.55309457	
297.55327333	
297.55345202	
297.55363064	
297.55380919	
297.55398766	
297.55416607	
297.55434440	
297.55452267	
297.55470086	
297.55487898	
297.55505702	
297.55523500	
297.55541291	
297.55559074	
297.55576851	
297.55594620	
297.55612382	
297.55630137	
297.55647885	
297.55665626	
297.55683360	
297.55701086	
297.55718806	
297.55736518	
297.55754224	
297.55771922	
297.55789613	
297.55807297	
297.55824974	
297.55842645	
297.55860307	
297.55877963	
297.55895612	
297.55913254	
297.55930889	
297.55948516	
297.55966137	
297.55983750	
297.56001357	
297.56018956	
297.56036549	
297.56054134	
297.56071712	
297.56089284	
297.56106848	
297.56124405	
297.56141956	
297.56159499	
297.56177035	
297.56194564	
297.56212086	
297.56229602	
297.56247110	
297.56264611	
297.56282105	
297.56299592	
297.56317072	
297.56334545	
297.56352012	
297.56369471	
297.56386923	
297.56404368	
297.56421807	
297.56439238	
297.56456662	
297.56474079	
297.56491490	
297.56508893	
297.56526290	
297.56543679	
297.56561062	
297.56578437	
297.56595806	
297.56613168	
297.56630522	
297.56647870	
297.56665211	
297.56682545	
297.56699872	
297.56717192	
297.56734505	
297.56751811	
297.56769110	
297.56786403	
297.56803688	
297.56820967	
297.56838238	
297.56855503	
297.56872761	
297.56890012	
297.56907256	
297.56924493	
297.56941723	
297.56958946	
297.56976163	
297.56993372	
297.57010575	
297.57027771	
297.57044960	
297.57062142	
297.57079317	
297.57096485	
297.57113647	
297.57130801	
297.57147949	
297.57165090	
297.57182224	
297.57199351	
297.57216471	
297.57233584	
297.57250691	
297.57267791	
297.57284884	
297.57301970	
297.57319049	
297.57336121	
297.57353187	
297.57370245	
297.57387297	
297.57404342	
297.57421381	
297.57438412	
297.57455437	
297.57472455	
297.57489466	
297.57506470	
297.57523467	
297.57540458	
297.57557442	
297.57574419	
297.57591389	
297.57608352	
297.57625309	
297.57642259	
297.57659202	
297.57676138	
297.57693068	
297.57709991	
297.57726907	
297.57743816	
297.57760718	
297.57777614	
297.57794503	
297.57811385	
297.57828261	
297.57845129	
297.57861991	
297.57878846	
297.57895695	
297.57912537	
297.57929372	
297.57946200	
297.57963021	
297.57979836	
297.57996644	
297.58013446	
297.58030240	
297.58047028	
297.58063809	
297.58080584	
297.58097352	
297.58114113	
297.58130867	
297.58147615	
297.58164356	
297.58181090	
297.58197817	
297.58214538	
297.58231252	
297.58247960	
297.58264661	
297.58281355	
297.58298042	
297.58314723	
297.58331397	
297.58348065	
297.58364726	
297.58381380	
297.58398027	
297.58414668	
297.58431302	
297.58447929	
297.58464550	
297.58481164	
297.58497772	
297.58514373	
297.58530967	
297.58547555	
297.58564136	
297.58580710	
297.58597278	
297.58613839	
297.58630393	
297.58646941	
297.58663482	
297.58680017	
297.58696545	
297.58713066	
297.58729581	
297.58746089	
297.58762591	
297.58779086	
297.58795574	
297.58812056	
297.58828531	
297.58845000	
297.58861462	
297.58877917	
297.58894366	
297.58910808	
297.58927244	
297.58943673	
297.58960096	
297.58976512	
297.58992921	
297.59009324	
297.59025720	
297.59042110	
297.59058493	
297.59074870	
297.59091240	
297.59107603	
297.59123960	
297.59140310	
297.59156654	
297.59172992	
297.59189322	
297.59205647	
297.59221964	
297.59238276	
297.59254580	
297.59270879	
297.59287170	
297.59303455	
297.59319734	
297.59336006	
297.59352272	
297.59368531	
297.59384783	
297.59401029	
297.59417269	
297.59433502	
297.59449729	
297.59465949	
297.59482162	
297.59498370	
297.59514570	
297.59530764	
297.59546952	
297.59563133	
297.59579308	
297.59595476	
297.59611638	
297.59627793	
297.59643942	
297.59660085	
297.59676221	
297.59692350	
297.59708473	
297.59724590	
297.59740700	
297.59756804	
297.59772901	
297.59788992	
297.59805076	
297.59821154	
297.59837226	
297.59853291	
297.59869350	
297.59885402	
297.59901448	
297.59917487	
297.59933520	
297.59949547	
297.59965567	
297.59981581	
297.59997588	
297.60013589	
297.60029584	
297.60045572	
297.60061554	
297.60077529	
297.60093498	
297.60109461	
297.60125417	
297.60141367	
297.60157310	
297.60173247	
297.60189178	
297.60205102	
297.60221020	
297.60236932	
297.60252837	
297.60268736	
297.60284628	
297.60300514	
297.60316394	
297.60332268	
297.60348135	
297.60363995	
297.60379850	
297.60395698	
297.60411540	
297.60427375	
297.60443204	
297.60459027	
297.60474843	
297.60490653	
297.60506457	
297.60522254	
297.60538046	
297.60553830	
297.60569609	
297.60585381	
297.60601147	
297.60616906	
297.60632660	
297.60648407	
297.60664147	
297.60679881	
297.60695610	
297.60711331	
297.60727047	
297.60742756	
297.60758459	
297.60774155	
297.60789846	
297.60805530	
297.60821208	
297.60836879	
297.60852544	
297.60868203	
297.60883856	
297.60899503	
297.60915143	
297.60930777	
297.60946404	
297.60962026	
297.60977641	
297.60993250	
297.61008853	
297.61024449	
297.61040039	
297.61055623	
297.61071201	
297.61086773	
297.61102338	
297.61117897	
297.61133450	
297.61148996	
297.61164537	
297.61180071	
297.61195599	
297.61211121	
297.61226636	
297.61242146	
297.61257649	
297.61273146	
297.61288636	
297.61304121	
297.61319599	
297.61335072	
297.61350537	
297.61365997	
297.61381451	
297.61396898	
297.61412340	
297.61427775	
297.61443203	
297.61458626	
297.61474043	
297.61489453	
297.61504857	
297.61520255	
297.61535647	
297.61551033	
297.61566413	
297.61581786	
297.61597153	
297.61612514	
297.61627869	
297.61643218	
297.61658561	
297.61673898	
297.61689228	
297.61704552	
297.61719871	
297.61735183	
297.61750489	
297.61765788	
297.61781082	
297.61796370	
297.61811651	
297.61826926	
297.61842196	
297.61857459	
297.61872716	
297.61887967	
297.61903211	
297.61918450	
297.61933683	
297.61948909	
297.61964130	
297.61979344	
297.61994552	
297.62009755	
297.62024951	
297.62040141	
297.62055325	
297.62070502	
297.62085674	
297.62100840	
297.62116000	
297.62131153	
297.62146301	
297.62161442	
297.62176578	
297.62191707	
297.62206830	
297.62221948	
297.62237059	
297.62252164	
297.62267263	
297.62282356	
297.62297443	
297.62312524	
297.62327599	
297.62342668	
297.62357731	
297.62372788	
297.62387839	
297.62402884	
297.62417923	
297.62432956	
297.62447982	
297.62463003	
297.62478018	
297.62493027	
297.62508030	
297.62523026	
297.62538017	
297.62553002	
297.62567981	
297.62582954	
297.62597920	
297.62612881	
297.62627836	
297.62642785	
297.62657728	
297.62672665	
297.62687596	
297.62702521	
297.62717440	
297.62732353	
297.62747260	
297.62762161	
297.62777056	
297.62791945	
297.62806828	
297.62821706	
297.62836577	
297.62851442	
297.62866302	
297.62881155	
297.62896003	
297.62910844	
297.62925680	
297.62940510	
297.62955334	
297.62970151	
297.62984963	
297.62999769	
297.63014569	
297.63029364	
297.63044152	
297.63058934	
297.63073711	
297.63088481	
297.63103246	
297.63118004	
297.63132757	
297.63147504	
297.63162245	
297.63176980	
297.63191709	
297.63206433	
297.63221150	
297.63235862	
297.63250567	
297.63265267	
297.63279961	
297.63294649	
297.63309331	
297.63324007	
297.63338678	
297.63353342	
297.63368001	
297.63382654	
297.63397301	
297.63411942	
297.63426577	
297.63441206	
297.63455830	
297.63470448	
297.63485060	
297.63499665	
297.63514266	
297.63528860	
297.63543448	
297.63558031	
297.63572608	
297.63587179	
297.63601744	
297.63616303	
297.63630857	
297.63645404	
297.63659946	
297.63674482	
297.63689012	
297.63703537	
297.63718055	
297.63732568	
297.63747075	
297.63761576	
297.63776072	
297.63790561	
297.63805045	
297.63819523	
297.63833995	
297.63848462	
297.63862922	
297.63877377	
297.63891826	
297.63906269	
297.63920707	
297.63935139	
297.63949564	
297.63963985	
297.63978399	
297.63992808	
297.64007211	
297.64021608	
297.64035999	
297.64050385	
297.64064764	
297.64079139	
297.64093507	
297.64107870	
297.64122226	
297.64136577	
297.64150923	
297.64165262	
297.64179596	
297.64193925	
297.64208247	
297.64222564	
297.64236875	
297.64251180	
297.64265479	
297.64279773	
297.64294061	
297.64308344	
297.64322620	
297.64336891	
297.64351157	
297.64365416	
297.64379670	
297.64393918	
297.64408160	
297.64422397	
297.64436628	
297.64450854	
297.64465073	
297.64479287	
297.64493496	
297.64507698	
297.64521895	
297.64536086	
297.64550272	
297.64564452	
297.64578626	
297.64592795	
297.64606957	
297.64621115	
297.64635266	
297.64649412	
297.64663552	
297.64677687	
297.64691816	
297.64705939	
297.64720057	
297.64734169	
297.64748275	
297.64762376	
297.64776471	
297.64790560	
297.64804644	
297.64818722	
297.64832795	
297.64846861	
297.64860923	
297.64874978	
297.64889028	
297.64903073	
297.64917112	
297.64931145	
297.64945172	
297.64959194	
297.64973210	
297.64987221	
297.65001226	
297.65015226	
297.65029220	
297.65043208	
297.65057191	
297.65071168	
297.65085139	
297.65099105	
297.65113066	
297.65127020	
297.65140970	
297.65154913	
297.65168851	
297.65182784	
297.65196711	
297.65210632	
297.65224548	
297.65238458	
297.65252363	
297.65266262	
297.65280155	
297.65294043	
297.65307925	
297.65321802	
297.65335674	
297.65349539	
297.65363399	
297.65377254	
297.65391103	
297.65404947	
297.65418785	
297.65432617	
297.65446444	
297.65460266	
297.65474082	
297.65487892	
297.65501697	
297.65515496	
297.65529290	
297.65543078	
297.65556861	
297.65570638	
297.65584410	
297.65598176	
297.65611937	
297.65625692	
297.65639442	
297.65653186	
297.65666925	
297.65680658	
297.65694386	
297.65708108	
297.65721825	
297.65735536	
297.65749242	
297.65762942	
297.65776637	
297.65790326	
297.65804010	
297.65817689	
297.65831361	
297.65845029	
297.65858691	
297.65872347	
297.65885998	
297.65899644	
297.65913284	
297.65926919	
297.65940548	
297.65954172	
297.65967790	
297.65981403	
297.65995011	
297.66008613	
297.66022209	
297.66035800	
297.66049386	
297.66062966	
297.66076541	
297.66090110	
297.66103674	
297.66117233	
297.66130786	
297.66144334	
297.66157876	
297.66171413	
297.66184944	
297.66198470	
297.66211991	
297.66225506	
297.66239016	
297.66252520	
297.66266019	
297.66279513	
297.66293001	
297.66306484	
297.66319961	
297.66333433	
297.66346900	
297.66360361	
297.66373817	
297.66387267	
297.66400713	
297.66414152	
297.66427587	
297.66441016	
297.66454439	
297.66467857	
297.66481270	
297.66494678	
297.66508080	
297.66521477	
297.66534868	
297.66548254	
297.66561635	
297.66575010	
297.66588380	
297.66601745	
297.66615104	
297.66628458	
297.66641807	
297.66655150	
297.66668488	
297.66681820	
297.66695148	
297.66708470	
297.66721786	
297.66735098	
297.66748404	
297.66761704	
297.66774999	
297.66788289	
297.66801574	
297.66814854	
297.66828128	
297.66841396	
297.66854660	
297.66867918	
297.66881171	
297.66894418	
297.66907661	
297.66920897	
297.66934129	
297.66947355	
297.66960576	
297.66973792	
297.66987003	
297.67000208	
297.67013408	
297.67026602	
297.67039792	
297.67052976	
297.67066155	
297.67079328	
297.67092497	
297.67105660	
297.67118817	
297.67131970	
297.67145117	
297.67158259	
297.67171396	
297.67184527	
297.67197653	
297.67210774	
297.67223890	
297.67237000	
297.67250106	
297.67263205	
297.67276300	
297.67289390	
297.67302474	
297.67315553	
297.67328627	
297.67341695	
297.67354759	
297.67367817	
297.67380870	
297.67393917	
297.67406960	
297.67419997	
297.67433029	
297.67446056	
297.67459077	
297.67472094	
297.67485105	
297.67498111	
297.67511111	
297.67524107	
297.67537097	
297.67550083	
297.67563063	
297.67576037	
297.67589007	
297.67601971	
297.67614930	
297.67627885	
297.67640833	
297.67653777	
297.67666716	
297.67679649	
297.67692577	
297.67705500	
297.67718418	
297.67731330	
297.67744238	
297.67757140	
297.67770037	
297.67782929	
297.67795816	
297.67808698	
297.67821574	
297.67834446	
297.67847312	
297.67860173	
297.67873029	
297.67885880	
297.67898725	
297.67911566	
297.67924401	
297.67937231	
297.67950057	
297.67962877	
297.67975691	
297.67988501	
297.68001306	
297.68014105	
297.68026900	
297.68039689	
297.68052473	
297.68065252	
297.68078026	
297.68090795	
297.68103558	
297.68116317	
297.68129070	
297.68141819	
297.68154562	
297.68167300	
297.68180033	
297.68192761	
297.68205484	
297.68218202	
297.68230915	
297.68243622	
297.68256325	
297.68269022	
297.68281715	
297.68294402	
297.68307084	
297.68319761	
297.68332434	
297.68345101	
297.68357762	
297.68370419	
297.68383071	
297.68395718	
297.68408360	
297.68420996	
297.68433628	
297.68446255	
297.68458876	
297.68471492	
297.68484104	
297.68496710	
297.68509312	
297.68521908	
297.68534499	
297.68547085	
297.68559666	
297.68572243	
297.68584814	
297.68597380	
297.68609941	
297.68622497	
297.68635048	
297.68647594	
297.68660135	
297.68672671	
297.68685202	
297.68697728	
297.68710248	
297.68722764	
297.68735275	
297.68747781	
297.68760282	
297.68772778	
297.68785269	
297.68797755	
297.68810236	
297.68822711	
297.68835182	
297.68847648	
297.68860109	
297.68872565	
297.68885016	
297.68897462	
297.68909903	
297.68922339	
297.68934770	
297.68947196	
297.68959618	
297.68972034	
297.68984445	
297.68996851	
297.69009252	
297.69021649	
297.69034040	
297.69046426	
297.69058808	
297.69071184	
297.69083556	
297.69095922	
297.69108284	
297.69120641	
297.69132992	
297.69145339	
297.69157681	
297.69170018	
297.69182350	
297.69194677	
297.69206999	
297.69219316	
297.69231629	
297.69243936	
297.69256238	
297.69268536	
297.69280829	
297.69293116	
297.69305399	
297.69317677	
297.69329950	
297.69342218	
297.69354481	
297.69366739	
297.69378992	
297.69391241	
297.69403484	
297.69415723	
297.69427957	
297.69440185	
297.69452409	
297.69464628	
297.69476843	
297.69489052	
297.69501256	
297.69513456	
297.69525650	
297.69537840	
297.69550025	
297.69562205	
297.69574380	
297.69586550	
297.69598716	
297.69610876	
297.69623032	
297.69635183	
297.69647329	
297.69659470	
297.69671606	
297.69683737	
297.69695864	
297.69707985	
297.69720102	
297.69732214	
297.69744321	
297.69756423	
297.69768521	
297.69780614	
297.69792701	
297.69804784	
297.69816862	
297.69828936	
297.69841004	
297.69853068	
297.69865126	
297.69877180	
297.69889229	
297.69901274	
297.69913313	
297.69925348	
297.69937378	
297.69949403	
297.69961423	
297.69973438	
297.69985449	
297.69997455	
297.70009456	
297.70021452	
297.70033444	
297.70045430	
297.70057412	
297.70069389	
297.70081361	
297.70093329	
297.70105291	
297.70117249	
297.70129202	
297.70141151	
297.70153094	
297.70165033	
297.70176967	
297.70188896	
297.70200821	
297.70212740	
297.70224655	
297.70236565	
297.70248471	
297.70260371	
297.70272267	
297.70284158	
297.70296045	
297.70307926	
297.70319803	
297.70331675	
297.70343542	
297.70355405	
297.70367263	
297.70379116	
297.70390964	
297.70402808	
297.70414647	
297.70426481	
297.70438310	
297.70450135	
297.70461955	
297.70473770	
297.70485581	
297.70497386	
297.70509188	
297.70520984	
297.70532775	
297.70544562	
297.70556344	
297.70568122	
297.70579895	
297.70591663	
297.70603426	
297.70615185	
297.70626939	
297.70638688	
297.70650432	
297.70662172	
297.70673907	
297.70685638	
297.70697364	
297.70709085	
297.70720801	
297.70732513	
297.70744220	
297.70755922	
297.70767620	
297.70779313	
297.70791001	
297.70802684	
297.70814363	
297.70826038	
297.70837707	
297.70849372	
297.70861032	
297.70872688	
297.70884339	
297.70895985	
297.70907627	
297.70919264	
297.70930896	
297.70942524	
297.70954147	
297.70965765	
297.70977379	
297.70988988	
297.71000592	
297.71012192	
297.71023787	
297.71035377	
297.71046963	
297.71058545	
297.71070121	
297.71081693	
297.71093260	
297.71104823	
297.71116381	
297.71127935	
297.71139483	
297.71151028	
297.71162567	
297.71174102	
297.71185633	
297.71197158	
297.71208679	
297.71220196	
297.71231708	
297.71243215	
297.71254718	
297.71266216	
297.71277710	
297.71289198	
297.71300683	
297.71312162	
297.71323638	
297.71335108	
297.71346574	
297.71358036	
297.71369492	
297.71380944	
297.71392392	
297.71403835	
297.71415274	
297.71426708	
297.71438137	
297.71449562	
297.71460982	
297.71472397	
297.71483808	
297.71495215	
297.71506617	
297.71518014	
297.71529407	
297.71540795	
297.71552179	
297.71563558	
297.71574933	
297.71586303	
297.71597668	
297.71609029	
297.71620385	
297.71631737	
297.71643085	
297.71654427	
297.71665766	
297.71677099	
297.71688428	
297.71699753	
297.71711073	
297.71722389	
297.71733700	
297.71745006	
297.71756308	
297.71767606	
297.71778899	
297.71790187	
297.71801471	
297.71812750	
297.71824025	
297.71835296	
297.71846562	
297.71857823	
297.71869080	
297.71880332	
297.71891580	
297.71902823	
297.71914062	
297.71925297	
297.71936527	
297.71947752	
297.71958973	
297.71970189	
297.71981401	
297.71992609	
297.72003812	
297.72015010	
297.72026204	
297.72037394	
297.72048579	
297.72059759	
297.72070935	
297.72082107	
297.72093274	
297.72104437	
297.72115595	
297.72126749	
297.72137898	
297.72149043	
297.72160183	
297.72171319	
297.72182451	
297.72193578	
297.72204700	
297.72215818	
297.72226932	
297.72238041	
297.72249146	
297.72260246	
297.72271342	
297.72282434	
297.72293521	
297.72304603	
297.72315682	
297.72326755	
297.72337825	
297.72348889	
297.72359950	
297.72371006	
297.72382058	
297.72393105	
297.72404147	
297.72415186	
297.72426220	
297.72437249	
297.72448274	
297.72459295	
297.72470311	
297.72481323	
297.72492331	
297.72503334	
297.72514332	
297.72525327	
297.72536317	
297.72547302	
297.72558283	
297.72569260	
297.72580232	
297.72591200	
297.72602164	
297.72613123	
297.72624077	
297.72635028	
297.72645974	
297.72656915	
297.72667853	
297.72678785	
297.72689714	
297.72700638	
297.72711558	
297.72722473	
297.72733384	
297.72744291	
297.72755193	
297.72766091	
297.72776985	
297.72787874	
297.72798759	
297.72809639	
297.72820515	
297.72831387	
297.72842255	
297.72853118	
297.72863976	
297.72874831	
297.72885681	
297.72896527	
297.72907368	
297.72918205	
297.72929038	
297.72939866	
297.72950690	
297.72961510	
297.72972325	
297.72983136	
297.72993943	
297.73004746	
297.73015544	
297.73026337	
297.73037127	
297.73047912	
297.73058693	
297.73069469	
297.73080242	
297.73091010	
297.73101773	
297.73112532	
297.73123287	
297.73134038	
297.73144784	
297.73155527	
297.73166264	
297.73176998	
297.73187727	
297.73198452	
297.73209173	
297.73219889	
297.73230601	
297.73241309	
297.73252012	
297.73262711	
297.73273406	
297.73284097	
297.73294783	
297.73305465	
297.73316143	
297.73326817	
297.73337486	
297.73348151	
297.73358812	
297.73369468	
297.73380120	
297.73390768	
297.73401412	
297.73412052	
297.73422687	
297.73433318	
297.73443944	
297.73454567	
297.73465185	
297.73475799	
297.73486408	
297.73497014	
297.73507615	
297.73518212	
297.73528805	
297.73539393	
297.73549978	
297.73560558	
297.73571133	
297.73581705	
297.73592272	
297.73602835	
297.73613394	
297.73623949	
297.73634499	
297.73645045	
297.73655587	
297.73666125	
297.73676659	
297.73687188	
297.73697713	
297.73708234	
297.73718751	
297.73729263	
297.73739772	
297.73750276	
297.73760776	
297.73771271	
297.73781763	
297.73792250	
297.73802733	
297.73813212	
297.73823687	
297.73834157	
297.73844624	
297.73855086	
297.73865544	
297.73875998	
297.73886447	
297.73896893	
297.73907334	
297.73917771	
297.73928204	
297.73938632	
297.73949057	
297.73959477	
297.73969894	
297.73980306	
297.73990713	
297.74001117	
297.74011517	
297.74021912	
297.74032303	
297.74042690	
297.74053073	
297.74063452	
297.74073827	
297.74084197	
297.74094564	
297.74104926	
297.74115284	
297.74125638	
297.74135987	
297.74146333	
297.74156674	
297.74167012	
297.74177345	
297.74187674	
297.74197999	
297.74208320	
297.74218636	
297.74228949	
297.74239257	
297.74249562	
297.74259862	
297.74270158	
297.74280450	
297.74290738	
297.74301021	
297.74311301	
297.74321577	
297.74331848	
297.74342115	
297.74352378	
297.74362637	
297.74372892	
297.74383143	
297.74393390	
297.74403633	
297.74413871	
297.74424106	
297.74434336	
297.74444562	
297.74454784	
297.74465002	
297.74475216	
297.74485426	
297.74495632	
297.74505834	
297.74516032	
297.74526225	
297.74536415	
297.74546600	
297.74556781	
297.74566959	
297.74577132	
297.74587301	
297.74597466	
297.74607627	
297.74617784	
297.74627937	
297.74638086	
297.74648231	
297.74658371	
297.74668508	
297.74678641	
297.74688769	
297.74698894	
297.74709014	
297.74719130	
297.74729243	
297.74739351	
297.74749455	
297.74759556	
297.74769652	
297.74779744	
297.74789832	
297.74799916	
297.74809996	
297.74820072	
297.74830144	
297.74840212	
297.74850276	
297.74860336	
297.74870392	
297.74880444	
297.74890491	
297.74900535	
297.74910575	
297.74920611	
297.74930642	
297.74940670	
297.74950694	
297.74960714	
297.74970729	
297.74980741	
297.74990749	
297.75000752	
297.75010752	
297.75020748	
297.75030740	
297.75040727	
297.75050711	
297.75060691	
297.75070666	
297.75080638	
297.75090606	
297.75100570	
297.75110529	
297.75120485	
297.75130437	
297.75140385	
297.75150329	
297.75160269	
297.75170204	
297.75180136	
297.75190064	
297.75199988	
297.75209908	
297.75219824	
297.75229736	
297.75239645	
297.75249549	
297.75259449	
297.75269345	
297.75279237	
297.75289126	
297.75299010	
297.75308890	
297.75318767	
297.75328639	
297.75338508	
297.75348372	
297.75358233	
297.75368090	
297.75377943	
297.75387791	
297.75397636	
297.75407477	
297.75417314	
297.75427147	
297.75436976	
297.75446802	
297.75456623	
297.75466440	
297.75476254	
297.75486063	
297.75495869	
297.75505670	
297.75515468	
297.75525262	
297.75535052	
297.75544838	
297.75554620	
297.75564398	
297.75574172	
297.75583943	
297.75593709	
297.75603472	
297.75613230	
297.75622985	
297.75632736	
297.75642483	
297.75652226	
297.75661965	
297.75671700	
297.75681431	
297.75691159	
297.75700882	
297.75710602	
297.75720318	
297.75730030	
297.75739738	
297.75749442	
297.75759142	
297.75768838	
297.75778531	
297.75788219	
297.75797904	
297.75807585	
297.75817262	
297.75826935	
297.75836604	
297.75846269	
297.75855931	
297.75865589	
297.75875242	
297.75884892	
297.75894538	
297.75904180	
297.75913819	
297.75923453	
297.75933084	
297.75942711	
297.75952334	
297.75961953	
297.75971568	
297.75981179	
297.75990787	
297.76000390	
297.76009990	
297.76019586	
297.76029178	
297.76038767	
297.76048351	
297.76057932	
297.76067509	
297.76077082	
297.76086651	
297.76096216	
297.76105778	
297.76115335	
297.76124889	
297.76134439	
297.76143986	
297.76153528	
297.76163067	
297.76172601	
297.76182132	
297.76191659	
297.76201183	
297.76210702	
297.76220218	
297.76229730	
297.76239238	
297.76248742	
297.76258243	
297.76267740	
297.76277232	
297.76286722	
297.76296207	
297.76305688	
297.76315166	
297.76324640	
297.76334110	
297.76343577	
297.76353039	
297.76362498	
297.76371953	
297.76381404	
297.76390852	
297.76400295	
297.76409735	
297.76419171	
297.76428604	
297.76438032	
297.76447457	
297.76456878	
297.76466295	
297.76475709	
297.76485118	
297.76494524	
297.76503927	
297.76513325	
297.76522720	
297.76532111	
297.76541498	
297.76550881	
297.76560261	
297.76569637	
297.76579009	
297.76588377	
297.76597742	
297.76607103	
297.76616460	
297.76625813	
297.76635163	
297.76644509	
297.76653851	
297.76663190	
297.76672524	
297.76681855	
297.76691183	
297.76700506	
297.76709826	
297.76719142	
297.76728454	
297.76737763	
297.76747068	
297.76756369	
297.76765666	
297.76774960	
297.76784250	
297.76793536	
297.76802819	
297.76812098	
297.76821373	
297.76830645	
297.76839912	
297.76849176	
297.76858437	
297.76867693	
297.76876946	
297.76886195	
297.76895441	
297.76904683	
297.76913921	
297.76923155	
297.76932386	
297.76941613	
297.76950836	
297.76960056	
297.76969272	
297.76978484	
297.76987693	
297.76996898	
297.77006099	
297.77015297	
297.77024491	
297.77033681	
297.77042867	
297.77052050	
297.77061229	
297.77070405	
297.77079577	
297.77088745	
297.77097909	
297.77107070	
297.77116227	
297.77125381	
297.77134531	
297.77143677	
297.77152819	
297.77161958	
297.77171094	
297.77180225	
297.77189353	
297.77198477	
297.77207598	
297.77216715	
297.77225828	
297.77234938	
297.77244044	
297.77253146	
297.77262245	
297.77271340	
297.77280432	
297.77289519	
297.77298604	
297.77307684	
297.77316761	
297.77325834	
297.77334904	
297.77343970	
297.77353032	
297.77362091	
297.77371146	
297.77380198	
297.77389246	
297.77398290	
297.77407331	
297.77416368	
297.77425401	
297.77434431	
297.77443457	
297.77452480	
297.77461499	
297.77470514	
297.77479526	
297.77488534	
297.77497539	
297.77506540	
297.77515537	
297.77524531	
297.77533521	
297.77542508	
297.77551491	
297.77560470	
297.77569446	
297.77578418	
297.77587387	
297.77596352	
297.77605314	
297.77614271	
297.77623226	
297.77632176	
297.77641124	
297.77650067	
297.77659007	
297.77667943	
297.77676876	
297.77685806	
297.77694731	
297.77703653	
297.77712572	
297.77721487	
297.77730398	
297.77739306	
297.77748210	
297.77757111	
297.77766008	
297.77774902	
297.77783792	
297.77792678	
297.77801561	
297.77810441	
297.77819316	
297.77828189	
297.77837057	
297.77845923	
297.77854784	
297.77863642	
297.77872497	
297.77881348	
297.77890195	
297.77899039	
297.77907880	
297.77916717	
297.77925550	
297.77934380	
297.77943206	
297.77952029	
297.77960848	
297.77969663	
297.77978476	
297.77987284	
297.77996089	
297.78004891	
297.78013689	
297.78022483	
297.78031274	
297.78040062	
297.78048846	
297.78057626	
297.78066403	
297.78075177	
297.78083947	
297.78092713	
297.78101476	
297.78110235	
297.78118991	
297.78127744	
297.78136493	
297.78145238	
297.78153980	
297.78162718	
297.78171453	
297.78180185	
297.78188913	
297.78197637	
297.78206358	
297.78215075	
297.78223789	
297.78232500	
297.78241207	
297.78249910	
297.78258610	
297.78267307	
297.78276000	
297.78284690	
297.78293376	
297.78302058	
297.78310738	
297.78319413	
297.78328086	
297.78336754	
297.78345420	
297.78354081	
297.78362740	
297.78371395	
297.78380046	
297.78388694	
297.78397339	
297.78405980	
297.78414617	
297.78423251	
297.78431882	
297.78440509	
297.78449133	
297.78457754	
297.78466370	
297.78474984	
297.78483594	
297.78492200	
297.78500804	
297.78509403	
297.78518000	
297.78526592	
297.78535182	
297.78543768	
297.78552350	
297.78560929	
297.78569505	
297.78578077	
297.78586646	
297.78595211	
297.78603773	
297.78612332	
297.78620887	
297.78629438	
297.78637986	
297.78646531	
297.78655073	
297.78663611	
297.78672145	
297.78680676	
297.78689204	
297.78697728	
297.78706249	
297.78714767	
297.78723281	
297.78731792	
297.78740299	
297.78748803	
297.78757303	
297.78765800	
297.78774294	
297.78782784	
297.78791271	
297.78799755	
297.78808235	
297.78816711	
297.78825185	
297.78833655	
297.78842121	
297.78850584	
297.78859044	
297.78867500	
297.78875953	
297.78884403	
297.78892849	
297.78901292	
297.78909732	
297.78918168	
297.78926601	
297.78935030	
297.78943456	
297.78951879	
297.78960298	
297.78968714	
297.78977126	
297.78985535	
297.78993941	
297.79002344	
297.79010743	
297.79019138	
297.79027531	
297.79035920	
297.79044305	
297.79052688	
297.79061066	
297.79069442	
297.79077814	
297.79086183	
297.79094549	
297.79102911	
297.79111270	
297.79119625	
297.79127977	
297.79136326	
297.79144672	
297.79153014	
297.79161352	
297.79169688	
297.79178020	
297.79186349	
297.79194674	
297.79202996	
297.79211315	
297.79219631	
297.79227943	
297.79236252	
297.79244557	
297.79252859	
297.79261158	
297.79269454	
297.79277746	
297.79286035	
297.79294320	
297.79302603	
297.79310882	
297.79319157	
297.79327430	
297.79335699	
297.79343964	
297.79352227	
297.79360486	
297.79368742	
297.79376994	
297.79385243	
297.79393489	
297.79401732	
297.79409971	
297.79418207	
297.79426440	
297.79434669	
297.79442896	
297.79451118	
297.79459338	
297.79467554	
297.79475767	
297.79483977	
297.79492183	
297.79500386	
297.79508586	
297.79516783	
297.79524976	
297.79533166	
297.79541353	
297.79549536	
297.79557717	
297.79565893	
297.79574067	
297.79582237	
297.79590405	
297.79598568	
297.79606729	
297.79614886	
297.79623040	
297.79631191	
297.79639339	
297.79647483	
297.79655624	
297.79663762	
297.79671896	
297.79680027	
297.79688155	
297.79696280	
297.79704402	
297.79712520	
297.79720635	
297.79728747	
297.79736855	
297.79744960	
297.79753062	
297.79761161	
297.79769257	
297.79777349	
297.79785438	
297.79793524	
297.79801606	
297.79809686	
297.79817762	
297.79825835	
297.79833904	
297.79841971	
297.79850034	
297.79858094	
297.79866151	
297.79874204	
297.79882255	
297.79890302	
297.79898346	
297.79906386	
297.79914424	
297.79922458	
297.79930489	
297.79938517	
297.79946541	
297.79954563	
297.79962581	
297.79970596	
297.79978608	
297.79986616	
297.79994622	
297.80002624	
297.80010623	
297.80018619	
297.80026611	
297.80034600	
297.80042587	
297.80050570	
297.80058549	
297.80066526	
297.80074499	
297.80082470	
297.80090437	
297.80098400	
297.80106361	
297.80114318	
297.80122273	
297.80130224	
297.80138172	
297.80146116	
297.80154058	
297.80161996	
297.80169932	
297.80177864	
297.80185792	
297.80193718	
297.80201641	
297.80209560	
297.80217476	
297.80225389	
297.80233299	
297.80241206	
297.80249109	
297.80257010	
297.80264907	
297.80272801	
297.80280692	
297.80288579	
297.80296464	
297.80304345	
297.80312224	
297.80320099	
297.80327971	
297.80335840	
297.80343705	
297.80351568	
297.80359427	
297.80367283	
297.80375136	
297.80382986	
297.80390833	
297.80398677	
297.80406517	
297.80414355	
297.80422189	
297.80430020	
297.80437848	
297.80445673	
297.80453495	
297.80461313	
297.80469129	
297.80476941	
297.80484750	
297.80492556	
297.80500359	
297.80508159	
297.80515956	
297.80523750	
297.80531540	
297.80539328	
297.80547112	
297.80554893	
297.80562671	
297.80570446	
297.80578218	
297.80585986	
297.80593752	
297.80601515	
297.80609274	
297.80617030	
297.80624783	
297.80632534	
297.80640281	
297.80648024	
297.80655765	
297.80663503	
297.80671237	
297.80678969	
297.80686697	
297.80694423	
297.80702145	
297.80709864	
297.80717580	
297.80725293	
297.80733003	
297.80740710	
297.80748414	
297.80756114	
297.80763812	
297.80771506	
297.80779198	
297.80786886	
297.80794571	
297.80802253	
297.80809932	
297.80817608	
297.80825281	
297.80832951	
297.80840618	
297.80848282	
297.80855943	
297.80863600	
297.80871255	
297.80878906	
297.80886555	
297.80894200	
297.80901842	
297.80909482	
297.80917118	
297.80924751	
297.80932381	
297.80940008	
297.80947632	
297.80955253	
297.80962871	
297.80970486	
297.80978098	
297.80985706	
297.80993312	
297.81000915	
297.81008514	
297.81016111	
297.81023705	
297.81031295	
297.81038883	
297.81046467	
297.81054048	
297.81061627	
297.81069202	
297.81076774	
297.81084344	
297.81091910	
297.81099473	
297.81107033	
297.81114591	
297.81122145	
297.81129696	
297.81137244	
297.81144789	
297.81152331	
297.81159870	
297.81167406	
297.81174939	
297.81182469	
297.81189996	
297.81197520	
297.81205041	
297.81212559	
297.81220074	
297.81227586	
297.81235095	
297.81242601	
297.81250104	
297.81257604	
297.81265101	
297.81272595	
297.81280086	
297.81287574	
297.81295059	
297.81302541	
297.81310020	
297.81317496	
297.81324969	
297.81332439	
297.81339906	
297.81347370	
297.81354831	
297.81362289	
297.81369744	
297.81377196	
297.81384646	
297.81392092	
297.81399535	
297.81406975	
297.81414412	
297.81421846	
297.81429278	
297.81436706	
297.81444131	
297.81451554	
297.81458973	
297.81466389	
297.81473803	
297.81481213	
297.81488621	
297.81496025	
297.81503427	
297.81510826	
297.81518221	
297.81525614	
297.81533004	
297.81540391	
297.81547774	
297.81555155	
297.81562533	
297.81569908	
297.81577280	
297.81584649	
297.81592016	
297.81599379	
297.81606739	
297.81614096	
297.81621451	
297.81628802	
297.81636151	
297.81643496	
297.81650839	
297.81658178	
297.81665515	
297.81672849	
297.81680180	
297.81687508	
297.81694833	
297.81702155	
297.81709474	
297.81716790	
297.81724103	
297.81731414	
297.81738721	
297.81746026	
297.81753327	
297.81760626	
297.81767922	
297.81775214	
297.81782504	
297.81789791	
297.81797075	
297.81804357	
297.81811635	
297.81818910	
297.81826183	
297.81833452	
297.81840719	
297.81847983	
297.81855243	
297.81862501	
297.81869756	
297.81877008	
297.81884258	
297.81891504	
297.81898747	
297.81905988	
297.81913225	
297.81920460	
297.81927692	
297.81934921	
297.81942147	
297.81949370	
297.81956590	
297.81963808	
297.81971022	
297.81978234	
297.81985442	
297.81992648	
297.81999851	
297.82007051	
297.82014248	
297.82021443	
297.82028634	
297.82035823	
297.82043008	
297.82050191	
297.82057371	
297.82064548	
297.82071722	
297.82078894	
297.82086062	
297.82093228	
297.82100390	
297.82107550	
297.82114707	
297.82121861	
297.82129013	
297.82136161	
297.82143306	
297.82150449	
297.82157589	
297.82164726	
297.82171860	
297.82178991	
297.82186120	
297.82193245	
297.82200368	
297.82207488	
297.82214605	
297.82221719	
297.82228830	
297.82235939	
297.82243044	
297.82250147	
297.82257247	
297.82264344	
297.82271438	
297.82278530	
297.82285618	
297.82292704	
297.82299787	
297.82306867	
297.82313944	
297.82321019	
297.82328090	
297.82335159	
297.82342225	
297.82349288	
297.82356349	
297.82363406	
297.82370461	
297.82377512	
297.82384561	
297.82391608	
297.82398651	
297.82405692	
297.82412729	
297.82419764	
297.82426796	
297.82433826	
297.82440852	
297.82447876	
297.82454897	
297.82461915	
297.82468930	
297.82475942	
297.82482952	
297.82489959	
297.82496963	
297.82503964	
297.82510962	
297.82517958	
297.82524951	
297.82531941	
297.82538928	
297.82545912	
297.82552894	
297.82559873	
297.82566849	
297.82573822	
297.82580793	
297.82587760	
297.82594725	
297.82601687	
297.82608647	
297.82615603	
297.82622557	
297.82629508	
297.82636456	
297.82643402	
297.82650344	
297.82657284	
297.82664221	
297.82671155	
297.82678087	
297.82685016	
297.82691942	
297.82698865	
297.82705785	
297.82712703	
297.82719618	
297.82726530	
297.82733440	
297.82740346	
297.82747250	
297.82754151	
297.82761050	
297.82767945	
297.82774838	
297.82781728	
297.82788615	
297.82795500	
297.82802382	
297.82809261	
297.82816137	
297.82823011	
297.82829881	
297.82836749	
297.82843615	
297.82850477	
297.82857337	
297.82864194	
297.82871048	
297.82877900	
297.82884749	
297.82891595	
297.82898438	
297.82905279	
297.82912117	
297.82918952	
297.82925784	
297.82932614	
297.82939441	
297.82946265	
297.82953087	
297.82959906	
297.82966722	
297.82973535	
297.82980345	
297.82987153	
297.82993958	
297.83000761	
297.83007561	
297.83014358	
297.83021152	
297.83027943	
297.83034732	
297.83041518	
297.83048302	
297.83055082	
297.83061860	
297.83068636	
297.83075408	
297.83082178	
297.83088945	
297.83095710	
297.83102471	
297.83109230	
297.83115987	
297.83122740	
297.83129491	
297.83136239	
297.83142985	
297.83149728	
297.83156468	
297.83163205	
297.83169940	
297.83176672	
297.83183401	
297.83190128	
297.83196852	
297.83203573	
297.83210292	
297.83217007	
297.83223721	
297.83230431	
297.83237139	
297.83243844	
297.83250547	
297.83257246	
297.83263943	
297.83270638	
297.83277330	
297.83284019	
297.83290705	
297.83297389	
297.83304070	
297.83310748	
297.83317424	
297.83324097	
297.83330767	
297.83337435	
297.83344100	
297.83350762	
297.83357422	
297.83364079	
297.83370734	
297.83377385	
297.83384034	
297.83390681	
297.83397324	
297.83403965	
297.83410604	
297.83417240	
297.83423873	
297.83430503	
297.83437131	
297.83443756	
297.83450379	
297.83456998	
297.83463616	
297.83470230	
297.83476842	
297.83483451	
297.83490058	
297.83496662	
297.83503263	
297.83509862	
297.83516458	
297.83523052	
297.83529642	
297.83536230	
297.83542816	
297.83549399	
297.83555979	
297.83562557	
297.83569132	
297.83575704	
297.83582274	
297.83588841	
297.83595405	
297.83601967	
297.83608526	
297.83615083	
297.83621637	
297.83628188	
297.83634737	
297.83641283	
297.83647827	
297.83654367	
297.83660906	
297.83667441	
297.83673974	
297.83680505	
297.83687033	
297.83693558	
297.83700080	
297.83706600	
297.83713118	
297.83719632	
297.83726145	
297.83732654	
297.83739161	
297.83745665	
297.83752167	
297.83758666	
297.83765163	
297.83771657	
297.83778148	
297.83784637	
297.83791123	
297.83797606	
297.83804087	
297.83810566	
297.83817042	
297.83823515	
297.83829985	
297.83836453	
297.83842919	
297.83849382	
297.83855842	
297.83862299	
297.83868755	
297.83875207	
297.83881657	
297.83888104	
297.83894549	
297.83900991	
297.83907431	
297.83913868	
297.83920302	
297.83926734	
297.83933164	
297.83939590	
297.83946014	
297.83952436	
297.83958855	
297.83965271	
297.83971685	
297.83978097	
297.83984505	
297.83990912	
297.83997315	
297.84003716	
297.84010115	
297.84016511	
297.84022904	
297.84029295	
297.84035683	
297.84042069	
297.84048452	
297.84054833	
297.84061211	
297.84067586	
297.84073959	
297.84080330	
297.84086698	
297.84093063	
297.84099426	
297.84105786	
297.84112144	
297.84118499	
297.84124851	
297.84131202	
297.84137549	
297.84143894	
297.84150236	
297.84156576	
297.84162914	
297.84169249	
297.84175581	
297.84181911	
297.84188238	
297.84194563	
297.84200885	
297.84207204	
297.84213522	
297.84219836	
297.84226148	
297.84232458	
297.84238765	
297.84245069	
297.84251371	
297.84257671	
297.84263968	
297.84270262	
297.84276554	
297.84282843	
297.84289130	
297.84295414	
297.84301696	
297.84307976	
297.84314252	
297.84320527	
297.84326799	
297.84333068	
297.84339335	
297.84345599	
297.84351861	
297.84358120	
297.84364377	
297.84370631	
297.84376883	
297.84383132	
297.84389379	
297.84395623	
297.84401865	
297.84408104	
297.84414341	
297.84420575	
297.84426807	
297.84433036	
297.84439263	
297.84445487	
297.84451709	
297.84457928	
297.84464145	
297.84470359	
297.84476571	
297.84482781	
297.84488987	
297.84495192	
297.84501394	
297.84507593	
297.84513790	
297.84519985	
297.84526177	
297.84532366	
297.84538553	
297.84544738	
297.84550920	
297.84557100	
297.84563277	
297.84569451	
297.84575624	
297.84581793	
297.84587961	
297.84594125	
297.84600288	
297.84606448	
297.84612605	
297.84618760	
297.84624913	
297.84631063	
297.84637210	
297.84643355	
297.84649498	
297.84655638	
297.84661776	
297.84667911	
297.84674044	
297.84680174	
297.84686302	
297.84692428	
297.84698551	
297.84704671	
297.84710790	
297.84716905	
297.84723018	
297.84729129	
297.84735238	
297.84741344	
297.84747447	
297.84753548	
297.84759647	
297.84765743	
297.84771836	
297.84777928	
297.84784017	
297.84790103	
297.84796187	
297.84802268	
297.84808348	
297.84814424	
297.84820498	
297.84826570	
297.84832640	
297.84838707	
297.84844771	
297.84850833	
297.84856893	
297.84862950	
297.84869005	
297.84875057	
297.84881107	
297.84887155	
297.84893200	
297.84899243	
297.84905283	
297.84911321	
297.84917356	
297.84923389	
297.84929420	
297.84935448	
297.84941474	
297.84947497	
297.84953518	
297.84959537	
297.84965553	
297.84971567	
297.84977578	
297.84983587	
297.84989594	
297.84995598	
297.85001600	
297.85007599	
297.85013596	
297.85019591	
297.85025583	
297.85031573	
297.85037560	
297.85043545	
297.85049528	
297.85055508	
297.85061486	
297.85067461	
297.85073434	
297.85079405	
297.85085373	
297.85091339	
297.85097302	
297.85103263	
297.85109222	
297.85115178	
297.85121132	
297.85127084	
297.85133033	
297.85138980	
297.85144924	
297.85150866	
297.85156806	
297.85162743	
297.85168678	
297.85174611	
297.85180541	
297.85186468	
297.85192394	
297.85198317	
297.85204238	
297.85210156	
297.85216072	
297.85221985	
297.85227897	
297.85233805	
297.85239712	
297.85245616	
297.85251518	
297.85257417	
297.85263314	
297.85269209	
297.85275101	
297.85280991	
297.85286879	
297.85292764	
297.85298647	
297.85304527	
297.85310406	
297.85316281	
297.85322155	
297.85328026	
297.85333895	
297.85339761	
297.85345625	
297.85351487	
297.85357347	
297.85363204	
297.85369058	
297.85374911	
297.85380761	
297.85386608	
297.85392454	
297.85398297	
297.85404138	
297.85409976	
297.85415812	
297.85421646	
297.85427477	
297.85433306	
297.85439133	
297.85444957	
297.85450779	
297.85456599	
297.85462416	
297.85468231	
297.85474044	
297.85479854	
297.85485662	
297.85491468	
297.85497271	
297.85503072	
297.85508871	
297.85514668	
297.85520462	
297.85526254	
297.85532043	
297.85537830	
297.85543615	
297.85549398	
297.85555178	
297.85560956	
297.85566731	
297.85572505	
297.85578276	
297.85584044	
297.85589811	
297.85595575	
297.85601337	
297.85607096	
297.85612853	
297.85618608	
297.85624361	
297.85630111	
297.85635859	
297.85641605	
297.85647348	
297.85653089	
297.85658828	
297.85664564	
297.85670298	
297.85676030	
297.85681760	
297.85687487	
297.85693212	
297.85698935	
297.85704655	
297.85710373	
297.85716089	
297.85721803	
297.85727514	
297.85733223	
297.85738930	
297.85744634	
297.85750336	
297.85756036	
297.85761734	
297.85767429	
297.85773122	
297.85778813	
297.85784501	
297.85790188	
297.85795872	
297.85801553	
297.85807233	
297.85812910	
297.85818585	
297.85824257	
297.85829927	
297.85835595	
297.85841261	
297.85846925	
297.85852586	
297.85858245	
297.85863902	
297.85869556	
297.85875208	
297.85880858	
297.85886506	
297.85892151	
297.85897794	
297.85903435	
297.85909074	
297.85914710	
297.85920344	
297.85925976	
297.85931606	
297.85937233	
297.85942858	
297.85948481	
297.85954102	
297.85959720	
297.85965336	
297.85970950	
297.85976562	
297.85982171	
297.85987778	
297.85993383	
297.85998986	
297.86004586	
297.86010184	
297.86015780	
297.86021374	
297.86026965	
297.86032555	
297.86038142	
297.86043726	
297.86049309	
297.86054889	
297.86060467	
297.86066043	
297.86071617	
297.86077188	
297.86082757	
297.86088324	
297.86093889	
297.86099451	
297.86105011	
297.86110569	
297.86116125	
297.86121679	
297.86127230	
297.86132779	
297.86138326	
297.86143871	
297.86149413	
297.86154953	
297.86160491	
297.86166027	
297.86171561	
297.86177092	
297.86182621	
297.86188148	
297.86193673	
297.86199195	
297.86204716	
297.86210234	
297.86215750	
297.86221263	
297.86226775	
297.86232284	
297.86237791	
297.86243296	
297.86248799	
297.86254299	
297.86259798	
297.86265294	
297.86270788	
297.86276279	
297.86281769	
297.86287256	
297.86292741	
297.86298224	
297.86303705	
297.86309183	
297.86314660	
297.86320134	
297.86325606	
297.86331075	
297.86336543	
297.86342008	
297.86347472	
297.86352933	
297.86358391	
297.86363848	
297.86369303	
297.86374755	
297.86380205	
297.86385653	
297.86391099	
297.86396542	
297.86401984	
297.86407423	
297.86412860	
297.86418295	
297.86423727	
297.86429158	
297.86434586	
297.86440012	
297.86445436	
297.86450858	
297.86456278	
297.86461695	
297.86467111	
297.86472524	
297.86477935	
297.86483344	
297.86488750	
297.86494155	
297.86499557	
297.86504957	
297.86510355	
297.86515751	
297.86521145	
297.86526536	
297.86531926	
297.86537313	
297.86542698	
297.86548081	
297.86553462	
297.86558840	
297.86564217	
297.86569591	
297.86574963	
297.86580333	
297.86585701	
297.86591067	
297.86596431	
297.86601792	
297.86607151	
297.86612508	
297.86617863	
297.86623216	
297.86628567	
297.86633915	
297.86639262	
297.86644606	
297.86649948	
297.86655288	
297.86660626	
297.86665962	
297.86671296	
297.86676627	
297.86681956	
297.86687284	
297.86692609	
297.86697932	
297.86703253	
297.86708571	
297.86713888	
297.86719202	
297.86724515	
297.86729825	
297.86735133	
297.86740439	
297.86745743	
297.86751044	
297.86756344	
297.86761641	
297.86766937	
297.86772230	
297.86777521	
297.86782810	
297.86788097	
297.86793382	
297.86798664	
297.86803945	
297.86809223	
297.86814500	
297.86819774	
297.86825046	
297.86830316	
297.86835584	
297.86840850	
297.86846113	
297.86851375	
297.86856634	
297.86861892	
297.86867147	
297.86872400	
297.86877651	
297.86882900	
297.86888147	
297.86893391	
297.86898634	
297.86903875	
297.86909113	
297.86914349	
297.86919584	
297.86924816	
297.86930046	
297.86935274	
297.86940500	
297.86945724	
297.86950945	
297.86956165	
297.86961383	
297.86966598	
297.86971811	
297.86977023	
297.86982232	
297.86987439	
297.86992644	
297.86997847	
297.87003048	
297.87008246	
297.87013443	
297.87018638	
297.87023830	
297.87029021	
297.87034209	
297.87039396	
297.87044580	
297.87049762	
297.87054942	
297.87060120	
297.87065296	
297.87070470	
297.87075642	
297.87080811	
297.87085979	
297.87091145	
297.87096308	
297.87101470	
297.87106629	
297.87111787	
297.87116942	
297.87122095	
297.87127246	
297.87132395	
297.87137542	
297.87142687	
297.87147830	
297.87152971	
297.87158110	
297.87163247	
297.87168381	
297.87173514	
297.87178645	
297.87183773	
297.87188900	
297.87194024	
297.87199146	
297.87204267	
297.87209385	
297.87214501	
297.87219616	
297.87224728	
297.87229838	
297.87234946	
297.87240052	
297.87245156	
297.87250258	
297.87255358	
297.87260456	
297.87265551	
297.87270645	
297.87275737	
297.87280827	
297.87285914	
297.87291000	
297.87296084	
297.87301165	
297.87306245	
297.87311322	
297.87316398	
297.87321471	
297.87326542	
297.87331612	
297.87336679	
297.87341745	
297.87346808	
297.87351869	
297.87356928	
297.87361986	
297.87367041	
297.87372094	
297.87377145	
297.87382194	
297.87387241	
297.87392287	
297.87397330	
297.87402371	
297.87407410	
297.87412447	
297.87417482	
297.87422515	
297.87427546	
297.87432575	
297.87437602	
297.87442627	
297.87447650	
297.87452671	
297.87457690	
297.87462706	
297.87467721	
297.87472734	
297.87477745	
297.87482754	
297.87487761	
297.87492766	
297.87497769	
297.87502770	
297.87507769	
297.87512765	
297.87517760	
297.87522753	
297.87527744	
297.87532733	
297.87537720	
297.87542705	
297.87547688	
297.87552669	
297.87557648	
297.87562625	
297.87567600	
297.87572572	
297.87577543	
297.87582512	
297.87587479	
297.87592444	
297.87597407	
297.87602368	
297.87607328	
297.87612285	
297.87617240	
297.87622193	
297.87627144	
297.87632093	
297.87637040	
297.87641985	
297.87646929	
297.87651870	
297.87656809	
297.87661746	
297.87666682	
297.87671615	
297.87676546	
297.87681476	
297.87686403	
297.87691329	
297.87696252	
297.87701174	
297.87706093	
297.87711011	
297.87715926	
297.87720840	
297.87725752	
297.87730661	
297.87735569	
297.87740475	
297.87745379	
297.87750280	
297.87755180	
297.87760078	
297.87764974	
297.87769868	
297.87774760	
297.87779650	
297.87784538	
297.87789425	
297.87794309	
297.87799191	
297.87804071	
297.87808950	
297.87813826	
297.87818701	
297.87823573	
297.87828444	
297.87833312	
297.87838179	
297.87843044	
297.87847907	
297.87852767	
297.87857626	
297.87862483	
297.87867338	
297.87872191	
297.87877043	
297.87881892	
297.87886739	
297.87891584	
297.87896428	
297.87901269	
297.87906109	
297.87910946	
297.87915782	
297.87920615	
297.87925447	
297.87930277	
297.87935105	
297.87939931	
297.87944755	
297.87949577	
297.87954397	
297.87959215	
297.87964032	
297.87968846	
297.87973659	
297.87978469	
297.87983278	
297.87988084	
297.87992889	
297.87997692	
297.88002493	
297.88007292	
297.88012089	
297.88016884	
297.88021677	
297.88026469	
297.88031258	
297.88036046	
297.88040831	
297.88045615	
297.88050397	
297.88055176	
297.88059954	
297.88064730	
297.88069505	
297.88074277	
297.88079047	
297.88083815	
297.88088582	
297.88093346	
297.88098109	
297.88102870	
297.88107629	
297.88112386	
297.88117141	
297.88121894	
297.88126645	
297.88131394	
297.88136142	
297.88140887	
297.88145631	
297.88150373	
297.88155113	
297.88159851	
297.88164587	
297.88169321	
297.88174053	
297.88178784	
297.88183512	
297.88188239	
297.88192963	
297.88197686	
297.88202407	
297.88207126	
297.88211843	
297.88216558	
297.88221272	
297.88225983	
297.88230693	
297.88235401	
297.88240107	
297.88244810	
297.88249513	
297.88254213	
297.88258911	
297.88263607	
297.88268302	
297.88272995	
297.88277686	
297.88282374	
297.88287062	
297.88291747	
297.88296430	
297.88301111	
297.88305791	
297.88310469	
297.88315144	
297.88319818	
297.88324490	
297.88329161	
297.88333829	
297.88338495	
297.88343160	
297.88347823	
297.88352484	
297.88357143	
297.88361800	
297.88366455	
297.88371109	
297.88375760	
297.88380410	
297.88385058	
297.88389704	
297.88394348	
297.88398990	
297.88403630	
297.88408269	
297.88412906	
297.88417540	
297.88422173	
297.88426805	
297.88431434	
297.88436061	
297.88440687	
297.88445311	
297.88449932	
297.88454552	
297.88459171	
297.88463787	
297.88468401	
297.88473014	
297.88477625	
297.88482234	
297.88486841	
297.88491446	
297.88496050	
297.88500651	
297.88505251	
297.88509849	
297.88514445	
297.88519039	
297.88523632	
297.88528222	
297.88532811	
297.88537398	
297.88541983	
297.88546566	
297.88551147	
297.88555727	
297.88560305	
297.88564880	
297.88569454	
297.88574027	
297.88578597	
297.88583166	
297.88587732	
297.88592297	
297.88596860	
297.88601422	
297.88605981	
297.88610539	
297.88615094	
297.88619648	
297.88624201	
297.88628751	
297.88633299	
297.88637846	
297.88642391	
297.88646934	
297.88651475	
297.88656015	
297.88660552	
297.88665088	
297.88669622	
297.88674154	
297.88678684	
297.88683213	
297.88687740	
297.88692265	
297.88696788	
297.88701309	
297.88705828	
297.88710346	
297.88714862	
297.88719376	
297.88723888	
297.88728399	
297.88732907	
297.88737414	
297.88741919	
297.88746422	
297.88750924	
297.88755424	
297.88759921	
297.88764417	
297.88768912	
297.88773404	
297.88777895	
297.88782384	
297.88786871	
297.88791356	
297.88795839	
297.88800321	
297.88804801	
297.88809279	
297.88813755	
297.88818230	
297.88822702	
297.88827173	
297.88831642	
297.88836110	
297.88840575	
297.88845039	
297.88849501	
297.88853961	
297.88858420	
297.88862876	
297.88867331	
297.88871784	
297.88876236	
297.88880685	
297.88885133	
297.88889579	
297.88894023	
297.88898465	
297.88902906	
297.88907345	
297.88911782	
297.88916217	
297.88920651	
297.88925082	
297.88929512	
297.88933940	
297.88938367	
297.88942792	
297.88947214	
297.88951636	
297.88956055	
297.88960472	
297.88964888	
297.88969302	
297.88973715	
297.88978125	
297.88982534	
297.88986941	
297.88991346	
297.88995750	
297.89000151	
297.89004551	
