341.59326759	
341.59819800	
341.60353250	
341.60961959	
341.61557066	
341.62099910	
341.62670577	
341.63285558	
341.63859996	
341.64431694	
341.64970759	
341.65471727	
341.65967105	
341.66517574	
341.67071317	
341.67612358	
341.68225389	
341.68769920	
341.69282291	
341.69861741	
341.70399179	
341.70955055	
341.71592733	
341.72176237	
341.72686237	
341.73235527	
341.73768233	
341.74242985	
341.74781314	
341.75332233	
341.75823530	
341.76336731	
341.76939826	
341.77547673	
341.78115271	
341.78656520	
341.79212033	
341.79804629	
341.80376852	
341.80888356	
341.81412884	
341.82012249	
341.82628784	
341.83232120	
341.83778543	
341.84256303	
341.84744401	
341.85321072	
341.85942541	
341.86536396	
341.87081005	
341.87579374	
341.88062610	
341.88605648	
341.89194727	
341.89769223	
341.90342574	
341.90928885	
341.91490785	
341.91989730	
341.92528236	
341.93053044	
341.93525355	
341.94079269	
341.94651349	
341.95145711	
341.95675586	
341.96238377	
341.96816243	
341.97415414	
341.97942468	
341.98501217	
341.99063585	
341.99578714	
342.00067366	
342.00583010	
342.01168156	
342.01745162	
342.02327728	
342.02935640	
342.03543580	
342.04140101	
342.04726475	
342.05320572	
342.05906139	
342.06418593	
342.06961800	
342.07516949	
342.07984011	
342.08442872	
342.08948226	
342.09476133	
342.10021518	
342.10543338	
342.11064966	
342.11661156	
342.12242395	
342.12792557	
342.13379996	
342.13987937	
342.14520594	
342.15001029	
342.15467988	
342.15973147	
342.16522085	
342.17009767	
342.17456665	
342.17986834	
342.18557048	
342.19118012	
342.19656281	
342.20133900	
342.20679621	
342.21219842	
342.21746639	
342.22258024	
342.22719147	
342.23218527	
342.23712118	
342.24223060	
342.24739502	
342.25240007	
342.25807987	
342.26371895	
342.26922839	
342.27486136	
342.27979335	
342.28507250	
342.29096276	
342.29640905	
342.30183790	
342.30694042	
342.31146745	
342.31630829	
342.32168789	
342.32741217	
342.33248217	
342.33688693	
342.34202388	
342.34752949	
342.35279652	
342.35847502	
342.36400881	
342.36902381	
342.37376146	
342.37830497	
342.38294770	
342.38758001	
342.39220129	
342.39704372	
342.40250899	
342.40767047	
342.41208368	
342.41719806	
342.42308968	
342.42911916	
342.43428877	
342.43853825	
342.44304119	
342.44822114	
342.45345668	
342.45825844	
342.46329393	
342.46809071	
342.47244897	
342.47760709	
342.48281012	
342.48777977	
342.49302876	
342.49832947	
342.50370444	
342.50844604	
342.51294049	
342.51784238	
342.52245067	
342.52755580	
342.53348423	
342.53854527	
342.54369761	
342.54930705	
342.55458670	
342.55948354	
342.56391916	
342.56839947	
342.57346668	
342.57872248	
342.58394444	
342.58933879	
342.59405127	
342.59904204	
342.60473963	
342.61011603	
342.61486051	
342.61982733	
342.62481435	
342.62914145	
342.63368250	
342.63891464	
342.64390914	
342.64878722	
342.65443597	
342.66015131	
342.66591173	
342.67166238	
342.67660627	
342.68114000	
342.68607848	
342.69128107	
342.69626432	
342.70147341	
342.70673659	
342.71200163	
342.71768122	
342.72348241	
342.72866813	
342.73331495	
342.73799860	
342.74226747	
342.74660564	
342.75113539	
342.75620561	
342.76169696	
342.76641416	
342.77097894	
342.77599483	
342.78088339	
342.78568497	
342.79040228	
342.79490193	
342.79986258	
342.80469575	
342.80930614	
342.81394563	
342.81816925	
342.82235174	
342.82686893	
342.83188144	
342.83718180	
342.84239927	
342.84781625	
342.85304652	
342.85767437	
342.86226200	
342.86685953	
342.87148106	
342.87627590	
342.88081514	
342.88513614	
342.88949999	
342.89379609	
342.89885049	
342.90398906	
342.90895832	
342.91373027	
342.91838470	
342.92360181	
342.92899731	
342.93389227	
342.93807268	
342.94213494	
342.94645661	
342.95112159	
342.95610384	
342.96129098	
342.96637434	
342.97098258	
342.97543646	
342.98005850	
342.98476379	
342.98927186	
342.99358263	
342.99841580	
343.00331958	
343.00764942	
343.01247728	
343.01797437	
343.02336239	
343.02863513	
343.03386813	
343.03882905	
343.04372279	
343.04873304	
343.05329478	
343.05831596	
343.06401514	
343.06914833	
343.07408636	
343.07903279	
343.08395352	
343.08871987	
343.09363058	
343.09880568	
343.10354666	
343.10861966	
343.11353402	
343.11821818	
343.12296307	
343.12732300	
343.13213940	
343.13693534	
343.14162097	
343.14629057	
343.15042384	
343.15481075	
343.15961715	
343.16439962	
343.16938620	
343.17438756	
343.17960209	
343.18490616	
343.18934750	
343.19348818	
343.19834117	
343.20293815	
343.20700913	
343.21180773	
343.21719154	
343.22266390	
343.22784967	
343.23299522	
343.23820525	
343.24291365	
343.24709126	
343.25120581	
343.25549479	
343.25996661	
343.26426235	
343.26826637	
343.27224084	
343.27651295	
343.28117162	
343.28584827	
343.29021716	
343.29415528	
343.29807345	
343.30208291	
343.30658008	
343.31155096	
343.31676932	
343.32165931	
343.32653854	
343.33184044	
343.33711253	
343.34223806	
343.34667792	
343.35121362	
343.35618645	
343.36121878	
343.36593978	
343.37008702	
343.37432399	
343.37859871	
343.38331002	
343.38865860	
343.39375238	
343.39829214	
343.40235841	
343.40679308	
343.41167343	
343.41661257	
343.42134259	
343.42593312	
343.43043054	
343.43522047	
343.43999660	
343.44470175	
343.44968217	
343.45419790	
343.45837693	
343.46266123	
343.46754592	
343.47249907	
343.47734672	
343.48247412	
343.48772840	
343.49309376	
343.49855505	
343.50335644	
343.50739882	
343.51170267	
343.51676535	
343.52148320	
343.52545917	
343.53001504	
343.53445038	
343.53834164	
343.54258021	
343.54687803	
343.55079085	
343.55486875	
343.55963810	
343.56407198	
343.56795657	
343.57202593	
343.57610273	
343.58075275	
343.58547332	
343.58951654	
343.59355334	
343.59831141	
343.60303806	
343.60749725	
343.61199344	
343.61596838	
343.62030852	
343.62538150	
343.63036285	
343.63453878	
343.63822807	
343.64211372	
343.64610676	
343.65012466	
343.65472264	
343.65919351	
343.66375892	
343.66905200	
343.67416181	
343.67884074	
343.68296943	
343.68702784	
343.69136313	
343.69622290	
343.70134587	
343.70646948	
343.71118683	
343.71594048	
343.72117374	
343.72583924	
343.73046663	
343.73565120	
343.74033010	
343.74480556	
343.74959435	
343.75436210	
343.75909577	
343.76359620	
343.76777801	
343.77170093	
343.77595837	
343.78059083	
343.78475027	
343.78830452	
343.79217305	
343.79671775	
343.80174820	
343.80667211	
343.81108399	
343.81583751	
343.82106656	
343.82586115	
343.83043476	
343.83485311	
343.83942367	
343.84423868	
343.84863637	
343.85246542	
343.85692197	
343.86219577	
343.86738912	
343.87257480	
343.87719795	
343.88131860	
343.88529784	
343.88961000	
343.89424720	
343.89915468	
343.90370320	
343.90793734	
343.91284532	
343.91756558	
343.92159685	
343.92560882	
343.92956629	
343.93365688	
343.93847868	
343.94277170	
343.94672024	
343.95091983	
343.95495458	
343.95898876	
343.96295007	
343.96757825	
343.97219658	
343.97621019	
343.98073905	
343.98506615	
343.98918192	
343.99320804	
343.99707809	
344.00176418	
344.00696432	
344.01155404	
344.01609499	
344.02102313	
344.02596032	
344.03081189	
344.03505533	
344.03909167	
344.04312036	
344.04681256	
344.05069203	
344.05491507	
344.05939073	
344.06371261	
344.06741280	
344.07169309	
344.07604728	
344.08053252	
344.08491886	
344.08862790	
344.09275608	
344.09692340	
344.10092430	
344.10494867	
344.10938733	
344.11367334	
344.11748625	
344.12167651	
344.12573204	
344.13006761	
344.13444669	
344.13882216	
344.14357665	
344.14764042	
344.15154799	
344.15598334	
344.16096620	
344.16566764	
344.16990531	
344.17450924	
344.17890679	
344.18319313	
344.18805126	
344.19244142	
344.19646085	
344.20109044	
344.20574726	
344.21002628	
344.21399600	
344.21835590	
344.22263885	
344.22695807	
344.23156096	
344.23576633	
344.23967531	
344.24387790	
344.24826539	
344.25200778	
344.25564796	
344.25934857	
344.26352221	
344.26779677	
344.27202794	
344.27625846	
344.28075354	
344.28548789	
344.28935359	
344.29307250	
344.29766835	
344.30198898	
344.30597710	
344.31066358	
344.31484658	
344.31838368	
344.32203072	
344.32580496	
344.32995528	
344.33390295	
344.33787487	
344.34254334	
344.34694467	
344.35100509	
344.35516268	
344.35961156	
344.36421015	
344.36831586	
344.37218500	
344.37611929	
344.38016598	
344.38387569	
344.38785311	
344.39234817	
344.39695995	
344.40122336	
344.40547562	
344.41003811	
344.41432409	
344.41816577	
344.42151528	
344.42483909	
344.42832391	
344.43243940	
344.43692580	
344.44162671	
344.44659736	
344.45125186	
344.45562101	
344.45983731	
344.46349536	
344.46759358	
344.47182531	
344.47539464	
344.47907732	
344.48274290	
344.48696847	
344.49181470	
344.49620082	
344.49996023	
344.50371964	
344.50803855	
344.51216661	
344.51569888	
344.51922653	
344.52306186	
344.52683400	
344.53053592	
344.53454478	
344.53872920	
344.54289871	
344.54720875	
344.55107112	
344.55432196	
344.55776988	
344.56123866	
344.56478509	
344.56834892	
344.57208339	
344.57616816	
344.58031576	
344.58446779	
344.58886006	
344.59283682	
344.59673709	
344.60105544	
344.60491947	
344.60907615	
344.61348343	
344.61729365	
344.62075779	
344.62471922	
344.62884114	
344.63284850	
344.63742026	
344.64183670	
344.64541010	
344.64864720	
344.65271634	
344.65751952	
344.66220202	
344.66644365	
344.67080842	
344.67502172	
344.67875698	
344.68267790	
344.68626888	
344.68988964	
344.69431922	
344.69875884	
344.70308622	
344.70703892	
344.71066573	
344.71500526	
344.71954439	
344.72386768	
344.72787094	
344.73182616	
344.73611877	
344.74065035	
344.74496673	
344.74884833	
344.75322232	
344.75770059	
344.76193204	
344.76590698	
344.76947846	
344.77314693	
344.77727915	
344.78190650	
344.78616526	
344.79013448	
344.79441426	
344.79879625	
344.80310839	
344.80754620	
344.81141720	
344.81471542	
344.81887076	
344.82366282	
344.82801365	
344.83222347	
344.83630667	
344.83976474	
344.84292559	
344.84601784	
344.84945010	
344.85336267	
344.85768311	
344.86242099	
344.86692495	
344.87066190	
344.87393788	
344.87717895	
344.88032359	
344.88343936	
344.88651808	
344.89023401	
344.89453832	
344.89883197	
344.90280754	
344.90646810	
344.91071684	
344.91497591	
344.91836729	
344.92209127	
344.92668992	
344.93059382	
344.93451919	
344.93908333	
344.94273787	
344.94605975	
344.95012672	
344.95414102	
344.95753606	
344.96119744	
344.96496410	
344.96889878	
344.97331546	
344.97764720	
344.98197757	
344.98653118	
344.99074483	
344.99427747	
344.99745903	
345.00081773	
345.00445895	
345.00781641	
345.01099133	
345.01412264	
345.01753410	
345.02101691	
345.02450129	
345.02856455	
345.03267941	
345.03655216	
345.04076702	
345.04543491	
345.04949935	
345.05287612	
345.05611987	
345.05976735	
345.06341432	
345.06655545	
345.06962048	
345.07310476	
345.07688606	
345.08052206	
345.08475779	
345.08885503	
345.09220456	
345.09547935	
345.09869067	
345.10231346	
345.10658568	
345.11028653	
345.11399912	
345.11820682	
345.12236985	
345.12621187	
345.13007630	
345.13453903	
345.13896107	
345.14307548	
345.14677275	
345.15004986	
345.15320712	
345.15703278	
345.16089478	
345.16422869	
345.16787978	
345.17144732	
345.17519798	
345.17880118	
345.18179979	
345.18513502	
345.18854521	
345.19217625	
345.19624654	
345.20056126	
345.20458225	
345.20868703	
345.21261625	
345.21577708	
345.21944443	
345.22297976	
345.22676675	
345.23072394	
345.23400898	
345.23731048	
345.24049470	
345.24363815	
345.24686826	
345.25053215	
345.25487318	
345.25909475	
345.26253791	
345.26553663	
345.26926847	
345.27338636	
345.27732204	
345.28124390	
345.28476250	
345.28797156	
345.29121040	
345.29432777	
345.29795754	
345.30184529	
345.30584098	
345.30981212	
345.31308404	
345.31678405	
345.32097903	
345.32492545	
345.32825936	
345.33174233	
345.33602325	
345.34041817	
345.34438884	
345.34835593	
345.35221141	
345.35557953	
345.35877348	
345.36238290	
345.36622768	
345.37003701	
345.37421547	
345.37790162	
345.38106111	
345.38448138	
345.38806021	
345.39178734	
345.39560721	
345.39899376	
345.40204270	
345.40589020	
345.40987893	
345.41308568	
345.41593383	
345.41873928	
345.42215396	
345.42563578	
345.42908369	
345.43264628	
345.43625809	
345.44028537	
345.44399136	
345.44766011	
345.45194746	
345.45579311	
345.45913130	
345.46246416	
345.46571198	
345.46943510	
345.47342377	
345.47712302	
345.48032094	
345.48393206	
345.48810717	
345.49236150	
345.49631152	
345.49955699	
345.50305611	
345.50654915	
345.51011191	
345.51400705	
345.51772886	
345.52182740	
345.52598213	
345.52937974	
345.53231475	
345.53514133	
345.53797623	
345.54145044	
345.54541610	
345.54911460	
345.55281493	
345.55702879	
345.56152371	
345.56556885	
345.56915022	
345.57293184	
345.57638722	
345.57989631	
345.58366701	
345.58680440	
345.59042812	
345.59415103	
345.59741292	
345.60056267	
345.60338999	
345.60620667	
345.60899025	
345.61249887	
345.61600984	
345.61924366	
345.62311088	
345.62731039	
345.63163194	
345.63510651	
345.63861225	
345.64224514	
345.64572119	
345.64947707	
345.65260245	
345.65540896	
345.65882540	
345.66267152	
345.66634883	
345.67018620	
345.67360449	
345.67657307	
345.68025209	
345.68389985	
345.68710058	
345.69012580	
345.69278021	
345.69550726	
345.69872371	
345.70266242	
345.70646547	
345.71035731	
345.71396500	
345.71687823	
345.71991394	
345.72366180	
345.72747471	
345.73114063	
345.73532016	
345.73879141	
345.74164640	
345.74499067	
345.74841712	
345.75173318	
345.75501179	
345.75843491	
345.76233417	
345.76596404	
345.76940755	
345.77308983	
345.77650594	
345.78010948	
345.78422527	
345.78774299	
345.79065944	
345.79396100	
345.79750191	
345.80071768	
345.80424158	
345.80825658	
345.81230807	
345.81588338	
345.81920257	
345.82308395	
345.82653990	
345.82977006	
345.83371880	
345.83763716	
345.84146059	
345.84498980	
345.84863570	
345.85280868	
345.85701786	
345.86107105	
345.86511090	
345.86929116	
345.87348752	
345.87690868	
345.87945496	
345.88221614	
345.88520790	
345.88802805	
345.89147261	
345.89514783	
345.89884773	
345.90277071	
345.90593321	
345.90895259	
345.91265929	
345.91610030	
345.91910383	
345.92230661	
345.92511954	
345.92788852	
345.93077945	
345.93428406	
345.93857020	
345.94288366	
345.94639535	
345.94983626	
345.95393877	
345.95736148	
345.96039313	
345.96383634	
345.96771646	
345.97169809	
345.97496310	
345.97760693	
345.98013863	
345.98352371	
345.98735905	
345.99055491	
345.99366692	
345.99736267	
346.00136272	
346.00504829	
346.00835031	
346.01167008	
346.01479113	
346.01733849	
346.02045550	
346.02442284	
346.02855228	
346.03217082	
346.03523935	
346.03874849	
346.04204522	
346.04465163	
346.04805308	
346.05182930	
346.05507519	
346.05818744	
346.06166091	
346.06554622	
346.06930614	
346.07293251	
346.07621789	
346.07957672	
346.08307910	
346.08627411	
346.08964505	
346.09347474	
346.09707468	
346.10062148	
346.10468697	
346.10857345	
346.11167032	
346.11439187	
346.11766008	
346.12130927	
346.12441245	
346.12741132	
346.13068690	
346.13376228	
346.13668803	
346.13994584	
346.14372008	
346.14761385	
346.15167255	
346.15503919	
346.15811163	
346.16111115	
346.16356494	
346.16675210	
346.17056075	
346.17403702	
346.17715786	
346.17985454	
346.18291974	
346.18623254	
346.18925616	
346.19233954	
346.19570799	
346.19901354	
346.20214471	
346.20499926	
346.20747055	
346.21030582	
346.21355309	
346.21672195	
346.21989396	
346.22286223	
346.22599109	
346.22903269	
346.23203493	
346.23581913	
346.23956254	
346.24297402	
346.24608416	
346.24900539	
346.25244985	
346.25604925	
346.25893079	
346.26224176	
346.26621714	
346.26960367	
346.27293849	
346.27651302	
346.27941153	
346.28229200	
346.28537472	
346.28837274	
346.29200649	
346.29581463	
346.29900130	
346.30217369	
346.30558964	
346.30903612	
346.31277570	
346.31652033	
346.32029929	
346.32429007	
346.32800476	
346.33109924	
346.33400606	
346.33671413	
346.33991330	
346.34320758	
346.34617097	
346.34908151	
346.35234256	
346.35569561	
346.35893917	
346.36238104	
346.36591743	
346.36996804	
346.37360492	
346.37648950	
346.37885507	
346.38147273	
346.38412799	
346.38711465	
346.39049084	
346.39391038	
346.39691303	
346.39940928	
346.40211815	
346.40493227	
346.40815918	
346.41144147	
346.41437186	
346.41743470	
346.42020943	
346.42287647	
346.42579420	
346.42872151	
346.43154176	
346.43400714	
346.43705548	
346.44060588	
346.44398998	
346.44692043	
346.44969094	
346.45280549	
346.45585039	
346.45931549	
346.46333908	
346.46689576	
346.46962252	
346.47282531	
346.47614642	
346.47897104	
346.48254947	
346.48575840	
346.48801433	
346.49067288	
346.49397182	
346.49737592	
346.50033526	
346.50285117	
346.50580692	
346.50942255	
346.51332450	
346.51720204	
346.52095842	
346.52474774	
346.52850425	
346.53171013	
346.53464657	
346.53782967	
346.54068194	
346.54327202	
346.54597384	
346.54911186	
346.55233431	
346.55526467	
346.55834564	
346.56107437	
346.56361175	
346.56657791	
346.56975409	
346.57314722	
346.57618875	
346.57870142	
346.58141773	
346.58461242	
346.58760447	
346.59016099	
346.59271078	
346.59529016	
346.59851168	
346.60196767	
346.60465728	
346.60694106	
346.60996937	
346.61344105	
346.61668812	
346.61948771	
346.62218225	
346.62489114	
346.62793019	
346.63122306	
346.63433297	
346.63752847	
346.64064418	
346.64427523	
346.64779476	
346.65127330	
346.65457147	
346.65721144	
346.66042060	
346.66378605	
346.66658235	
346.66952035	
346.67286570	
346.67568621	
346.67825658	
346.68127144	
346.68456482	
346.68755210	
346.68987373	
346.69211414	
346.69507552	
346.69800112	
346.70022287	
346.70255901	
346.70517001	
346.70806817	
346.71128186	
346.71449611	
346.71756489	
346.72058034	
346.72317899	
346.72576807	
346.72833842	
346.73066878	
346.73335381	
346.73635656	
346.73909290	
346.74158991	
346.74396995	
346.74611652	
346.74880153	
346.75170947	
346.75463964	
346.75829250	
346.76164837	
346.76455953	
346.76798759	
346.77114807	
346.77411248	
346.77691970	
346.77984430	
346.78295482	
346.78573893	
346.78868425	
346.79164432	
346.79505308	
346.79826897	
346.80141988	
346.80482960	
346.80805482	
346.81166743	
346.81540412	
346.81907127	
346.82227801	
346.82531826	
346.82892347	
346.83192411	
346.83410341	
346.83710082	
346.84050601	
346.84304026	
346.84556221	
346.84813089	
346.85067848	
346.85337127	
346.85634318	
346.85966648	
346.86250104	
346.86489471	
346.86751169	
346.87044957	
346.87316810	
346.87561217	
346.87810459	
346.88061386	
346.88320992	
346.88634495	
346.88998259	
346.89365248	
346.89689876	
346.90018655	
346.90354366	
346.90677996	
346.91024370	
346.91345118	
346.91636379	
346.91904212	
346.92195692	
346.92540414	
346.92887666	
346.93166172	
346.93453199	
346.93734242	
346.93994350	
346.94268847	
346.94492690	
346.94776001	
346.95131320	
346.95500494	
346.95855767	
346.96154681	
346.96426121	
346.96668177	
346.96909833	
346.97160582	
346.97451063	
346.97761068	
346.98043073	
346.98302875	
346.98556823	
346.98855148	
346.99165351	
346.99461555	
346.99725659	
347.00020491	
347.00380772	
347.00743719	
347.01020036	
347.01289242	
347.01568442	
347.01782896	
347.02073192	
347.02436151	
347.02760050	
347.03050835	
347.03309489	
347.03540587	
347.03822881	
347.04106232	
347.04378156	
347.04694516	
347.05003487	
347.05272262	
347.05505077	
347.05776478	
347.06121571	
347.06469934	
347.06815324	
347.07098044	
347.07356683	
347.07638600	
347.07931063	
347.08252921	
347.08510406	
347.08735029	
347.08979163	
347.09276868	
347.09635227	
347.09956517	
347.10188537	
347.10444087	
347.10728105	
347.10994397	
347.11260094	
347.11505256	
347.11802160	
347.12120846	
347.12431061	
347.12772891	
347.13089832	
347.13373477	
347.13673548	
347.14022747	
347.14346459	
347.14595367	
347.14861485	
347.15199155	
347.15546612	
347.15803073	
347.16073481	
347.16374546	
347.16646049	
347.16950937	
347.17273967	
347.17552555	
347.17794442	
347.18051367	
347.18313821	
347.18591033	
347.18868595	
347.19149660	
347.19401684	
347.19689430	
347.20045182	
347.20393412	
347.20735818	
347.21041239	
347.21278222	
347.21552904	
347.21880108	
347.22145086	
347.22353691	
347.22622193	
347.22973890	
347.23252017	
347.23537785	
347.23847651	
347.24094441	
347.24318231	
347.24518526	
347.24758031	
347.25009532	
347.25237454	
347.25538640	
347.25858618	
347.26090240	
347.26309550	
347.26546857	
347.26765946	
347.27018243	
347.27310717	
347.27551467	
347.27753651	
347.28034394	
347.28383717	
347.28730924	
347.29009851	
347.29258686	
347.29531161	
347.29797101	
347.30028424	
347.30293298	
347.30641307	
347.30952806	
347.31241223	
347.31526431	
347.31745578	
347.32012704	
347.32313554	
347.32597452	
347.32902730	
347.33230477	
347.33570559	
347.33895250	
347.34222155	
347.34544002	
347.34832078	
347.35065018	
347.35277194	
347.35488262	
347.35682110	
347.35870169	
347.36098493	
347.36366907	
347.36668208	
347.36971954	
347.37221450	
347.37421746	
347.37651171	
347.37884353	
347.38159240	
347.38465984	
347.38695985	
347.38910886	
347.39195635	
347.39498229	
347.39765807	
347.40053391	
347.40358863	
347.40691920	
347.41019604	
347.41259861	
347.41468676	
347.41754473	
347.42038129	
347.42318978	
347.42624362	
347.42926634	
347.43258916	
347.43555764	
347.43803964	
347.44024912	
347.44259560	
347.44537775	
347.44813137	
347.45092813	
347.45379631	
347.45633084	
347.45928032	
347.46258239	
347.46503569	
347.46706390	
347.46974534	
347.47251474	
347.47534223	
347.47845665	
347.48111999	
347.48348204	
347.48640089	
347.48940586	
347.49150262	
347.49406234	
347.49681529	
347.49894285	
347.50144144	
347.50439072	
347.50683472	
347.50923108	
347.51194299	
347.51494607	
347.51848101	
347.52186792	
347.52522516	
347.52840636	
347.53109273	
347.53403046	
347.53661810	
347.53849333	
347.54069400	
347.54364729	
347.54695798	
347.54979903	
347.55226679	
347.55525479	
347.55847072	
347.56126759	
347.56402671	
347.56654490	
347.56869343	
347.57126175	
347.57448094	
347.57756019	
347.58048987	
347.58330117	
347.58615888	
347.58859992	
347.59047015	
347.59233636	
347.59408901	
347.59580324	
347.59835054	
347.60107514	
347.60330666	
347.60551112	
347.60765405	
347.61026543	
347.61316125	
347.61556042	
347.61769858	
347.62052366	
347.62376679	
347.62630667	
347.62852315	
347.63126213	
347.63441794	
347.63762850	
347.63998305	
347.64219275	
347.64477134	
347.64731509	
347.64993455	
347.65209161	
347.65401875	
347.65642051	
347.65906495	
347.66171836	
347.66452349	
347.66680593	
347.66861395	
347.67127258	
347.67414265	
347.67694577	
347.67999173	
347.68264425	
347.68526165	
347.68755115	
347.68970784	
347.69251587	
347.69512125	
347.69770827	
347.70059505	
347.70333275	
347.70551043	
347.70738189	
347.70969218	
347.71186839	
347.71402739	
347.71609586	
347.71820129	
347.72107609	
347.72353900	
347.72549508	
347.72818911	
347.73063840	
347.73251444	
347.73511632	
347.73840680	
347.74090479	
347.74336002	
347.74627271	
347.74844044	
347.75099885	
347.75380583	
347.75617627	
347.75817230	
347.76040349	
347.76321097	
347.76630986	
347.76937686	
347.77156915	
347.77367822	
347.77615107	
347.77882143	
347.78130414	
347.78385759	
347.78676149	
347.78934795	
347.79153963	
347.79410707	
347.79729052	
347.80002934	
347.80279685	
347.80604490	
347.80885684	
347.81098246	
347.81281391	
347.81458322	
347.81648249	
347.81879456	
347.82149709	
347.82382887	
347.82601532	
347.82900677	
347.83158136	
347.83369132	
347.83602464	
347.83817807	
347.84093629	
347.84346591	
347.84509781	
347.84694443	
347.84894141	
347.85129805	
347.85369999	
347.85607445	
347.85893925	
347.86176692	
347.86403102	
347.86625003	
347.86905711	
347.87144190	
347.87342291	
347.87621939	
347.87890330	
347.88150794	
347.88431540	
347.88708826	
347.88955797	
347.89149148	
347.89330317	
347.89542909	
347.89803884	
347.90070132	
347.90291218	
347.90454139	
347.90628496	
347.90827216	
347.91043034	
347.91305796	
347.91566279	
347.91784037	
347.91985735	
347.92221178	
347.92464949	
347.92673383	
347.92891658	
347.93102536	
347.93374158	
347.93681843	
347.93956455	
347.94204081	
347.94410849	
347.94629620	
347.94921827	
347.95212698	
347.95452259	
347.95720766	
347.96012893	
347.96296179	
347.96559317	
347.96798244	
347.97033655	
347.97278614	
347.97524152	
347.97765450	
347.98028934	
347.98259963	
347.98450758	
347.98688978	
347.98957046	
347.99227013	
347.99521706	
347.99801089	
348.00009951	
348.00201874	
348.00472796	
348.00732667	
348.00936498	
348.01152297	
348.01424288	
348.01731560	
348.02008516	
348.02297289	
348.02571725	
348.02796625	
348.03023008	
348.03219987	
348.03381453	
348.03628490	
348.03892296	
348.04152327	
348.04396408	
348.04586522	
348.04791203	
348.05013684	
348.05255475	
348.05472236	
348.05729278	
348.06003546	
348.06201869	
348.06400700	
348.06629691	
348.06813554	
348.07017191	
348.07243093	
348.07445800	
348.07634800	
348.07830282	
348.08034585	
348.08200908	
348.08404816	
348.08660021	
348.08889930	
348.09104132	
348.09325693	
348.09507075	
348.09666917	
348.09911147	
348.10200661	
348.10488203	
348.10744738	
348.10931584	
348.11091463	
348.11288439	
348.11565652	
348.11836361	
348.12085556	
348.12347450	
348.12568882	
348.12819817	
348.13092965	
348.13367107	
348.13670146	
348.13936689	
348.14192984	
348.14477835	
348.14771373	
348.15013596	
348.15200677	
348.15412892	
348.15621039	
348.15832724	
348.16072111	
348.16253724	
348.16437993	
348.16641382	
348.16867380	
348.17155387	
348.17433173	
348.17679317	
348.17885094	
348.18078464	
348.18309037	
348.18593587	
348.18832710	
348.19050047	
348.19270378	
348.19447509	
348.19702079	
348.20013171	
348.20266429	
348.20505985	
348.20731226	
348.20932545	
348.21196431	
348.21499246	
348.21777156	
348.22032371	
348.22242346	
348.22479552	
348.22740321	
348.22963394	
348.23180373	
348.23381533	
348.23595195	
348.23793180	
348.24043088	
348.24351594	
348.24660974	
348.24940332	
348.25170037	
348.25345996	
348.25523084	
348.25738900	
348.26004053	
348.26252395	
348.26450905	
348.26655394	
348.26845231	
348.27034656	
348.27221611	
348.27419668	
348.27605194	
348.27769709	
348.28012650	
348.28249403	
348.28397717	
348.28604374	
348.28853854	
348.29063053	
348.29310920	
348.29546106	
348.29761489	
348.29981414	
348.30223727	
348.30453220	
348.30680813	
348.30934266	
348.31123414	
348.31280199	
348.31490219	
348.31708208	
348.31919677	
348.32130620	
348.32295983	
348.32503016	
348.32738140	
348.32933097	
348.33168790	
348.33412004	
348.33642268	
348.33874107	
348.34078329	
348.34282532	
348.34526881	
348.34823015	
348.35087486	
348.35335311	
348.35519850	
348.35695533	
348.35884700	
348.36119412	
348.36385766	
348.36615234	
348.36872098	
348.37155963	
348.37421111	
348.37662328	
348.37870311	
348.38065312	
348.38278121	
348.38460914	
348.38622890	
348.38782126	
348.38978410	
348.39164511	
348.39314015	
348.39517740	
348.39789369	
348.40071210	
348.40349021	
348.40568749	
348.40732487	
348.40906400	
348.41100519	
348.41321777	
348.41564165	
348.41840217	
348.42086248	
348.42277935	
348.42465713	
348.42628005	
348.42761367	
348.42983812	
348.43270343	
348.43525876	
348.43752246	
348.43955459	
348.44192636	
348.44416033	
348.44611976	
348.44859162	
348.45074027	
348.45267258	
348.45493829	
348.45742946	
348.45967003	
348.46137686	
348.46360545	
348.46597831	
348.46787109	
348.47017477	
348.47288474	
348.47495283	
348.47661701	
348.47876792	
348.48131228	
348.48362428	
348.48612528	
348.48879414	
348.49137000	
348.49348018	
348.49482773	
348.49643387	
348.49875378	
348.50123740	
348.50327222	
348.50526208	
348.50700533	
348.50843537	
348.51018953	
348.51223401	
348.51473395	
348.51718402	
348.51968927	
348.52196677	
348.52391947	
348.52636167	
348.52844942	
348.53024837	
348.53234143	
348.53471498	
348.53723079	
348.53909737	
348.54088691	
348.54263783	
348.54456470	
348.54669935	
348.54883536	
348.55093638	
348.55305965	
348.55587734	
348.55879232	
348.56130473	
348.56294589	
348.56501517	
348.56771661	
348.56963029	
348.57133181	
348.57312395	
348.57481768	
348.57648565	
348.57811599	
348.57970815	
348.58130463	
348.58339894	
348.58589561	
348.58862119	
348.59123056	
348.59305709	
348.59436084	
348.59611253	
348.59849298	
348.60072579	
348.60285826	
348.60528944	
348.60799712	
348.61080472	
348.61343154	
348.61603570	
348.61808600	
348.61936268	
348.62075650	
348.62259476	
348.62425736	
348.62581556	
348.62774456	
348.62962273	
348.63108885	
348.63320461	
348.63534067	
348.63699920	
348.63902221	
348.64138624	
348.64391933	
348.64592168	
348.64803306	
348.65054236	
348.65261918	
348.65425809	
348.65581166	
348.65773420	
348.65999446	
348.66254795	
348.66519225	
348.66727463	
348.66909345	
348.67059989	
348.67222992	
348.67418353	
348.67593836	
348.67796275	
348.67985462	
348.68125284	
348.68329033	
348.68590625	
348.68788014	
348.68933307	
348.69137133	
348.69360244	
348.69521143	
348.69696521	
348.69931419	
348.70197339	
348.70478848	
348.70690372	
348.70872400	
348.71066927	
348.71296757	
348.71579431	
348.71861287	
348.72120173	
348.72322921	
348.72525948	
348.72749929	
348.72928118	
348.73094334	
348.73293971	
348.73529378	
348.73806199	
348.74062353	
348.74316649	
348.74590635	
348.74804762	
348.74948039	
348.75151809	
348.75411420	
348.75585681	
348.75728853	
348.75875421	
348.76024887	
348.76211923	
348.76363495	
348.76498309	
348.76699259	
348.76944564	
348.77186582	
348.77420011	
348.77649720	
348.77892086	
348.78142402	
348.78353905	
348.78570079	
348.78760456	
348.78931429	
348.79166673	
348.79372699	
348.79595061	
348.79817186	
348.80015902	
348.80246015	
348.80415249	
348.80618203	
348.80831350	
348.81033223	
348.81259268	
348.81418932	
348.81595300	
348.81823715	
348.82022560	
348.82186541	
348.82363787	
348.82604391	
348.82888115	
348.83151117	
348.83383245	
348.83623900	
348.83823258	
348.83951705	
348.84101857	
348.84270207	
348.84469296	
348.84699224	
348.84925334	
348.85129246	
348.85337086	
348.85565866	
348.85773009	
348.85996797	
348.86226242	
348.86380550	
348.86485791	
348.86669994	
348.86853649	
348.87006365	
348.87210499	
348.87453086	
348.87662820	
348.87819058	
348.88013973	
348.88206193	
348.88380618	
348.88530649	
348.88683116	
348.88861771	
348.89046030	
348.89224619	
348.89445261	
348.89707010	
348.89972719	
348.90167964	
348.90354986	
348.90573852	
348.90727131	
348.90870813	
348.90996733	
348.91117818	
348.91241762	
348.91421900	
348.91644867	
348.91848468	
348.92027579	
348.92209596	
348.92405748	
348.92587407	
348.92730535	
348.92907653	
348.93165590	
348.93432497	
348.93707355	
348.93968096	
348.94167615	
348.94371182	
348.94640836	
348.94842081	
348.95015120	
348.95224820	
348.95400745	
348.95574442	
348.95804325	
348.96041112	
348.96280938	
348.96516112	
348.96695842	
348.96884633	
348.97119813	
348.97391375	
348.97669856	
348.97865960	
348.98041366	
348.98270285	
348.98458467	
348.98594914	
348.98782381	
348.99036304	
348.99298782	
348.99574414	
348.99773375	
348.99946611	
349.00153401	
349.00363962	
349.00553008	
349.00692378	
349.00816175	
349.01004984	
349.01220838	
349.01368859	
349.01511061	
349.01677948	
349.01883052	
349.02137811	
349.02330222	
349.02439249	
349.02590451	
349.02745666	
349.02895626	
349.03038997	
349.03177388	
349.03323305	
349.03507702	
349.03753403	
349.04012686	
349.04228250	
349.04423849	
349.04600472	
349.04727354	
349.04874245	
349.05061116	
349.05265007	
349.05428312	
349.05582293	
349.05748567	
349.05921374	
349.06068073	
349.06216274	
349.06400207	
349.06541490	
349.06711880	
349.06934526	
349.07083946	
349.07225259	
349.07390055	
349.07549483	
349.07776461	
349.08047593	
349.08310668	
349.08574220	
349.08783396	
349.08997047	
349.09265667	
349.09444096	
349.09547569	
349.09698776	
349.09916279	
349.10105019	
349.10244220	
349.10404215	
349.10602037	
349.10831071	
349.11058545	
349.11305622	
349.11576839	
349.11820613	
349.12064339	
349.12285053	
349.12475407	
349.12655728	
349.12860916	
349.13075094	
349.13214279	
349.13313342	
349.13494294	
349.13687047	
349.13867061	
349.14083369	
349.14240614	
349.14367249	
349.14480619	
349.14600084	
349.14775237	
349.14988434	
349.15199991	
349.15424484	
349.15618819	
349.15766475	
349.15892304	
349.16011931	
349.16206522	
349.16386494	
349.16550418	
349.16766849	
349.16925149	
349.17103159	
349.17329394	
349.17532726	
349.17691751	
349.17797666	
349.17916752	
349.18065552	
349.18265906	
349.18511330	
349.18683475	
349.18825023	
349.19043812	
349.19300825	
349.19528747	
349.19728038	
349.19914101	
349.20114235	
349.20355064	
349.20613695	
349.20856802	
349.21069935	
349.21239322	
349.21396542	
349.21622905	
349.21871515	
349.22069255	
349.22258118	
349.22502134	
349.22706483	
349.22824597	
349.22954921	
349.23085101	
349.23207297	
349.23363541	
349.23557128	
349.23756767	
349.23975915	
349.24226978	
349.24401316	
349.24575614	
349.24808206	
349.24975738	
349.25131572	
349.25273094	
349.25415702	
349.25645992	
349.25831958	
349.25957556	
349.26080602	
349.26252352	
349.26433187	
349.26556668	
349.26715800	
349.26910773	
349.27066082	
349.27220755	
349.27371316	
349.27485669	
349.27602487	
349.27767019	
349.27938772	
349.28134758	
349.28336943	
349.28529823	
349.28705766	
349.28841760	
349.29044415	
349.29213510	
349.29369773	
349.29551544	
349.29757454	
349.29981044	
349.30126248	
349.30289404	
349.30448358	
349.30559105	
349.30667596	
349.30819715	
349.30997170	
349.31163589	
349.31331906	
349.31477382	
349.31647756	
349.31838877	
349.31997104	
349.32188365	
349.32412051	
349.32627590	
349.32817673	
349.32990293	
349.33205737	
349.33414750	
349.33595772	
349.33786322	
349.33987693	
349.34185291	
349.34398452	
349.34583966	
349.34723995	
349.34875425	
349.35027980	
349.35149866	
349.35263010	
349.35413037	
349.35621811	
349.35859034	
349.36043407	
349.36228185	
349.36418879	
349.36609333	
349.36800682	
349.37005048	
349.37199675	
349.37354518	
349.37499980	
349.37643780	
349.37835082	
349.38033501	
349.38226725	
349.38386781	
349.38581682	
349.38814381	
349.38959049	
349.39105267	
349.39311458	
349.39536366	
349.39739604	
349.39921289	
349.40095394	
349.40271113	
349.40492106	
349.40717203	
349.40939494	
349.41168237	
349.41335430	
349.41468238	
349.41608515	
349.41735750	
349.41924107	
349.42149193	
349.42353752	
349.42555816	
349.42724273	
349.42854605	
349.42982123	
349.43121965	
349.43261041	
349.43414090	
349.43624142	
349.43827663	
349.44028464	
349.44241214	
349.44395922	
349.44497124	
349.44654365	
349.44872107	
349.45063295	
349.45239914	
349.45445197	
349.45621690	
349.45782318	
349.45993150	
349.46192949	
349.46368287	
349.46526773	
349.46654102	
349.46833048	
349.47083210	
349.47285319	
349.47472983	
349.47618338	
349.47705715	
349.47832961	
349.48014471	
349.48177850	
349.48294387	
349.48444174	
349.48622048	
349.48823880	
349.49016476	
349.49152519	
349.49292098	
349.49405921	
349.49519273	
349.49644521	
349.49750103	
349.49890873	
349.50071387	
349.50217481	
349.50374428	
349.50597577	
349.50805146	
349.50954223	
349.51104168	
349.51240458	
349.51405099	
349.51608126	
349.51762727	
349.51930916	
349.52121569	
349.52269091	
349.52413478	
349.52557129	
349.52657341	
349.52754659	
349.52919640	
349.53072271	
349.53209715	
349.53432344	
349.53629028	
349.53744100	
349.53878700	
349.54027099	
349.54200195	
349.54400829	
349.54570740	
349.54702567	
349.54838487	
349.55030534	
349.55198662	
349.55344942	
349.55471890	
349.55570288	
349.55672817	
349.55854107	
349.56035054	
349.56142780	
349.56300228	
349.56484641	
349.56599285	
349.56676223	
349.56791927	
349.56970372	
349.57118175	
349.57215526	
349.57322382	
349.57449763	
349.57584363	
349.57714854	
349.57876194	
349.58057573	
349.58223354	
349.58380072	
349.58512174	
349.58620690	
349.58749762	
349.58922560	
349.59128348	
349.59298484	
349.59422987	
349.59561839	
349.59678943	
349.59820890	
349.60006799	
349.60176650	
349.60338699	
349.60512167	
349.60662866	
349.60776705	
349.60889237	
349.60982286	
349.61123231	
349.61275739	
349.61456414	
349.61635947	
349.61738960	
349.61869196	
349.62005403	
349.62109767	
349.62224204	
349.62333453	
349.62484029	
349.62698539	
349.62890726	
349.63034397	
349.63175068	
349.63310325	
349.63471978	
349.63614655	
349.63748393	
349.63953930	
349.64094815	
349.64208536	
349.64357416	
349.64505848	
349.64692856	
349.64911984	
349.65113707	
349.65317015	
349.65552054	
349.65724031	
349.65897884	
349.66074123	
349.66195157	
349.66376096	
349.66527801	
349.66629061	
349.66777528	
349.66969884	
349.67180986	
349.67353453	
349.67523707	
349.67738361	
349.67895326	
349.67992532	
349.68129954	
349.68327992	
349.68533485	
349.68659333	
349.68743103	
349.68888029	
349.69035954	
349.69209389	
349.69410124	
349.69581535	
349.69768990	
349.69920293	
349.70041535	
349.70183196	
349.70310138	
349.70437206	
349.70610239	
349.70832250	
349.71024723	
349.71197819	
349.71374439	
349.71532817	
349.71705320	
349.71857105	
349.72034577	
349.72190885	
349.72348133	
349.72507311	
349.72630392	
349.72742808	
349.72874396	
349.73024712	
349.73121890	
349.73199410	
349.73278747	
349.73418836	
349.73553012	
349.73690091	
349.73840074	
349.74011776	
349.74182684	
349.74280920	
349.74432771	
349.74635738	
349.74849731	
349.75084450	
349.75305245	
349.75459811	
349.75588764	
349.75714850	
349.75824194	
349.76000099	
349.76184024	
349.76282976	
349.76376517	
349.76503007	
349.76628586	
349.76733077	
349.76814957	
349.76964369	
349.77183192	
349.77339419	
349.77454119	
349.77639467	
349.77848140	
349.77980044	
349.78062875	
349.78173997	
349.78287815	
349.78381735	
349.78512346	
349.78684128	
349.78835093	
349.79011518	
349.79157066	
349.79290310	
349.79447263	
349.79589728	
349.79775149	
349.79953441	
349.80070902	
349.80218314	
349.80364899	
349.80515907	
349.80672539	
349.80802773	
349.80944785	
349.81022365	
349.81087727	
349.81224289	
349.81405586	
349.81603008	
349.81773014	
349.81915753	
349.82056142	
349.82231353	
349.82403314	
349.82557665	
349.82705481	
349.82839572	
349.82992715	
349.83096847	
349.83171495	
349.83286812	
349.83473564	
349.83605373	
349.83680366	
349.83805968	
349.83968829	
349.84166232	
349.84361721	
349.84517795	
349.84712396	
349.84895992	
349.85032949	
349.85163382	
349.85313508	
349.85519531	
349.85675505	
349.85798672	
349.85909993	
349.85992870	
349.86160046	
349.86392214	
349.86602507	
349.86776512	
349.86917539	
349.87076274	
349.87284094	
349.87431357	
349.87535437	
349.87713640	
349.87850667	
349.87933424	
349.88085886	
349.88287091	
349.88461371	
349.88648174	
349.88871441	
349.89012932	
349.89115792	
349.89290973	
349.89519163	
349.89726591	
349.89897644	
349.90047979	
349.90146852	
349.90263166	
349.90429144	
349.90631543	
349.90790673	
349.90854881	
349.90987646	
349.91162711	
349.91291052	
349.91443648	
349.91580023	
349.91662950	
349.91801998	
349.91947055	
349.92047452	
349.92178945	
349.92337865	
349.92520889	
349.92704930	
349.92859405	
349.93004891	
349.93124800	
349.93272527	
349.93471734	
349.93669559	
349.93878735	
349.94056918	
349.94214339	
349.94373908	
349.94509254	
349.94600977	
349.94678710	
349.94819875	
349.94997088	
349.95149552	
349.95259300	
349.95333277	
349.95484353	
349.95717117	
349.95901306	
349.96049409	
349.96164892	
349.96239357	
349.96342917	
349.96493806	
349.96607197	
349.96665966	
349.96811587	
349.97037741	
349.97191608	
349.97263130	
349.97342107	
349.97458800	
349.97565414	
349.97652662	
349.97793058	
349.97967520	
349.98102512	
349.98255337	
349.98403149	
349.98549999	
349.98741411	
349.98880097	
349.98989163	
349.99163725	
349.99323487	
349.99422849	
349.99550347	
349.99654123	
349.99778929	
349.99951795	
350.00138093	
350.00345750	
350.00497332	
350.00593971	
350.00698624	
350.00789804	
350.00898568	
350.01040910	
350.01191381	
350.01309325	
350.01375586	
350.01473206	
350.01585754	
350.01708443	
350.01883146	
350.02089289	
350.02280122	
350.02411139	
350.02489157	
350.02608537	
350.02775808	
350.02924845	
350.03042739	
350.03195273	
350.03409129	
350.03608589	
350.03776364	
350.03910178	
350.03999846	
350.04062464	
350.04142014	
350.04281395	
350.04460673	
350.04646799	
350.04812505	
350.04937647	
350.05101927	
350.05257524	
350.05403429	
350.05568213	
350.05692783	
350.05811769	
350.05964345	
350.06087322	
350.06137579	
350.06255757	
350.06371757	
350.06461066	
350.06627287	
350.06762862	
350.06834939	
350.06952019	
350.07111462	
350.07231182	
350.07337669	
350.07449504	
350.07542090	
350.07657021	
350.07836881	
350.07975001	
350.08111147	
350.08253265	
350.08333113	
350.08406677	
350.08490331	
350.08638973	
350.08767851	
350.08892326	
350.09079622	
350.09230849	
350.09345321	
350.09519169	
350.09679890	
350.09805360	
350.09942541	
350.10089377	
350.10274169	
350.10422434	
350.10498453	
350.10628446	
350.10815942	
350.10970278	
350.11091261	
350.11222484	
350.11404123	
350.11602032	
350.11729278	
350.11862006	
350.11995838	
350.12096649	
350.12240695	
350.12372286	
350.12509090	
350.12653424	
350.12813363	
350.12963083	
350.13087781	
350.13241517	
350.13414623	
350.13610708	
350.13802210	
350.13967837	
350.14128355	
350.14290690	
350.14467795	
350.14590186	
350.14686722	
350.14800113	
350.14955446	
350.15110923	
350.15184734	
350.15277059	
350.15382924	
350.15530173	
350.15728522	
350.15917263	
350.16034588	
350.16167994	
350.16384056	
350.16565759	
350.16735378	
350.16875159	
350.16949784	
350.17029861	
350.17105506	
350.17162700	
350.17295601	
350.17497005	
350.17660173	
350.17819093	
350.17933064	
350.18034293	
350.18152294	
350.18242283	
350.18356415	
350.18522751	
350.18729736	
350.18915555	
350.19089741	
350.19195452	
350.19294413	
350.19467444	
350.19662572	
350.19828753	
350.20002897	
350.20167358	
350.20319864	
350.20487259	
350.20642978	
350.20792165	
350.20883931	
350.20959849	
350.21105916	
350.21314743	
350.21462519	
350.21549805	
350.21696095	
350.21846075	
350.21915146	
350.22018996	
350.22192291	
350.22307726	
350.22427595	
350.22548960	
350.22665594	
350.22857313	
350.23014806	
350.23085943	
350.23194909	
350.23388226	
350.23583800	
350.23736047	
350.23906025	
350.24037685	
350.24149765	
350.24349593	
350.24533597	
350.24687872	
350.24872692	
350.25050819	
350.25171453	
350.25250518	
350.25364122	
350.25517049	
350.25639503	
350.25726370	
350.25852625	
350.25959666	
350.26040998	
350.26152453	
350.26257370	
350.26414855	
350.26562186	
350.26722290	
350.26860017	
350.26961166	
350.27125151	
350.27283236	
350.27439492	
350.27627241	
350.27770465	
350.27883092	
350.28031192	
350.28163300	
350.28321272	
350.28469425	
350.28607019	
350.28786327	
350.28922968	
350.29077710	
350.29257114	
350.29439455	
350.29580702	
350.29714575	
350.29846489	
350.29968436	
350.30144826	
350.30266537	
350.30392515	
350.30527469	
350.30637448	
350.30740279	
350.30799407	
350.30929060	
350.31120117	
350.31256377	
350.31340838	
350.31459398	
350.31618038	
350.31767034	
350.31904311	
350.32006903	
350.32115920	
350.32213045	
350.32298050	
350.32455864	
350.32613496	
350.32755039	
350.32926517	
350.33059102	
350.33206072	
350.33403930	
350.33585829	
350.33769035	
350.33942063	
350.34077456	
350.34236222	
350.34353387	
350.34469398	
350.34645791	
350.34783202	
350.34896252	
350.34992919	
350.35081213	
350.35185278	
350.35302535	
350.35443719	
350.35612626	
350.35747194	
350.35849268	
350.35962355	
350.36089356	
350.36187078	
350.36301568	
350.36412282	
350.36514738	
350.36639959	
350.36736259	
350.36826280	
350.36946925	
350.37126259	
350.37255714	
350.37316231	
350.37434426	
350.37546847	
350.37677083	
350.37866734	
350.38053651	
350.38230046	
350.38353303	
350.38503927	
350.38707631	
350.38828662	
350.38949623	
350.39160575	
350.39282118	
350.39376713	
350.39539911	
350.39679436	
350.39768945	
350.39818407	
350.39936293	
350.40089808	
350.40234159	
350.40430392	
350.40611354	
350.40786222	
350.40960266	
350.41126488	
350.41270261	
350.41355855	
350.41443969	
350.41540648	
350.41630593	
350.41754294	
350.41881370	
350.42029327	
350.42139331	
350.42225655	
350.42323515	
350.42364394	
350.42435014	
350.42559075	
350.42709307	
350.42812249	
350.42900705	
350.43062093	
350.43216694	
350.43359740	
350.43520479	
350.43674869	
350.43781589	
350.43916724	
350.44094742	
350.44231275	
350.44382699	
350.44561126	
350.44671153	
350.44730051	
350.44794432	
350.44870447	
350.45026227	
350.45223879	
350.45360934	
350.45477940	
350.45645924	
350.45768421	
350.45815853	
350.45869229	
350.45929715	
350.45994273	
350.46049878	
350.46107781	
350.46231364	
350.46417158	
350.46565510	
350.46645002	
350.46728149	
350.46881535	
350.47014907	
350.47059328	
350.47104397	
350.47180700	
350.47316686	
350.47505751	
350.47651077	
350.47779803	
350.47872826	
350.47920491	
350.48055387	
350.48168188	
350.48262487	
350.48433454	
350.48558240	
350.48671878	
350.48834360	
350.48950472	
350.49030750	
350.49178740	
350.49353450	
350.49491068	
350.49643332	
350.49794746	
350.49939734	
350.50059162	
350.50163944	
350.50283784	
350.50416527	
350.50529275	
350.50647902	
350.50770824	
350.50864374	
350.51002679	
350.51178670	
350.51374921	
350.51556743	
350.51726309	
350.51841540	
350.51959473	
350.52153793	
350.52313153	
350.52459582	
350.52588510	
350.52687596	
350.52850049	
350.53030734	
350.53143916	
350.53196731	
350.53231758	
350.53295330	
350.53412143	
350.53539428	
350.53644155	
350.53763037	
350.53867726	
350.53929753	
350.54017647	
350.54088306	
350.54199773	
350.54327707	
350.54371090	
350.54430118	
350.54550024	
350.54710787	
350.54870733	
350.54964549	
350.55022503	
350.55074948	
350.55177032	
350.55307586	
350.55418814	
350.55520060	
350.55594600	
350.55673959	
350.55785011	
350.55886405	
350.56003097	
350.56116901	
350.56229480	
350.56400670	
350.56570239	
350.56680979	
350.56741899	
350.56835538	
350.56944399	
350.57064258	
350.57148268	
350.57220203	
350.57303639	
350.57423424	
350.57596030	
350.57748789	
350.57910011	
350.58103485	
350.58219800	
350.58291338	
350.58393382	
350.58540164	
350.58720390	
350.58844086	
350.58920785	
350.59004064	
350.59136568	
350.59259465	
350.59348317	
350.59448263	
350.59527174	
350.59643082	
350.59806834	
350.59944203	
350.60083819	
350.60190262	
350.60303713	
350.60462974	
350.60587466	
350.60650673	
350.60731966	
350.60895699	
350.61065618	
350.61211049	
350.61310467	
350.61414792	
350.61555518	
350.61679034	
350.61829913	
350.62012140	
350.62114067	
350.62149107	
350.62267591	
350.62417585	
350.62559640	
350.62655056	
350.62713452	
350.62812890	
350.62941265	
350.63025419	
350.63111226	
350.63241329	
350.63312680	
350.63369394	
350.63487105	
350.63611942	
350.63757730	
350.63870980	
350.63972941	
350.64162337	
350.64345586	
350.64461775	
350.64577620	
350.64687938	
350.64766783	
350.64919414	
350.65115638	
350.65226646	
350.65290437	
350.65433371	
350.65580016	
350.65691093	
350.65775971	
350.65839293	
350.65885734	
350.65942591	
350.66058095	
350.66198607	
350.66372421	
350.66527838	
350.66591296	
350.66682529	
350.66792942	
350.66830647	
350.66879906	
350.66998953	
350.67144412	
350.67231266	
350.67331312	
350.67483850	
350.67632446	
350.67759740	
350.67890393	
350.68025458	
350.68110220	
350.68163009	
350.68282571	
350.68431310	
350.68547824	
350.68624384	
350.68727559	
350.68843465	
350.68904585	
350.69012148	
350.69103233	
350.69169759	
350.69245843	
350.69299727	
350.69398379	
350.69536682	
350.69673123	
350.69751126	
350.69767296	
350.69820175	
350.69902297	
350.70018024	
350.70105234	
350.70214309	
350.70406902	
350.70578863	
350.70664072	
350.70747665	
350.70888988	
350.71021713	
350.71187192	
350.71374975	
350.71492464	
350.71618422	
350.71758157	
350.71845322	
350.71897123	
350.71972259	
350.72122908	
350.72255586	
350.72319584	
350.72373040	
350.72441445	
350.72485787	
350.72565896	
350.72647993	
350.72755542	
350.72909197	
350.73017743	
350.73136335	
350.73218694	
350.73281532	
350.73362887	
350.73486699	
350.73668248	
350.73782094	
350.73860590	
350.73951937	
350.74057972	
350.74200488	
350.74329791	
350.74449393	
350.74570463	
350.74715079	
350.74837037	
350.74960568	
350.75061493	
350.75072710	
350.75140717	
350.75267890	
350.75384003	
350.75470188	
350.75573995	
350.75734078	
350.75908456	
350.75994791	
350.76087656	
350.76212061	
350.76292483	
350.76346413	
350.76377471	
350.76469374	
350.76558380	
350.76672068	
350.76831293	
350.76982670	
350.77138190	
350.77257410	
350.77329401	
350.77406632	
350.77496240	
350.77577054	
350.77709213	
350.77849111	
350.77985459	
350.78142770	
350.78310508	
350.78478852	
350.78652829	
350.78802274	
350.78907253	
350.79010431	
350.79129120	
350.79279404	
350.79378065	
350.79483708	
350.79589211	
350.79673814	
350.79792721	
350.79902704	
350.79972052	
350.80055682	
350.80157847	
350.80203693	
350.80275896	
350.80371718	
350.80420991	
350.80463253	
350.80504994	
350.80609866	
350.80734393	
350.80850819	
350.81023367	
350.81146122	
350.81189699	
350.81285467	
350.81462007	
350.81642096	
350.81745124	
350.81787399	
350.81856642	
350.81911331	
350.81984899	
350.82092868	
350.82197601	
350.82308308	
350.82437642	
350.82527651	
350.82583407	
350.82700658	
350.82833908	
350.82939976	
350.83084687	
350.83183278	
350.83195158	
350.83266165	
350.83352939	
350.83438846	
350.83564905	
350.83630446	
350.83712855	
350.83853102	
350.84010682	
350.84152548	
350.84278968	
350.84382759	
350.84493497	
350.84616483	
350.84745656	
350.84906964	
350.85036216	
350.85179805	
350.85269033	
350.85308242	
350.85353416	
350.85449079	
350.85582387	
350.85711543	
350.85861202	
350.86023433	
350.86163623	
350.86227438	
350.86307452	
350.86432516	
350.86539151	
350.86678513	
350.86863958	
350.86971041	
350.87079585	
350.87233066	
350.87295846	
350.87348456	
350.87406776	
350.87503746	
350.87661975	
350.87790078	
350.87913551	
350.88053715	
350.88220939	
350.88332455	
350.88423385	
350.88562083	
350.88692287	
350.88838387	
350.89009809	
350.89132066	
350.89193732	
350.89256388	
350.89346671	
350.89421217	
350.89505386	
350.89632006	
350.89741532	
350.89827564	
350.89893244	
350.89923705	
350.89984961	
350.90130342	
350.90287386	
350.90424180	
350.90556578	
350.90632509	
350.90711000	
350.90780238	
350.90836589	
350.90965221	
350.91049396	
350.91141543	
350.91304484	
350.91455733	
350.91568930	
350.91658608	
350.91739923	
350.91788819	
350.91845031	
350.91898503	
350.91978781	
350.92104977	
350.92240679	
350.92384406	
350.92456054	
350.92553669	
350.92668801	
350.92785717	
350.92901306	
350.92953615	
350.93024742	
350.93135537	
350.93268099	
350.93413863	
350.93514960	
350.93603492	
350.93678470	
350.93685736	
350.93760198	
350.93887108	
350.93972275	
350.94067485	
350.94217740	
350.94310296	
350.94380434	
350.94526354	
350.94632179	
350.94663647	
350.94705267	
350.94814724	
350.94929148	
350.95031260	
350.95107480	
350.95165383	
350.95222782	
350.95258551	
350.95353375	
350.95504249	
350.95611241	
350.95728007	
350.95864236	
350.95976244	
350.96118834	
350.96240297	
350.96319559	
350.96387400	
350.96453749	
350.96577913	
350.96736018	
350.96831342	
