288.00052713	
288.00052692	
288.00052671	
288.00052650	
288.00052629	
288.00052607	
288.00052586	
288.00052565	
288.00052544	
288.00052523	
288.00052502	
288.00052481	
288.00052460	
288.00052439	
288.00052418	
288.00052397	
288.00052376	
288.00052356	
288.00052335	
288.00052314	
288.00052293	
288.00052272	
288.00052251	
288.00052230	
288.00052209	
288.00052188	
288.00052167	
288.00052146	
288.00052126	
288.00052105	
288.00052084	
288.00052063	
288.00052042	
288.00052021	
288.00052001	
288.00051980	
288.00051959	
288.00051938	
288.00051918	
288.00051897	
288.00051876	
288.00051855	
288.00051834	
288.00051814	
288.00051793	
288.00051772	
288.00051752	
288.00051731	
288.00051710	
288.00051690	
288.00051669	
288.00051648	
288.00051628	
288.00051607	
288.00051586	
288.00051566	
288.00051545	
288.00051524	
288.00051504	
288.00051483	
288.00051463	
288.00051442	
288.00051421	
288.00051401	
288.00051380	
288.00051360	
288.00051339	
288.00051319	
288.00051298	
288.00051278	
288.00051257	
288.00051237	
288.00051216	
288.00051196	
288.00051175	
288.00051155	
288.00051134	
288.00051114	
288.00051093	
288.00051073	
288.00051052	
288.00051032	
288.00051012	
288.00050991	
288.00050971	
288.00050950	
288.00050930	
288.00050910	
288.00050889	
288.00050869	
288.00050849	
288.00050828	
288.00050808	
288.00050788	
288.00050767	
288.00050747	
288.00050727	
288.00050706	
288.00050686	
288.00050666	
288.00050646	
288.00050625	
288.00050605	
288.00050585	
288.00050565	
288.00050544	
288.00050524	
288.00050504	
288.00050484	
288.00050463	
288.00050443	
288.00050423	
288.00050403	
288.00050383	
288.00050363	
288.00050343	
288.00050322	
288.00050302	
288.00050282	
288.00050262	
288.00050242	
288.00050222	
288.00050202	
288.00050182	
288.00050162	
288.00050141	
288.00050121	
288.00050101	
288.00050081	
288.00050061	
288.00050041	
288.00050021	
288.00050001	
288.00049981	
288.00049961	
288.00049941	
288.00049921	
288.00049901	
288.00049881	
288.00049861	
288.00049841	
288.00049822	
288.00049802	
288.00049782	
288.00049762	
288.00049742	
288.00049722	
288.00049702	
288.00049682	
288.00049662	
288.00049642	
288.00049623	
288.00049603	
288.00049583	
288.00049563	
288.00049543	
288.00049523	
288.00049504	
288.00049484	
288.00049464	
288.00049444	
288.00049424	
288.00049405	
288.00049385	
288.00049365	
288.00049345	
288.00049326	
288.00049306	
288.00049286	
288.00049267	
288.00049247	
288.00049227	
288.00049207	
288.00049188	
288.00049168	
288.00049148	
288.00049129	
288.00049109	
288.00049089	
288.00049070	
288.00049050	
288.00049031	
288.00049011	
288.00048991	
288.00048972	
288.00048952	
288.00048933	
288.00048913	
288.00048893	
288.00048874	
288.00048854	
288.00048835	
288.00048815	
288.00048796	
288.00048776	
288.00048757	
288.00048737	
288.00048718	
288.00048698	
288.00048679	
288.00048659	
288.00048640	
288.00048620	
288.00048601	
288.00048581	
288.00048562	
288.00048543	
288.00048523	
288.00048504	
288.00048484	
288.00048465	
288.00048446	
288.00048426	
288.00048407	
288.00048388	
288.00048368	
288.00048349	
288.00048329	
288.00048310	
288.00048291	
288.00048272	
288.00048252	
288.00048233	
288.00048214	
288.00048194	
288.00048175	
288.00048156	
288.00048137	
288.00048117	
288.00048098	
288.00048079	
288.00048060	
288.00048040	
288.00048021	
288.00048002	
288.00047983	
288.00047963	
288.00047944	
288.00047925	
288.00047906	
288.00047887	
288.00047868	
288.00047848	
288.00047829	
288.00047810	
288.00047791	
288.00047772	
288.00047753	
288.00047734	
288.00047715	
288.00047696	
288.00047677	
288.00047657	
288.00047638	
288.00047619	
288.00047600	
288.00047581	
288.00047562	
288.00047543	
288.00047524	
288.00047505	
288.00047486	
288.00047467	
288.00047448	
288.00047429	
288.00047410	
288.00047391	
288.00047372	
288.00047353	
288.00047334	
288.00047315	
288.00047297	
288.00047278	
288.00047259	
288.00047240	
288.00047221	
288.00047202	
288.00047183	
288.00047164	
288.00047145	
288.00047127	
288.00047108	
288.00047089	
288.00047070	
288.00047051	
288.00047032	
288.00047014	
288.00046995	
288.00046976	
288.00046957	
288.00046938	
288.00046920	
288.00046901	
288.00046882	
288.00046863	
288.00046845	
288.00046826	
288.00046807	
288.00046788	
288.00046770	
288.00046751	
288.00046732	
288.00046714	
288.00046695	
288.00046676	
288.00046658	
288.00046639	
288.00046620	
288.00046602	
288.00046583	
288.00046564	
288.00046546	
288.00046527	
288.00046508	
288.00046490	
288.00046471	
288.00046453	
288.00046434	
288.00046416	
288.00046397	
288.00046378	
288.00046360	
288.00046341	
288.00046323	
288.00046304	
288.00046286	
288.00046267	
288.00046249	
288.00046230	
288.00046212	
288.00046193	
288.00046175	
288.00046156	
288.00046138	
288.00046119	
288.00046101	
288.00046082	
288.00046064	
288.00046046	
288.00046027	
288.00046009	
288.00045990	
288.00045972	
288.00045954	
288.00045935	
288.00045917	
288.00045898	
288.00045880	
288.00045862	
288.00045843	
288.00045825	
288.00045807	
288.00045788	
288.00045770	
288.00045752	
288.00045733	
288.00045715	
288.00045697	
288.00045679	
288.00045660	
288.00045642	
288.00045624	
288.00045606	
288.00045587	
288.00045569	
288.00045551	
288.00045533	
288.00045514	
288.00045496	
288.00045478	
288.00045460	
288.00045442	
288.00045423	
288.00045405	
288.00045387	
288.00045369	
288.00045351	
288.00045333	
288.00045315	
288.00045296	
288.00045278	
288.00045260	
288.00045242	
288.00045224	
288.00045206	
288.00045188	
288.00045170	
288.00045152	
288.00045134	
288.00045116	
288.00045098	
288.00045080	
288.00045061	
288.00045043	
288.00045025	
288.00045007	
288.00044989	
288.00044971	
288.00044953	
288.00044935	
288.00044917	
288.00044900	
288.00044882	
288.00044864	
288.00044846	
288.00044828	
288.00044810	
288.00044792	
288.00044774	
288.00044756	
288.00044738	
288.00044720	
288.00044702	
288.00044684	
288.00044667	
288.00044649	
288.00044631	
288.00044613	
288.00044595	
288.00044577	
288.00044560	
288.00044542	
288.00044524	
288.00044506	
288.00044488	
288.00044470	
288.00044453	
288.00044435	
288.00044417	
288.00044399	
288.00044382	
288.00044364	
288.00044346	
288.00044328	
288.00044311	
288.00044293	
288.00044275	
288.00044257	
288.00044240	
288.00044222	
288.00044204	
288.00044187	
288.00044169	
288.00044151	
288.00044134	
288.00044116	
288.00044098	
288.00044081	
288.00044063	
288.00044045	
288.00044028	
288.00044010	
288.00043993	
288.00043975	
288.00043957	
288.00043940	
288.00043922	
288.00043905	
288.00043887	
288.00043870	
288.00043852	
288.00043835	
288.00043817	
288.00043799	
288.00043782	
288.00043764	
288.00043747	
288.00043729	
288.00043712	
288.00043694	
288.00043677	
288.00043660	
288.00043642	
288.00043625	
288.00043607	
288.00043590	
288.00043572	
288.00043555	
288.00043537	
288.00043520	
288.00043503	
288.00043485	
288.00043468	
288.00043450	
288.00043433	
288.00043416	
288.00043398	
288.00043381	
288.00043364	
288.00043346	
288.00043329	
288.00043312	
288.00043294	
288.00043277	
288.00043260	
288.00043242	
288.00043225	
288.00043208	
288.00043190	
288.00043173	
288.00043156	
288.00043139	
288.00043121	
288.00043104	
288.00043087	
288.00043070	
288.00043052	
288.00043035	
288.00043018	
288.00043001	
288.00042984	
288.00042966	
288.00042949	
288.00042932	
288.00042915	
288.00042898	
288.00042881	
288.00042863	
288.00042846	
288.00042829	
288.00042812	
288.00042795	
288.00042778	
288.00042761	
288.00042743	
288.00042726	
288.00042709	
288.00042692	
288.00042675	
288.00042658	
288.00042641	
288.00042624	
288.00042607	
288.00042590	
288.00042573	
288.00042556	
288.00042539	
288.00042522	
288.00042505	
288.00042488	
288.00042471	
288.00042454	
288.00042437	
288.00042420	
288.00042403	
288.00042386	
288.00042369	
288.00042352	
288.00042335	
288.00042318	
288.00042301	
288.00042284	
288.00042267	
288.00042250	
288.00042234	
288.00042217	
288.00042200	
288.00042183	
288.00042166	
288.00042149	
288.00042132	
288.00042115	
288.00042099	
288.00042082	
288.00042065	
288.00042048	
288.00042031	
288.00042014	
288.00041998	
288.00041981	
288.00041964	
288.00041947	
288.00041930	
288.00041914	
288.00041897	
288.00041880	
288.00041863	
288.00041847	
288.00041830	
288.00041813	
288.00041796	
288.00041780	
288.00041763	
288.00041746	
288.00041730	
288.00041713	
288.00041696	
288.00041680	
288.00041663	
288.00041646	
288.00041630	
288.00041613	
288.00041596	
288.00041580	
288.00041563	
288.00041546	
288.00041530	
288.00041513	
288.00041497	
288.00041480	
288.00041463	
288.00041447	
288.00041430	
288.00041414	
288.00041397	
288.00041381	
288.00041364	
288.00041347	
288.00041331	
288.00041314	
288.00041298	
288.00041281	
288.00041265	
288.00041248	
288.00041232	
288.00041215	
288.00041199	
288.00041182	
288.00041166	
288.00041149	
288.00041133	
288.00041116	
288.00041100	
288.00041084	
288.00041067	
288.00041051	
288.00041034	
288.00041018	
288.00041002	
288.00040985	
288.00040969	
288.00040952	
288.00040936	
288.00040920	
288.00040903	
288.00040887	
288.00040870	
288.00040854	
288.00040838	
288.00040821	
288.00040805	
288.00040789	
288.00040772	
288.00040756	
288.00040740	
288.00040724	
288.00040707	
288.00040691	
288.00040675	
288.00040658	
288.00040642	
288.00040626	
288.00040610	
288.00040593	
288.00040577	
288.00040561	
288.00040545	
288.00040529	
288.00040512	
288.00040496	
288.00040480	
288.00040464	
288.00040448	
288.00040431	
288.00040415	
288.00040399	
288.00040383	
288.00040367	
288.00040351	
288.00040334	
288.00040318	
288.00040302	
288.00040286	
288.00040270	
288.00040254	
288.00040238	
288.00040222	
288.00040206	
288.00040189	
288.00040173	
288.00040157	
288.00040141	
288.00040125	
288.00040109	
288.00040093	
288.00040077	
288.00040061	
288.00040045	
288.00040029	
288.00040013	
288.00039997	
288.00039981	
288.00039965	
288.00039949	
288.00039933	
288.00039917	
288.00039901	
288.00039885	
288.00039869	
288.00039853	
288.00039837	
288.00039821	
288.00039805	
288.00039789	
288.00039774	
288.00039758	
288.00039742	
288.00039726	
288.00039710	
288.00039694	
288.00039678	
288.00039662	
288.00039646	
288.00039631	
288.00039615	
288.00039599	
288.00039583	
288.00039567	
288.00039551	
288.00039536	
288.00039520	
288.00039504	
288.00039488	
288.00039472	
288.00039457	
288.00039441	
288.00039425	
288.00039409	
288.00039393	
288.00039378	
288.00039362	
288.00039346	
288.00039331	
288.00039315	
288.00039299	
288.00039283	
288.00039268	
288.00039252	
288.00039236	
288.00039221	
288.00039205	
288.00039189	
288.00039173	
288.00039158	
288.00039142	
288.00039126	
288.00039111	
288.00039095	
288.00039080	
288.00039064	
288.00039048	
288.00039033	
288.00039017	
288.00039001	
288.00038986	
288.00038970	
288.00038955	
288.00038939	
288.00038924	
288.00038908	
288.00038892	
288.00038877	
288.00038861	
288.00038846	
288.00038830	
288.00038815	
288.00038799	
288.00038784	
288.00038768	
288.00038753	
288.00038737	
288.00038722	
288.00038706	
288.00038691	
288.00038675	
288.00038660	
288.00038644	
288.00038629	
288.00038613	
288.00038598	
288.00038582	
288.00038567	
288.00038552	
288.00038536	
288.00038521	
288.00038505	
288.00038490	
288.00038475	
288.00038459	
288.00038444	
288.00038428	
288.00038413	
288.00038398	
288.00038382	
288.00038367	
288.00038352	
288.00038336	
288.00038321	
288.00038306	
288.00038290	
288.00038275	
288.00038260	
288.00038244	
288.00038229	
288.00038214	
288.00038198	
288.00038183	
288.00038168	
288.00038153	
288.00038137	
288.00038122	
288.00038107	
288.00038092	
288.00038076	
288.00038061	
288.00038046	
288.00038031	
288.00038015	
288.00038000	
288.00037985	
288.00037970	
288.00037955	
288.00037940	
288.00037924	
288.00037909	
288.00037894	
288.00037879	
288.00037864	
288.00037849	
288.00037833	
288.00037818	
288.00037803	
288.00037788	
288.00037773	
288.00037758	
288.00037743	
288.00037728	
288.00037713	
288.00037697	
288.00037682	
288.00037667	
288.00037652	
288.00037637	
288.00037622	
288.00037607	
288.00037592	
288.00037577	
288.00037562	
288.00037547	
288.00037532	
288.00037517	
288.00037502	
288.00037487	
288.00037472	
288.00037457	
288.00037442	
288.00037427	
288.00037412	
288.00037397	
288.00037382	
288.00037367	
288.00037352	
288.00037337	
288.00037322	
288.00037307	
288.00037292	
288.00037277	
288.00037263	
288.00037248	
288.00037233	
288.00037218	
288.00037203	
288.00037188	
288.00037173	
288.00037158	
288.00037144	
288.00037129	
288.00037114	
288.00037099	
288.00037084	
288.00037069	
288.00037054	
288.00037040	
288.00037025	
288.00037010	
288.00036995	
288.00036980	
288.00036966	
288.00036951	
288.00036936	
288.00036921	
288.00036907	
288.00036892	
288.00036877	
288.00036862	
288.00036847	
288.00036833	
288.00036818	
288.00036803	
288.00036789	
288.00036774	
288.00036759	
288.00036744	
288.00036730	
288.00036715	
288.00036700	
288.00036686	
288.00036671	
288.00036656	
288.00036642	
288.00036627	
288.00036612	
288.00036598	
288.00036583	
288.00036568	
288.00036554	
288.00036539	
288.00036525	
288.00036510	
288.00036495	
288.00036481	
288.00036466	
288.00036452	
288.00036437	
288.00036422	
288.00036408	
288.00036393	
288.00036379	
288.00036364	
288.00036350	
288.00036335	
288.00036321	
288.00036306	
288.00036292	
288.00036277	
288.00036263	
288.00036248	
288.00036233	
288.00036219	
288.00036205	
288.00036190	
288.00036176	
288.00036161	
288.00036147	
288.00036132	
288.00036118	
288.00036103	
288.00036089	
288.00036074	
288.00036060	
288.00036046	
288.00036031	
288.00036017	
288.00036002	
288.00035988	
288.00035974	
288.00035959	
288.00035945	
288.00035930	
288.00035916	
288.00035902	
288.00035887	
288.00035873	
288.00035859	
288.00035844	
288.00035830	
288.00035816	
288.00035801	
288.00035787	
288.00035773	
288.00035758	
288.00035744	
288.00035730	
288.00035715	
288.00035701	
288.00035687	
288.00035673	
288.00035658	
288.00035644	
288.00035630	
288.00035615	
288.00035601	
288.00035587	
288.00035573	
288.00035559	
288.00035544	
288.00035530	
288.00035516	
288.00035502	
288.00035487	
288.00035473	
288.00035459	
288.00035445	
288.00035431	
288.00035417	
288.00035402	
288.00035388	
288.00035374	
288.00035360	
288.00035346	
288.00035332	
288.00035318	
288.00035303	
288.00035289	
288.00035275	
288.00035261	
288.00035247	
288.00035233	
288.00035219	
288.00035205	
288.00035191	
288.00035176	
288.00035162	
288.00035148	
288.00035134	
288.00035120	
288.00035106	
288.00035092	
288.00035078	
288.00035064	
288.00035050	
288.00035036	
288.00035022	
288.00035008	
288.00034994	
288.00034980	
288.00034966	
288.00034952	
288.00034938	
288.00034924	
288.00034910	
288.00034896	
288.00034882	
288.00034868	
288.00034854	
288.00034840	
288.00034826	
288.00034812	
288.00034799	
288.00034785	
288.00034771	
288.00034757	
288.00034743	
288.00034729	
288.00034715	
288.00034701	
288.00034687	
288.00034673	
288.00034660	
288.00034646	
288.00034632	
288.00034618	
288.00034604	
288.00034590	
288.00034577	
288.00034563	
288.00034549	
288.00034535	
288.00034521	
288.00034507	
288.00034494	
288.00034480	
288.00034466	
288.00034452	
288.00034438	
288.00034425	
288.00034411	
288.00034397	
288.00034383	
288.00034370	
288.00034356	
288.00034342	
288.00034328	
288.00034315	
288.00034301	
288.00034287	
288.00034274	
288.00034260	
288.00034246	
288.00034232	
288.00034219	
288.00034205	
288.00034191	
288.00034178	
288.00034164	
288.00034150	
288.00034137	
288.00034123	
288.00034109	
288.00034096	
288.00034082	
288.00034068	
288.00034055	
288.00034041	
288.00034028	
288.00034014	
288.00034000	
288.00033987	
288.00033973	
288.00033960	
288.00033946	
288.00033932	
288.00033919	
288.00033905	
288.00033892	
288.00033878	
288.00033865	
288.00033851	
288.00033838	
288.00033824	
288.00033810	
288.00033797	
288.00033783	
288.00033770	
288.00033756	
288.00033743	
288.00033729	
288.00033716	
288.00033702	
288.00033689	
288.00033675	
288.00033662	
288.00033649	
288.00033635	
288.00033622	
288.00033608	
288.00033595	
288.00033581	
288.00033568	
288.00033554	
288.00033541	
288.00033528	
288.00033514	
288.00033501	
288.00033487	
288.00033474	
288.00033461	
288.00033447	
288.00033434	
288.00033420	
288.00033407	
288.00033394	
288.00033380	
288.00033367	
288.00033354	
288.00033340	
288.00033327	
288.00033314	
288.00033300	
288.00033287	
288.00033274	
288.00033260	
288.00033247	
288.00033234	
288.00033220	
288.00033207	
288.00033194	
288.00033181	
288.00033167	
288.00033154	
288.00033141	
288.00033128	
288.00033114	
288.00033101	
288.00033088	
288.00033075	
288.00033061	
288.00033048	
288.00033035	
288.00033022	
288.00033009	
288.00032995	
288.00032982	
288.00032969	
288.00032956	
288.00032943	
288.00032929	
288.00032916	
288.00032903	
288.00032890	
288.00032877	
288.00032864	
288.00032850	
288.00032837	
288.00032824	
288.00032811	
288.00032798	
288.00032785	
288.00032772	
288.00032759	
288.00032745	
288.00032732	
288.00032719	
288.00032706	
288.00032693	
288.00032680	
288.00032667	
288.00032654	
288.00032641	
288.00032628	
288.00032615	
288.00032602	
288.00032589	
288.00032576	
288.00032563	
288.00032550	
288.00032536	
288.00032523	
288.00032510	
288.00032497	
288.00032484	
288.00032471	
288.00032458	
288.00032446	
288.00032433	
288.00032420	
288.00032407	
288.00032394	
288.00032381	
288.00032368	
288.00032355	
288.00032342	
288.00032329	
288.00032316	
288.00032303	
288.00032290	
288.00032277	
288.00032264	
288.00032251	
288.00032238	
288.00032226	
288.00032213	
288.00032200	
288.00032187	
288.00032174	
288.00032161	
288.00032148	
288.00032135	
288.00032123	
288.00032110	
288.00032097	
288.00032084	
288.00032071	
288.00032058	
288.00032046	
288.00032033	
288.00032020	
288.00032007	
288.00031994	
288.00031982	
288.00031969	
288.00031956	
288.00031943	
288.00031930	
288.00031918	
288.00031905	
288.00031892	
288.00031879	
288.00031867	
288.00031854	
288.00031841	
288.00031828	
288.00031816	
288.00031803	
288.00031790	
288.00031777	
288.00031765	
288.00031752	
288.00031739	
288.00031727	
288.00031714	
288.00031701	
288.00031689	
288.00031676	
288.00031663	
288.00031651	
288.00031638	
288.00031625	
288.00031613	
288.00031600	
288.00031587	
288.00031575	
288.00031562	
288.00031549	
288.00031537	
288.00031524	
288.00031512	
288.00031499	
288.00031486	
288.00031474	
288.00031461	
288.00031449	
288.00031436	
288.00031423	
288.00031411	
288.00031398	
288.00031386	
288.00031373	
288.00031361	
288.00031348	
288.00031336	
288.00031323	
288.00031311	
288.00031298	
288.00031285	
288.00031273	
288.00031260	
288.00031248	
288.00031235	
288.00031223	
288.00031210	
288.00031198	
288.00031186	
288.00031173	
288.00031161	
288.00031148	
288.00031136	
288.00031123	
288.00031111	
288.00031098	
288.00031086	
288.00031073	
288.00031061	
288.00031049	
288.00031036	
288.00031024	
288.00031011	
288.00030999	
288.00030987	
288.00030974	
288.00030962	
288.00030949	
288.00030937	
288.00030925	
288.00030912	
288.00030900	
288.00030888	
288.00030875	
288.00030863	
288.00030850	
288.00030838	
288.00030826	
288.00030813	
288.00030801	
288.00030789	
288.00030776	
288.00030764	
288.00030752	
288.00030740	
288.00030727	
288.00030715	
288.00030703	
288.00030690	
288.00030678	
288.00030666	
288.00030654	
288.00030641	
288.00030629	
288.00030617	
288.00030605	
288.00030592	
288.00030580	
288.00030568	
288.00030556	
288.00030543	
288.00030531	
288.00030519	
288.00030507	
288.00030495	
288.00030482	
288.00030470	
288.00030458	
288.00030446	
288.00030434	
288.00030421	
288.00030409	
288.00030397	
288.00030385	
288.00030373	
288.00030361	
288.00030349	
288.00030336	
288.00030324	
288.00030312	
288.00030300	
288.00030288	
288.00030276	
288.00030264	
288.00030252	
288.00030239	
288.00030227	
288.00030215	
288.00030203	
288.00030191	
288.00030179	
288.00030167	
288.00030155	
288.00030143	
288.00030131	
288.00030119	
288.00030107	
288.00030095	
288.00030083	
288.00030071	
288.00030059	
288.00030047	
288.00030034	
288.00030022	
288.00030010	
288.00029998	
288.00029986	
288.00029974	
288.00029962	
288.00029950	
288.00029939	
288.00029927	
288.00029915	
288.00029903	
288.00029891	
288.00029879	
288.00029867	
288.00029855	
288.00029843	
288.00029831	
288.00029819	
288.00029807	
288.00029795	
288.00029783	
288.00029771	
288.00029759	
288.00029747	
288.00029736	
288.00029724	
288.00029712	
288.00029700	
288.00029688	
288.00029676	
288.00029664	
288.00029652	
288.00029641	
288.00029629	
288.00029617	
288.00029605	
288.00029593	
288.00029581	
288.00029569	
288.00029558	
288.00029546	
288.00029534	
288.00029522	
288.00029510	
288.00029499	
288.00029487	
288.00029475	
288.00029463	
288.00029451	
288.00029440	
288.00029428	
288.00029416	
288.00029404	
288.00029393	
288.00029381	
288.00029369	
288.00029357	
288.00029346	
288.00029334	
288.00029322	
288.00029310	
288.00029299	
288.00029287	
288.00029275	
288.00029264	
288.00029252	
288.00029240	
288.00029228	
288.00029217	
288.00029205	
288.00029193	
288.00029182	
288.00029170	
288.00029158	
288.00029147	
288.00029135	
288.00029123	
288.00029112	
288.00029100	
288.00029088	
288.00029077	
288.00029065	
288.00029054	
288.00029042	
288.00029030	
288.00029019	
288.00029007	
288.00028995	
288.00028984	
288.00028972	
288.00028961	
288.00028949	
288.00028938	
288.00028926	
288.00028914	
288.00028903	
288.00028891	
288.00028880	
288.00028868	
288.00028857	
288.00028845	
288.00028834	
288.00028822	
288.00028810	
288.00028799	
288.00028787	
288.00028776	
288.00028764	
288.00028753	
288.00028741	
288.00028730	
288.00028718	
288.00028707	
288.00028695	
288.00028684	
288.00028672	
288.00028661	
288.00028650	
288.00028638	
288.00028627	
288.00028615	
288.00028604	
288.00028592	
288.00028581	
288.00028569	
288.00028558	
288.00028547	
288.00028535	
288.00028524	
288.00028512	
288.00028501	
288.00028490	
288.00028478	
288.00028467	
288.00028455	
288.00028444	
288.00028433	
288.00028421	
288.00028410	
288.00028398	
288.00028387	
288.00028376	
288.00028364	
288.00028353	
288.00028342	
288.00028330	
288.00028319	
288.00028308	
288.00028296	
288.00028285	
288.00028274	
288.00028262	
288.00028251	
288.00028240	
288.00028229	
288.00028217	
288.00028206	
288.00028195	
288.00028183	
288.00028172	
288.00028161	
288.00028150	
288.00028138	
288.00028127	
288.00028116	
288.00028105	
288.00028093	
288.00028082	
288.00028071	
288.00028060	
288.00028048	
288.00028037	
288.00028026	
288.00028015	
288.00028004	
288.00027992	
288.00027981	
288.00027970	
288.00027959	
288.00027948	
288.00027936	
288.00027925	
288.00027914	
288.00027903	
288.00027892	
288.00027881	
288.00027869	
288.00027858	
288.00027847	
288.00027836	
288.00027825	
288.00027814	
288.00027803	
288.00027792	
288.00027780	
288.00027769	
288.00027758	
288.00027747	
288.00027736	
288.00027725	
288.00027714	
288.00027703	
288.00027692	
288.00027681	
288.00027669	
288.00027658	
288.00027647	
288.00027636	
288.00027625	
288.00027614	
288.00027603	
288.00027592	
288.00027581	
288.00027570	
288.00027559	
288.00027548	
288.00027537	
288.00027526	
288.00027515	
288.00027504	
288.00027493	
288.00027482	
288.00027471	
288.00027460	
288.00027449	
288.00027438	
288.00027427	
288.00027416	
288.00027405	
288.00027394	
288.00027383	
288.00027372	
288.00027361	
288.00027350	
288.00027339	
288.00027328	
288.00027317	
288.00027307	
288.00027296	
288.00027285	
288.00027274	
288.00027263	
288.00027252	
288.00027241	
288.00027230	
288.00027219	
288.00027208	
288.00027198	
288.00027187	
288.00027176	
288.00027165	
288.00027154	
288.00027143	
288.00027132	
288.00027121	
288.00027111	
288.00027100	
288.00027089	
288.00027078	
288.00027067	
288.00027056	
288.00027046	
288.00027035	
288.00027024	
288.00027013	
288.00027002	
288.00026992	
288.00026981	
288.00026970	
288.00026959	
288.00026948	
288.00026938	
288.00026927	
288.00026916	
288.00026905	
288.00026895	
288.00026884	
288.00026873	
288.00026862	
288.00026852	
288.00026841	
288.00026830	
288.00026819	
288.00026809	
288.00026798	
288.00026787	
288.00026776	
288.00026766	
288.00026755	
288.00026744	
288.00026734	
288.00026723	
288.00026712	
288.00026702	
288.00026691	
288.00026680	
288.00026670	
288.00026659	
288.00026648	
288.00026638	
288.00026627	
288.00026616	
288.00026606	
288.00026595	
288.00026584	
288.00026574	
288.00026563	
288.00026552	
288.00026542	
288.00026531	
288.00026521	
288.00026510	
288.00026499	
288.00026489	
288.00026478	
288.00026468	
288.00026457	
288.00026446	
288.00026436	
288.00026425	
288.00026415	
288.00026404	
288.00026394	
288.00026383	
288.00026372	
288.00026362	
288.00026351	
288.00026341	
288.00026330	
288.00026320	
288.00026309	
288.00026299	
288.00026288	
288.00026278	
288.00026267	
288.00026257	
288.00026246	
288.00026236	
288.00026225	
288.00026215	
288.00026204	
288.00026194	
288.00026183	
288.00026173	
288.00026162	
288.00026152	
288.00026141	
288.00026131	
288.00026120	
288.00026110	
288.00026100	
288.00026089	
288.00026079	
288.00026068	
288.00026058	
288.00026047	
288.00026037	
288.00026027	
288.00026016	
288.00026006	
288.00025995	
288.00025985	
288.00025975	
288.00025964	
288.00025954	
288.00025943	
288.00025933	
288.00025923	
288.00025912	
288.00025902	
288.00025892	
288.00025881	
288.00025871	
288.00025860	
288.00025850	
288.00025840	
288.00025829	
288.00025819	
288.00025809	
288.00025798	
288.00025788	
288.00025778	
288.00025768	
288.00025757	
288.00025747	
288.00025737	
288.00025726	
288.00025716	
288.00025706	
288.00025695	
288.00025685	
288.00025675	
288.00025665	
288.00025654	
288.00025644	
288.00025634	
288.00025624	
288.00025613	
288.00025603	
288.00025593	
288.00025583	
288.00025572	
288.00025562	
288.00025552	
288.00025542	
288.00025532	
288.00025521	
288.00025511	
288.00025501	
288.00025491	
288.00025481	
288.00025470	
288.00025460	
288.00025450	
288.00025440	
288.00025430	
288.00025419	
288.00025409	
288.00025399	
288.00025389	
288.00025379	
288.00025369	
288.00025358	
288.00025348	
288.00025338	
288.00025328	
288.00025318	
288.00025308	
288.00025298	
288.00025288	
288.00025277	
288.00025267	
288.00025257	
288.00025247	
288.00025237	
288.00025227	
288.00025217	
288.00025207	
288.00025197	
288.00025187	
288.00025177	
288.00025166	
288.00025156	
288.00025146	
288.00025136	
288.00025126	
288.00025116	
288.00025106	
288.00025096	
288.00025086	
288.00025076	
288.00025066	
288.00025056	
288.00025046	
288.00025036	
288.00025026	
288.00025016	
288.00025006	
288.00024996	
288.00024986	
288.00024976	
288.00024966	
288.00024956	
288.00024946	
288.00024936	
288.00024926	
288.00024916	
288.00024906	
288.00024896	
288.00024886	
288.00024876	
288.00024866	
288.00024856	
288.00024846	
288.00024836	
288.00024826	
288.00024816	
288.00024807	
288.00024797	
288.00024787	
288.00024777	
288.00024767	
288.00024757	
288.00024747	
288.00024737	
288.00024727	
288.00024717	
288.00024708	
288.00024698	
288.00024688	
288.00024678	
288.00024668	
288.00024658	
288.00024648	
288.00024638	
288.00024629	
288.00024619	
288.00024609	
288.00024599	
288.00024589	
288.00024579	
288.00024570	
288.00024560	
288.00024550	
288.00024540	
288.00024530	
288.00024520	
288.00024511	
288.00024501	
288.00024491	
288.00024481	
288.00024471	
288.00024462	
288.00024452	
288.00024442	
288.00024432	
288.00024423	
288.00024413	
288.00024403	
288.00024393	
288.00024383	
288.00024374	
288.00024364	
288.00024354	
288.00024344	
288.00024335	
288.00024325	
288.00024315	
288.00024306	
288.00024296	
288.00024286	
288.00024276	
288.00024267	
288.00024257	
288.00024247	
288.00024238	
288.00024228	
288.00024218	
288.00024208	
288.00024199	
288.00024189	
288.00024179	
288.00024170	
288.00024160	
288.00024150	
288.00024141	
288.00024131	
288.00024121	
288.00024112	
288.00024102	
288.00024093	
288.00024083	
288.00024073	
288.00024064	
288.00024054	
288.00024044	
288.00024035	
288.00024025	
288.00024016	
288.00024006	
288.00023996	
288.00023987	
288.00023977	
288.00023968	
288.00023958	
288.00023948	
288.00023939	
288.00023929	
288.00023920	
288.00023910	
288.00023901	
288.00023891	
288.00023881	
288.00023872	
288.00023862	
288.00023853	
288.00023843	
288.00023834	
288.00023824	
288.00023815	
288.00023805	
288.00023796	
288.00023786	
288.00023777	
288.00023767	
288.00023758	
288.00023748	
288.00023739	
288.00023729	
288.00023720	
288.00023710	
288.00023701	
288.00023691	
288.00023682	
288.00023672	
288.00023663	
288.00023653	
288.00023644	
288.00023634	
288.00023625	
288.00023615	
288.00023606	
288.00023596	
288.00023587	
288.00023578	
288.00023568	
288.00023559	
288.00023549	
288.00023540	
288.00023531	
288.00023521	
288.00023512	
288.00023502	
288.00023493	
288.00023483	
288.00023474	
288.00023465	
288.00023455	
288.00023446	
288.00023437	
288.00023427	
288.00023418	
288.00023408	
288.00023399	
288.00023390	
288.00023380	
288.00023371	
288.00023362	
288.00023352	
288.00023343	
288.00023334	
288.00023324	
288.00023315	
288.00023306	
288.00023296	
288.00023287	
288.00023278	
288.00023268	
288.00023259	
288.00023250	
288.00023240	
288.00023231	
288.00023222	
288.00023213	
288.00023203	
288.00023194	
288.00023185	
288.00023175	
288.00023166	
288.00023157	
288.00023148	
288.00023138	
288.00023129	
288.00023120	
288.00023111	
288.00023101	
288.00023092	
288.00023083	
288.00023074	
288.00023064	
288.00023055	
288.00023046	
288.00023037	
288.00023028	
288.00023018	
288.00023009	
288.00023000	
288.00022991	
288.00022982	
288.00022972	
288.00022963	
288.00022954	
288.00022945	
288.00022936	
288.00022926	
288.00022917	
288.00022908	
288.00022899	
288.00022890	
288.00022881	
288.00022872	
288.00022862	
288.00022853	
288.00022844	
288.00022835	
288.00022826	
288.00022817	
288.00022808	
288.00022798	
288.00022789	
288.00022780	
288.00022771	
288.00022762	
288.00022753	
288.00022744	
288.00022735	
288.00022726	
288.00022716	
288.00022707	
288.00022698	
288.00022689	
288.00022680	
288.00022671	
288.00022662	
288.00022653	
288.00022644	
288.00022635	
288.00022626	
288.00022617	
288.00022608	
288.00022599	
288.00022590	
288.00022581	
288.00022572	
288.00022563	
288.00022553	
288.00022544	
288.00022535	
288.00022526	
288.00022517	
288.00022508	
288.00022499	
288.00022490	
288.00022481	
288.00022472	
288.00022463	
288.00022454	
288.00022445	
288.00022436	
288.00022428	
288.00022419	
288.00022410	
288.00022401	
288.00022392	
288.00022383	
288.00022374	
288.00022365	
288.00022356	
288.00022347	
288.00022338	
288.00022329	
288.00022320	
288.00022311	
288.00022302	
288.00022293	
288.00022284	
288.00022275	
288.00022267	
288.00022258	
288.00022249	
288.00022240	
288.00022231	
288.00022222	
288.00022213	
288.00022204	
288.00022195	
288.00022187	
288.00022178	
288.00022169	
288.00022160	
288.00022151	
288.00022142	
288.00022133	
288.00022124	
288.00022116	
288.00022107	
288.00022098	
288.00022089	
288.00022080	
288.00022071	
288.00022063	
288.00022054	
288.00022045	
288.00022036	
288.00022027	
288.00022019	
288.00022010	
288.00022001	
288.00021992	
288.00021983	
288.00021975	
288.00021966	
288.00021957	
288.00021948	
288.00021939	
288.00021931	
288.00021922	
288.00021913	
288.00021904	
288.00021896	
288.00021887	
288.00021878	
288.00021869	
288.00021861	
288.00021852	
288.00021843	
288.00021834	
288.00021826	
288.00021817	
288.00021808	
288.00021799	
288.00021791	
288.00021782	
288.00021773	
288.00021765	
288.00021756	
288.00021747	
288.00021738	
288.00021730	
288.00021721	
288.00021712	
288.00021704	
288.00021695	
288.00021686	
288.00021678	
288.00021669	
288.00021660	
288.00021652	
288.00021643	
288.00021634	
288.00021626	
288.00021617	
288.00021608	
288.00021600	
288.00021591	
288.00021582	
288.00021574	
288.00021565	
288.00021557	
288.00021548	
288.00021539	
288.00021531	
288.00021522	
288.00021513	
288.00021505	
288.00021496	
288.00021488	
288.00021479	
288.00021470	
288.00021462	
288.00021453	
288.00021445	
288.00021436	
288.00021428	
288.00021419	
288.00021410	
288.00021402	
288.00021393	
288.00021385	
288.00021376	
288.00021368	
288.00021359	
288.00021351	
288.00021342	
288.00021333	
288.00021325	
288.00021316	
288.00021308	
288.00021299	
288.00021291	
288.00021282	
288.00021274	
288.00021265	
288.00021257	
288.00021248	
288.00021240	
288.00021231	
288.00021223	
288.00021214	
288.00021206	
288.00021197	
288.00021189	
288.00021180	
288.00021172	
288.00021163	
288.00021155	
288.00021147	
288.00021138	
288.00021130	
288.00021121	
288.00021113	
288.00021104	
288.00021096	
288.00021087	
288.00021079	
288.00021071	
288.00021062	
288.00021054	
288.00021045	
288.00021037	
288.00021028	
288.00021020	
288.00021012	
288.00021003	
288.00020995	
288.00020986	
288.00020978	
288.00020970	
288.00020961	
288.00020953	
288.00020944	
288.00020936	
288.00020928	
288.00020919	
288.00020911	
288.00020903	
288.00020894	
288.00020886	
288.00020878	
288.00020869	
288.00020861	
288.00020852	
288.00020844	
288.00020836	
288.00020827	
288.00020819	
288.00020811	
288.00020802	
288.00020794	
288.00020786	
288.00020778	
288.00020769	
288.00020761	
288.00020753	
288.00020744	
288.00020736	
288.00020728	
288.00020719	
288.00020711	
288.00020703	
288.00020695	
288.00020686	
288.00020678	
288.00020670	
288.00020661	
288.00020653	
288.00020645	
288.00020637	
288.00020628	
288.00020620	
288.00020612	
288.00020604	
288.00020595	
288.00020587	
288.00020579	
288.00020571	
288.00020563	
288.00020554	
288.00020546	
288.00020538	
288.00020530	
288.00020521	
288.00020513	
288.00020505	
288.00020497	
288.00020489	
288.00020480	
288.00020472	
288.00020464	
288.00020456	
288.00020448	
288.00020440	
288.00020431	
288.00020423	
288.00020415	
288.00020407	
288.00020399	
288.00020390	
288.00020382	
288.00020374	
288.00020366	
288.00020358	
288.00020350	
288.00020342	
288.00020333	
288.00020325	
288.00020317	
288.00020309	
288.00020301	
288.00020293	
288.00020285	
288.00020277	
288.00020268	
288.00020260	
288.00020252	
288.00020244	
288.00020236	
288.00020228	
288.00020220	
288.00020212	
288.00020204	
288.00020196	
288.00020188	
288.00020179	
288.00020171	
288.00020163	
288.00020155	
288.00020147	
288.00020139	
288.00020131	
288.00020123	
288.00020115	
288.00020107	
288.00020099	
288.00020091	
288.00020083	
288.00020075	
288.00020067	
288.00020059	
288.00020051	
288.00020043	
288.00020035	
288.00020027	
288.00020019	
288.00020011	
288.00020003	
288.00019995	
288.00019987	
288.00019979	
288.00019971	
288.00019963	
288.00019955	
288.00019947	
288.00019939	
288.00019931	
288.00019923	
288.00019915	
288.00019907	
288.00019899	
288.00019891	
288.00019883	
288.00019875	
288.00019867	
288.00019859	
288.00019851	
288.00019843	
288.00019835	
288.00019827	
288.00019819	
288.00019812	
288.00019804	
288.00019796	
288.00019788	
288.00019780	
288.00019772	
288.00019764	
288.00019756	
288.00019748	
288.00019740	
288.00019732	
288.00019725	
288.00019717	
288.00019709	
288.00019701	
288.00019693	
288.00019685	
288.00019677	
288.00019669	
288.00019661	
288.00019654	
288.00019646	
288.00019638	
288.00019630	
288.00019622	
288.00019614	
288.00019607	
288.00019599	
288.00019591	
288.00019583	
288.00019575	
288.00019567	
288.00019559	
288.00019552	
288.00019544	
288.00019536	
288.00019528	
288.00019520	
288.00019513	
288.00019505	
288.00019497	
288.00019489	
288.00019481	
288.00019474	
288.00019466	
288.00019458	
288.00019450	
288.00019442	
288.00019435	
288.00019427	
288.00019419	
288.00019411	
288.00019404	
288.00019396	
288.00019388	
288.00019380	
288.00019373	
288.00019365	
288.00019357	
288.00019349	
288.00019342	
288.00019334	
288.00019326	
288.00019318	
288.00019311	
288.00019303	
288.00019295	
288.00019288	
288.00019280	
288.00019272	
288.00019264	
288.00019257	
288.00019249	
288.00019241	
288.00019234	
288.00019226	
288.00019218	
288.00019211	
288.00019203	
288.00019195	
288.00019187	
288.00019180	
288.00019172	
288.00019164	
288.00019157	
288.00019149	
288.00019141	
288.00019134	
288.00019126	
288.00019118	
288.00019111	
288.00019103	
288.00019096	
288.00019088	
288.00019080	
288.00019073	
288.00019065	
288.00019057	
288.00019050	
288.00019042	
288.00019035	
288.00019027	
288.00019019	
288.00019012	
288.00019004	
288.00018997	
288.00018989	
288.00018981	
288.00018974	
288.00018966	
288.00018959	
288.00018951	
288.00018943	
288.00018936	
288.00018928	
288.00018921	
288.00018913	
288.00018906	
288.00018898	
288.00018890	
288.00018883	
288.00018875	
288.00018868	
288.00018860	
288.00018853	
288.00018845	
288.00018838	
288.00018830	
288.00018823	
288.00018815	
288.00018807	
288.00018800	
288.00018792	
288.00018785	
288.00018777	
288.00018770	
288.00018762	
288.00018755	
288.00018747	
288.00018740	
288.00018732	
288.00018725	
288.00018717	
288.00018710	
288.00018702	
288.00018695	
288.00018687	
288.00018680	
288.00018672	
288.00018665	
288.00018658	
288.00018650	
288.00018643	
288.00018635	
288.00018628	
288.00018620	
288.00018613	
288.00018605	
288.00018598	
288.00018590	
288.00018583	
288.00018576	
288.00018568	
288.00018561	
288.00018553	
288.00018546	
288.00018539	
288.00018531	
288.00018524	
288.00018516	
288.00018509	
288.00018501	
288.00018494	
288.00018487	
288.00018479	
288.00018472	
288.00018464	
288.00018457	
288.00018450	
288.00018442	
288.00018435	
288.00018428	
288.00018420	
288.00018413	
288.00018405	
288.00018398	
288.00018391	
288.00018383	
288.00018376	
288.00018369	
288.00018361	
288.00018354	
288.00018347	
288.00018339	
288.00018332	
288.00018325	
288.00018317	
288.00018310	
288.00018303	
288.00018295	
288.00018288	
288.00018281	
288.00018273	
288.00018266	
288.00018259	
288.00018251	
288.00018244	
288.00018237	
288.00018230	
288.00018222	
288.00018215	
288.00018208	
288.00018200	
288.00018193	
288.00018186	
288.00018179	
288.00018171	
288.00018164	
288.00018157	
288.00018150	
288.00018142	
288.00018135	
288.00018128	
288.00018121	
288.00018113	
288.00018106	
288.00018099	
288.00018092	
288.00018084	
288.00018077	
288.00018070	
288.00018063	
288.00018055	
288.00018048	
288.00018041	
288.00018034	
288.00018027	
288.00018019	
288.00018012	
288.00018005	
288.00017998	
288.00017991	
288.00017983	
288.00017976	
288.00017969	
288.00017962	
288.00017955	
288.00017947	
288.00017940	
288.00017933	
288.00017926	
288.00017919	
288.00017912	
288.00017904	
288.00017897	
288.00017890	
288.00017883	
288.00017876	
288.00017869	
288.00017861	
288.00017854	
288.00017847	
288.00017840	
288.00017833	
288.00017826	
288.00017819	
288.00017811	
288.00017804	
288.00017797	
288.00017790	
288.00017783	
288.00017776	
288.00017769	
288.00017762	
288.00017755	
288.00017747	
288.00017740	
288.00017733	
288.00017726	
288.00017719	
288.00017712	
288.00017705	
288.00017698	
288.00017691	
288.00017684	
288.00017677	
288.00017670	
288.00017662	
288.00017655	
288.00017648	
288.00017641	
288.00017634	
288.00017627	
288.00017620	
288.00017613	
288.00017606	
288.00017599	
288.00017592	
288.00017585	
288.00017578	
288.00017571	
288.00017564	
288.00017557	
288.00017550	
288.00017543	
288.00017536	
288.00017529	
288.00017522	
288.00017515	
288.00017508	
288.00017501	
288.00017494	
288.00017487	
288.00017480	
288.00017473	
288.00017466	
288.00017459	
288.00017452	
288.00017445	
288.00017438	
288.00017431	
288.00017424	
288.00017417	
288.00017410	
288.00017403	
288.00017396	
288.00017389	
288.00017382	
288.00017375	
288.00017368	
288.00017361	
288.00017354	
288.00017347	
288.00017340	
288.00017333	
288.00017326	
288.00017320	
288.00017313	
288.00017306	
288.00017299	
288.00017292	
288.00017285	
288.00017278	
288.00017271	
288.00017264	
288.00017257	
288.00017250	
288.00017244	
288.00017237	
288.00017230	
288.00017223	
288.00017216	
288.00017209	
288.00017202	
288.00017195	
288.00017188	
288.00017182	
288.00017175	
288.00017168	
288.00017161	
288.00017154	
288.00017147	
288.00017140	
288.00017133	
288.00017127	
288.00017120	
288.00017113	
288.00017106	
288.00017099	
288.00017092	
288.00017086	
288.00017079	
288.00017072	
288.00017065	
288.00017058	
288.00017051	
288.00017045	
288.00017038	
288.00017031	
288.00017024	
288.00017017	
288.00017011	
288.00017004	
288.00016997	
288.00016990	
288.00016983	
288.00016977	
288.00016970	
288.00016963	
288.00016956	
288.00016949	
288.00016943	
288.00016936	
288.00016929	
288.00016922	
288.00016916	
288.00016909	
288.00016902	
288.00016895	
288.00016888	
288.00016882	
288.00016875	
288.00016868	
288.00016861	
288.00016855	
288.00016848	
288.00016841	
288.00016835	
288.00016828	
288.00016821	
288.00016814	
288.00016808	
288.00016801	
288.00016794	
288.00016787	
288.00016781	
288.00016774	
288.00016767	
288.00016761	
288.00016754	
288.00016747	
288.00016740	
288.00016734	
288.00016727	
288.00016720	
288.00016714	
288.00016707	
288.00016700	
288.00016694	
288.00016687	
288.00016680	
288.00016674	
288.00016667	
288.00016660	
288.00016654	
288.00016647	
288.00016640	
288.00016634	
288.00016627	
288.00016620	
288.00016614	
288.00016607	
288.00016600	
288.00016594	
288.00016587	
288.00016581	
288.00016574	
288.00016567	
288.00016561	
288.00016554	
288.00016547	
288.00016541	
288.00016534	
288.00016528	
288.00016521	
288.00016514	
288.00016508	
288.00016501	
288.00016494	
288.00016488	
288.00016481	
288.00016475	
288.00016468	
288.00016462	
288.00016455	
288.00016448	
288.00016442	
288.00016435	
288.00016429	
288.00016422	
288.00016415	
288.00016409	
288.00016402	
288.00016396	
288.00016389	
288.00016383	
288.00016376	
288.00016370	
288.00016363	
288.00016356	
288.00016350	
288.00016343	
288.00016337	
288.00016330	
288.00016324	
288.00016317	
288.00016311	
288.00016304	
288.00016298	
288.00016291	
288.00016285	
288.00016278	
288.00016272	
288.00016265	
288.00016259	
288.00016252	
288.00016246	
288.00016239	
288.00016233	
288.00016226	
288.00016220	
288.00016213	
288.00016207	
288.00016200	
288.00016194	
288.00016187	
288.00016181	
288.00016174	
288.00016168	
288.00016161	
288.00016155	
288.00016148	
288.00016142	
288.00016136	
288.00016129	
288.00016123	
288.00016116	
288.00016110	
288.00016103	
288.00016097	
288.00016090	
288.00016084	
288.00016078	
288.00016071	
288.00016065	
288.00016058	
288.00016052	
288.00016045	
288.00016039	
288.00016033	
288.00016026	
288.00016020	
288.00016013	
288.00016007	
288.00016001	
288.00015994	
288.00015988	
288.00015981	
288.00015975	
288.00015969	
288.00015962	
288.00015956	
288.00015949	
288.00015943	
288.00015937	
288.00015930	
288.00015924	
288.00015918	
288.00015911	
288.00015905	
288.00015898	
288.00015892	
288.00015886	
288.00015879	
288.00015873	
288.00015867	
288.00015860	
288.00015854	
288.00015848	
288.00015841	
288.00015835	
288.00015829	
288.00015822	
288.00015816	
288.00015810	
288.00015803	
288.00015797	
288.00015791	
288.00015784	
288.00015778	
288.00015772	
288.00015765	
288.00015759	
288.00015753	
288.00015746	
288.00015740	
288.00015734	
288.00015728	
288.00015721	
288.00015715	
288.00015709	
288.00015702	
288.00015696	
288.00015690	
288.00015684	
288.00015677	
288.00015671	
288.00015665	
288.00015659	
288.00015652	
288.00015646	
288.00015640	
288.00015633	
288.00015627	
288.00015621	
288.00015615	
288.00015608	
288.00015602	
288.00015596	
288.00015590	
288.00015584	
288.00015577	
288.00015571	
288.00015565	
288.00015559	
288.00015552	
288.00015546	
288.00015540	
288.00015534	
288.00015528	
288.00015521	
288.00015515	
288.00015509	
288.00015503	
288.00015496	
288.00015490	
288.00015484	
288.00015478	
288.00015472	
288.00015466	
288.00015459	
288.00015453	
288.00015447	
288.00015441	
288.00015435	
288.00015428	
288.00015422	
288.00015416	
288.00015410	
288.00015404	
288.00015398	
288.00015391	
288.00015385	
288.00015379	
288.00015373	
288.00015367	
288.00015361	
288.00015355	
288.00015348	
288.00015342	
288.00015336	
288.00015330	
288.00015324	
288.00015318	
288.00015312	
288.00015305	
288.00015299	
288.00015293	
288.00015287	
288.00015281	
288.00015275	
288.00015269	
288.00015263	
288.00015257	
288.00015250	
288.00015244	
288.00015238	
288.00015232	
288.00015226	
288.00015220	
288.00015214	
288.00015208	
288.00015202	
288.00015196	
288.00015190	
288.00015184	
288.00015177	
288.00015171	
288.00015165	
288.00015159	
288.00015153	
288.00015147	
288.00015141	
288.00015135	
288.00015129	
288.00015123	
288.00015117	
288.00015111	
288.00015105	
288.00015099	
288.00015093	
288.00015087	
288.00015081	
288.00015075	
288.00015069	
288.00015063	
288.00015056	
288.00015050	
288.00015044	
288.00015038	
288.00015032	
288.00015026	
288.00015020	
288.00015014	
288.00015008	
288.00015002	
288.00014996	
288.00014990	
288.00014984	
288.00014978	
288.00014972	
288.00014966	
288.00014960	
288.00014954	
288.00014948	
288.00014942	
288.00014936	
288.00014931	
288.00014925	
288.00014919	
288.00014913	
288.00014907	
288.00014901	
288.00014895	
288.00014889	
288.00014883	
288.00014877	
288.00014871	
288.00014865	
288.00014859	
288.00014853	
288.00014847	
288.00014841	
288.00014835	
288.00014829	
288.00014823	
288.00014817	
288.00014812	
288.00014806	
288.00014800	
288.00014794	
288.00014788	
288.00014782	
288.00014776	
288.00014770	
288.00014764	
288.00014758	
288.00014752	
288.00014746	
288.00014741	
288.00014735	
288.00014729	
288.00014723	
288.00014717	
288.00014711	
288.00014705	
288.00014699	
288.00014693	
288.00014688	
288.00014682	
288.00014676	
288.00014670	
288.00014664	
288.00014658	
288.00014652	
288.00014647	
288.00014641	
288.00014635	
288.00014629	
288.00014623	
288.00014617	
288.00014611	
288.00014606	
288.00014600	
288.00014594	
288.00014588	
288.00014582	
288.00014576	
288.00014571	
288.00014565	
288.00014559	
288.00014553	
288.00014547	
288.00014541	
288.00014536	
288.00014530	
288.00014524	
288.00014518	
288.00014512	
288.00014507	
288.00014501	
288.00014495	
288.00014489	
288.00014483	
288.00014478	
288.00014472	
288.00014466	
288.00014460	
288.00014454	
288.00014449	
288.00014443	
288.00014437	
288.00014431	
288.00014426	
288.00014420	
288.00014414	
288.00014408	
288.00014402	
288.00014397	
288.00014391	
288.00014385	
288.00014379	
288.00014374	
288.00014368	
288.00014362	
288.00014356	
288.00014351	
288.00014345	
288.00014339	
288.00014333	
288.00014328	
288.00014322	
288.00014316	
288.00014311	
288.00014305	
288.00014299	
288.00014293	
288.00014288	
288.00014282	
288.00014276	
288.00014271	
288.00014265	
288.00014259	
288.00014253	
288.00014248	
288.00014242	
288.00014236	
288.00014231	
288.00014225	
288.00014219	
288.00014214	
288.00014208	
288.00014202	
288.00014197	
288.00014191	
288.00014185	
288.00014179	
288.00014174	
288.00014168	
288.00014162	
288.00014157	
288.00014151	
288.00014145	
288.00014140	
288.00014134	
288.00014129	
288.00014123	
288.00014117	
288.00014112	
288.00014106	
288.00014100	
288.00014095	
288.00014089	
288.00014083	
288.00014078	
288.00014072	
288.00014066	
288.00014061	
288.00014055	
288.00014050	
288.00014044	
288.00014038	
288.00014033	
288.00014027	
288.00014022	
288.00014016	
288.00014010	
288.00014005	
288.00013999	
288.00013994	
288.00013988	
288.00013982	
288.00013977	
288.00013971	
288.00013966	
288.00013960	
288.00013954	
288.00013949	
288.00013943	
288.00013938	
288.00013932	
288.00013926	
288.00013921	
288.00013915	
288.00013910	
288.00013904	
288.00013899	
288.00013893	
288.00013888	
288.00013882	
288.00013876	
288.00013871	
288.00013865	
288.00013860	
288.00013854	
288.00013849	
288.00013843	
288.00013838	
288.00013832	
288.00013827	
288.00013821	
288.00013816	
288.00013810	
288.00013804	
288.00013799	
288.00013793	
288.00013788	
288.00013782	
288.00013777	
288.00013771	
288.00013766	
288.00013760	
288.00013755	
288.00013749	
288.00013744	
288.00013738	
288.00013733	
288.00013727	
288.00013722	
288.00013716	
288.00013711	
288.00013705	
288.00013700	
288.00013694	
288.00013689	
288.00013683	
288.00013678	
288.00013673	
288.00013667	
288.00013662	
288.00013656	
288.00013651	
288.00013645	
288.00013640	
288.00013634	
288.00013629	
288.00013623	
288.00013618	
288.00013612	
288.00013607	
288.00013602	
288.00013596	
288.00013591	
288.00013585	
288.00013580	
288.00013574	
288.00013569	
288.00013564	
288.00013558	
288.00013553	
288.00013547	
288.00013542	
288.00013536	
288.00013531	
288.00013526	
288.00013520	
288.00013515	
288.00013509	
288.00013504	
288.00013499	
288.00013493	
288.00013488	
288.00013482	
288.00013477	
288.00013472	
288.00013466	
288.00013461	
288.00013455	
288.00013450	
288.00013445	
288.00013439	
288.00013434	
288.00013429	
288.00013423	
288.00013418	
288.00013412	
288.00013407	
288.00013402	
288.00013396	
288.00013391	
288.00013386	
288.00013380	
288.00013375	
288.00013370	
288.00013364	
288.00013359	
288.00013354	
288.00013348	
288.00013343	
288.00013338	
288.00013332	
288.00013327	
288.00013322	
288.00013316	
288.00013311	
288.00013306	
288.00013300	
288.00013295	
288.00013290	
288.00013284	
288.00013279	
288.00013274	
288.00013268	
288.00013263	
288.00013258	
288.00013252	
288.00013247	
288.00013242	
288.00013237	
288.00013231	
288.00013226	
288.00013221	
288.00013215	
288.00013210	
288.00013205	
288.00013200	
288.00013194	
288.00013189	
288.00013184	
288.00013178	
288.00013173	
288.00013168	
288.00013163	
288.00013157	
288.00013152	
288.00013147	
288.00013142	
288.00013136	
288.00013131	
288.00013126	
288.00013121	
288.00013115	
288.00013110	
288.00013105	
288.00013100	
288.00013094	
288.00013089	
288.00013084	
288.00013079	
288.00013073	
288.00013068	
288.00013063	
288.00013058	
288.00013053	
288.00013047	
288.00013042	
288.00013037	
288.00013032	
288.00013026	
288.00013021	
288.00013016	
288.00013011	
288.00013006	
288.00013000	
288.00012995	
288.00012990	
288.00012985	
288.00012980	
288.00012974	
288.00012969	
288.00012964	
288.00012959	
288.00012954	
288.00012948	
288.00012943	
288.00012938	
288.00012933	
288.00012928	
288.00012923	
288.00012917	
288.00012912	
288.00012907	
288.00012902	
288.00012897	
288.00012892	
288.00012886	
288.00012881	
288.00012876	
288.00012871	
288.00012866	
288.00012861	
288.00012856	
288.00012850	
288.00012845	
288.00012840	
288.00012835	
288.00012830	
288.00012825	
288.00012820	
288.00012814	
288.00012809	
288.00012804	
288.00012799	
288.00012794	
288.00012789	
288.00012784	
288.00012779	
288.00012774	
288.00012768	
288.00012763	
288.00012758	
288.00012753	
288.00012748	
288.00012743	
288.00012738	
288.00012733	
288.00012728	
288.00012723	
288.00012717	
288.00012712	
288.00012707	
288.00012702	
288.00012697	
288.00012692	
288.00012687	
288.00012682	
288.00012677	
288.00012672	
288.00012667	
288.00012662	
288.00012657	
288.00012651	
288.00012646	
288.00012641	
288.00012636	
288.00012631	
288.00012626	
288.00012621	
288.00012616	
288.00012611	
288.00012606	
288.00012601	
288.00012596	
288.00012591	
288.00012586	
288.00012581	
288.00012576	
288.00012571	
288.00012566	
288.00012561	
288.00012556	
288.00012551	
288.00012546	
288.00012541	
288.00012536	
288.00012531	
288.00012526	
288.00012521	
288.00012516	
288.00012511	
288.00012506	
288.00012501	
288.00012496	
288.00012491	
