-0.45276961	
-0.45589133	
-0.45589133	
-0.45589133	
-0.45899603	
-0.45899603	
-0.45899603	
-0.46208365	
-0.46208365	
-0.46515415	
-0.46515415	
-0.46515415	
-0.46820746	
-0.46820746	
-0.47124355	
-0.47124355	
-0.47124355	
-0.47426236	
-0.47426236	
-0.47426236	
-0.47726385	
-0.47726385	
-0.47726385	
-0.48024799	
-0.48024799	
-0.48024799	
-0.48321471	
-0.48321471	
-0.48616400	
-0.48616400	
-0.48616400	
-0.48909581	
-0.48909581	
-0.48909581	
-0.49201011	
-0.49201011	
-0.49490686	
-0.49490686	
-0.49490686	
-0.49778604	
-0.49778604	
-0.50064761	
-0.50064761	
-0.50064761	
-0.50349155	
-0.50349155	
-0.50349155	
-0.50631782	
-0.50631782	
-0.50631782	
-0.50912642	
-0.50912642	
-0.50912642	
-0.51191730	
-0.51191730	
-0.51469046	
-0.51469046	
-0.51469046	
-0.51744586	
-0.51744586	
-0.51744586	
-0.52018350	
-0.52018350	
-0.52290335	
-0.52290335	
-0.52290335	
-0.52560541	
-0.52560541	
-0.52560541	
-0.52828964	
-0.52828964	
-0.53095605	
-0.53095605	
-0.53095605	
-0.53360461	
-0.53360461	
-0.53360461	
-0.53623532	
-0.53623532	
-0.53623532	
-0.53884817	
-0.53884817	
-0.53884817	
-0.54144315	
-0.54144315	
-0.54402024	
-0.54402024	
-0.54402024	
-0.54657946	
-0.54657946	
-0.54912077	
-0.54912077	
-0.54912077	
-0.55164420	
-0.55164420	
-0.55164420	
-0.55414972	
-0.55414972	
-0.55663734	
-0.55663734	
-0.55663734	
-0.55910705	
-0.55910705	
-0.55910705	
-0.56155885	
-0.56155885	
-0.56155885	
-0.56399275	
-0.56399275	
-0.56399275	
-0.56640874	
-0.56640874	
-0.56880683	
-0.56880683	
-0.56880683	
-0.57118701	
-0.57118701	
-0.57354929	
-0.57354929	
-0.57354929	
-0.57589367	
-0.57589367	
-0.57589367	
-0.57822016	
-0.57822016	
-0.57822016	
-0.58052876	
-0.58052876	
-0.58281947	
-0.58281947	
-0.58281947	
-0.58509231	
-0.58509231	
-0.58509231	
-0.58734727	
-0.58734727	
-0.58734727	
-0.58958437	
-0.58958437	
-0.58958437	
-0.59180360	
-0.59180360	
-0.59400499	
-0.59400499	
-0.59618854	
-0.59618854	
-0.59618854	
-0.59835425	
-0.59835425	
-0.59835425	
-0.60050213	
-0.60050213	
-0.60050213	
-0.60263221	
-0.60263221	
-0.60474447	
-0.60474447	
-0.60474447	
-0.60683895	
-0.60683895	
-0.60683895	
-0.60891564	
-0.60891564	
-0.60891564	
-0.61097455	
-0.61097455	
-0.61097455	
-0.61301571	
-0.61301571	
-0.61503912	
-0.61503912	
-0.61704479	
-0.61704479	
-0.61704479	
-0.61903273	
-0.61903273	
-0.61903273	
-0.62100297	
-0.62100297	
-0.62100297	
-0.62295550	
-0.62295550	
-0.62295550	
-0.62489035	
-0.62489035	
-0.62680753	
-0.62680753	
-0.62680753	
-0.62870705	
-0.62870705	
-0.62870705	
-0.63058893	
-0.63058893	
-0.63058893	
-0.63245317	
-0.63245317	
-0.63245317	
-0.63429981	
-0.63612883	
-0.63612883	
-0.63612883	
-0.63794028	
-0.63794028	
-0.63794028	
-0.63973415	
-0.63973415	
-0.63973415	
-0.64151046	
-0.64151046	
-0.64151046	
-0.64326924	
-0.64326924	
-0.64501049	
-0.64501049	
-0.64501049	
-0.64673423	
-0.64673423	
-0.64673423	
-0.64844047	
-0.64844047	
-0.64844047	
-0.65012924	
-0.65012924	
-0.65012924	
-0.65180054	
-0.65180054	
-0.65345440	
-0.65345440	
-0.65509082	
-0.65509082	
-0.65509082	
-0.65670984	
-0.65670984	
-0.65670984	
-0.65831145	
-0.65831145	
-0.65831145	
-0.65989568	
-0.65989568	
-0.65989568	
-0.66146255	
-0.66146255	
-0.66301207	
-0.66301207	
-0.66301207	
-0.66454426	
-0.66454426	
-0.66454426	
-0.66605913	
-0.66605913	
-0.66605913	
-0.66755670	
-0.66755670	
-0.66903700	
-0.66903700	
-0.67050003	
-0.67050003	
-0.67050003	
-0.67194581	
-0.67194581	
-0.67194581	
-0.67337436	
-0.67337436	
-0.67337436	
-0.67478569	
-0.67478569	
-0.67478569	
-0.67617983	
-0.67617983	
-0.67755679	
-0.67755679	
-0.67755679	
-0.67891659	
-0.67891659	
-0.67891659	
-0.68025924	
-0.68025924	
-0.68025924	
-0.68158477	
-0.68158477	
-0.68289318	
-0.68289318	
-0.68289318	
-0.68418450	
-0.68418450	
-0.68545875	
-0.68545875	
-0.68545875	
-0.68671593	
-0.68671593	
-0.68671593	
-0.68795608	
-0.68795608	
-0.68795608	
-0.68917920	
-0.68917920	
-0.68917920	
-0.69038531	
-0.69038531	
-0.69157443	
-0.69157443	
-0.69157443	
-0.69274658	
-0.69274658	
-0.69274658	
-0.69390178	
-0.69390178	
-0.69504003	
-0.69504003	
-0.69504003	
-0.69616137	
-0.69616137	
-0.69726580	
-0.69726580	
-0.69726580	
-0.69835335	
-0.69835335	
-0.69835335	
-0.69942403	
-0.69942403	
-0.69942403	
-0.70047786	
-0.70047786	
-0.70047786	
-0.70151485	
-0.70151485	
-0.70253503	
-0.70253503	
-0.70253503	
-0.70353841	
-0.70353841	
-0.70353841	
-0.70452501	
-0.70452501	
-0.70549484	
-0.70549484	
-0.70549484	
-0.70644793	
-0.70644793	
-0.70644793	
-0.70738429	
-0.70738429	
-0.70830393	
-0.70830393	
-0.70830393	
-0.70920688	
-0.70920688	
-0.70920688	
-0.71009315	
-0.71009315	
-0.71009315	
-0.71096277	
-0.71096277	
-0.71096277	
-0.71181574	
-0.71181574	
-0.71265208	
-0.71265208	
-0.71265208	
-0.71347182	
-0.71347182	
-0.71427497	
-0.71427497	
-0.71427497	
-0.71506154	
-0.71506154	
-0.71506154	
-0.71583156	
-0.71583156	
-0.71658504	
-0.71658504	
-0.71658504	
-0.71732199	
-0.71732199	
-0.71732199	
-0.71804245	
-0.71804245	
-0.71804245	
-0.71874641	
-0.71874641	
-0.71874641	
-0.71943391	
-0.71943391	
-0.72010496	
-0.72010496	
-0.72010496	
-0.72075957	
-0.72075957	
-0.72139777	
-0.72139777	
-0.72139777	
-0.72201956	
-0.72201956	
-0.72201956	
-0.72262498	
-0.72262498	
-0.72262498	
-0.72321403	
-0.72321403	
-0.72378673	
-0.72378673	
-0.72378673	
-0.72434310	
-0.72434310	
-0.72434310	
-0.72488316	
-0.72488316	
-0.72488316	
-0.72540692	
-0.72540692	
-0.72540692	
-0.72591441	
-0.72591441	
-0.72640564	
-0.72640564	
-0.72688062	
-0.72688062	
-0.72688062	
-0.72733938	
-0.72733938	
-0.72733938	
-0.72778193	
-0.72778193	
-0.72778193	
-0.72820829	
-0.72820829	
-0.72861848	
-0.72861848	
-0.72861848	
-0.72901251	
-0.72901251	
-0.72901251	
-0.72939040	
-0.72939040	
-0.72939040	
-0.72975218	
-0.72975218	
-0.72975218	
-0.73009785	
-0.73009785	
-0.73042744	
-0.73042744	
-0.73074096	
-0.73074096	
-0.73074096	
-0.73103843	
-0.73103843	
-0.73103843	
-0.73131987	
-0.73131987	
-0.73131987	
-0.73158529	
-0.73158529	
-0.73158529	
-0.73183472	
-0.73183472	
-0.73206817	
-0.73206817	
-0.73206817	
-0.73228566	
-0.73228566	
-0.73228566	
-0.73248721	
-0.73248721	
-0.73248721	
-0.73267283	
-0.73267283	
-0.73267283	
-0.73284255	
-0.73299637	
-0.73299637	
-0.73299637	
-0.73313433	
-0.73313433	
-0.73313433	
-0.73325643	
-0.73325643	
-0.73325643	
-0.73336269	
-0.73336269	
-0.73336269	
-0.73345314	
-0.73345314	
-0.73352779	
-0.73352779	
-0.73352779	
-0.73358666	
-0.73358666	
-0.73358666	
-0.73362976	
-0.73362976	
-0.73362976	
-0.73365712	
-0.73365712	
-0.73365712	
-0.73366876	
-0.73366876	
-0.73366468	
-0.73366468	
-0.73364492	
-0.73364492	
-0.73364492	
-0.73360948	
-0.73360948	
-0.73360948	
-0.73355839	
-0.73355839	
-0.73355839	
-0.73349167	
-0.73349167	
-0.73349167	
-0.73340933	
-0.73340933	
-0.73331139	
-0.73331139	
-0.73331139	
-0.73319787	
-0.73319787	
-0.73319787	
-0.73306880	
-0.73306880	
-0.73306880	
-0.73292418	
-0.73292418	
-0.73276403	
-0.73276403	
-0.73258839	
-0.73258839	
-0.73258839	
-0.73239726	
-0.73239726	
-0.73239726	
-0.73219066	
-0.73219066	
-0.73219066	
-0.73196861	
-0.73196861	
-0.73196861	
-0.73173113	
-0.73173113	
-0.73147825	
-0.73147825	
-0.73147825	
-0.73120997	
-0.73120997	
-0.73120997	
-0.73092632	
-0.73092632	
-0.73092632	
-0.73062732	
-0.73062732	
-0.73031299	
-0.73031299	
-0.73031299	
-0.72998334	
-0.72998334	
-0.72963840	
-0.72963840	
-0.72963840	
-0.72927818	
-0.72927818	
-0.72927818	
-0.72890271	
-0.72890271	
-0.72890271	
-0.72851200	
-0.72851200	
-0.72851200	
-0.72810607	
-0.72810607	
-0.72768495	
-0.72768495	
-0.72768495	
-0.72724865	
-0.72724865	
-0.72724865	
-0.72679719	
-0.72679719	
-0.72633059	
-0.72633059	
-0.72633059	
-0.72584887	
-0.72584887	
-0.72535206	
-0.72535206	
-0.72535206	
-0.72484017	
-0.72484017	
-0.72484017	
-0.72431321	
-0.72431321	
-0.72431321	
-0.72377123	
-0.72377123	
-0.72377123	
-0.72321422	
-0.72321422	
-0.72264221	
-0.72264221	
-0.72264221	
-0.72205523	
-0.72205523	
-0.72205523	
-0.72145329	
-0.72145329	
-0.72083641	
-0.72083641	
-0.72083641	
-0.72020461	
-0.72020461	
-0.72020461	
-0.71955792	
-0.71955792	
-0.71889635	
-0.71889635	
-0.71889635	
-0.71821993	
-0.71821993	
-0.71821993	
-0.71752867	
-0.71752867	
-0.71752867	
-0.71682260	
-0.71682260	
-0.71682260	
-0.71610173	
-0.71610173	
-0.71536610	
-0.71536610	
-0.71536610	
-0.71461571	
-0.71461571	
-0.71385059	
-0.71385059	
-0.71385059	
-0.71307076	
-0.71307076	
-0.71307076	
-0.71227624	
-0.71227624	
-0.71146706	
-0.71146706	
-0.71146706	
-0.71064323	
-0.71064323	
-0.71064323	
-0.70980477	
-0.70980477	
-0.70980477	
-0.70895171	
-0.70895171	
-0.70895171	
-0.70808407	
-0.70808407	
-0.70720187	
-0.70720187	
-0.70720187	
-0.70630513	
-0.70630513	
-0.70539387	
-0.70539387	
-0.70539387	
-0.70446811	
-0.70446811	
-0.70446811	
-0.70352788	
-0.70352788	
-0.70352788	
-0.70257319	
-0.70257319	
-0.70160408	
-0.70160408	
-0.70160408	
-0.70062055	
-0.70062055	
-0.70062055	
-0.69962264	
-0.69962264	
-0.69962264	
-0.69861036	
-0.69861036	
-0.69861036	
-0.69758373	
-0.69758373	
-0.69654279	
-0.69654279	
-0.69548754	
-0.69548754	
-0.69548754	
-0.69441801	
-0.69441801	
-0.69441801	
-0.69333423	
-0.69333423	
-0.69333423	
-0.69223622	
-0.69223622	
-0.69112399	
-0.69112399	
-0.69112399	
-0.68999758	
-0.68999758	
-0.68999758	
-0.68885700	
-0.68885700	
-0.68885700	
-0.68770227	
-0.68770227	
-0.68770227	
-0.68653342	
-0.68653342	
-0.68535048	
-0.68535048	
-0.68415345	
-0.68415345	
-0.68415345	
-0.68294237	
-0.68294237	
-0.68294237	
-0.68171726	
-0.68171726	
-0.68171726	
-0.68047814	
-0.68047814	
-0.68047814	
-0.67922503	
-0.67922503	
-0.67795796	
-0.67795796	
-0.67795796	
-0.67667694	
-0.67667694	
-0.67667694	
-0.67538201	
-0.67538201	
-0.67538201	
-0.67407318	
-0.67407318	
-0.67407318	
-0.67275048	
-0.67141393	
-0.67141393	
-0.67141393	
-0.67006355	
-0.67006355	
-0.67006355	
-0.66869937	
-0.66869937	
-0.66869937	
-0.66732140	
-0.66732140	
-0.66732140	
-0.66592968	
-0.66592968	
-0.66452422	
-0.66452422	
-0.66452422	
-0.66310505	
-0.66310505	
-0.66310505	
-0.66167219	
-0.66167219	
-0.66167219	
-0.66022566	
-0.66022566	
-0.66022566	
-0.65876550	
-0.65876550	
-0.65729171	
-0.65729171	
-0.65580432	
-0.65580432	
-0.65580432	
-0.65430336	
-0.65430336	
-0.65430336	
-0.65278885	
-0.65278885	
-0.65278885	
-0.65126082	
-0.65126082	
-0.65126082	
-0.64971928	
-0.64971928	
-0.64816426	
-0.64816426	
-0.64816426	
-0.64659578	
-0.64659578	
-0.64659578	
-0.64501387	
-0.64501387	
-0.64501387	
-0.64341855	
-0.64341855	
-0.64180984	
-0.64180984	
-0.64018776	
-0.64018776	
-0.64018776	
-0.63855235	
-0.63855235	
-0.63855235	
-0.63690361	
-0.63690361	
-0.63690361	
-0.63524159	
-0.63524159	
-0.63524159	
-0.63356629	
-0.63356629	
-0.63187774	
-0.63187774	
-0.63187774	
-0.63017597	
-0.63017597	
-0.63017597	
-0.62846100	
-0.62846100	
-0.62846100	
-0.62673286	
-0.62673286	
-0.62499155	
-0.62499155	
-0.62499155	
-0.62323712	
-0.62323712	
-0.62146958	
-0.62146958	
-0.62146958	
-0.61968895	
-0.61968895	
-0.61968895	
-0.61789527	
-0.61789527	
-0.61789527	
-0.61608854	
-0.61608854	
-0.61608854	
-0.61426880	
-0.61426880	
-0.61243607	
-0.61243607	
-0.61243607	
-0.61059037	
-0.61059037	
-0.61059037	
-0.60873173	
-0.60873173	
-0.60686017	
-0.60686017	
-0.60686017	
-0.60497570	
-0.60497570	
-0.60307836	
-0.60307836	
-0.60307836	
-0.60116817	
-0.60116817	
-0.60116817	
-0.59924515	
-0.59924515	
-0.59924515	
-0.59730932	
-0.59730932	
-0.59730932	
-0.59536071	
-0.59536071	
-0.59339934	
-0.59339934	
-0.59339934	
-0.59142524	
-0.59142524	
-0.59142524	
-0.58943842	
-0.58943842	
-0.58743890	
-0.58743890	
-0.58743890	
-0.58542672	
-0.58542672	
-0.58542672	
-0.58340189	
-0.58340189	
-0.58136444	
-0.58136444	
-0.58136444	
-0.57931439	
-0.57931439	
-0.57931439	
-0.57725177	
-0.57725177	
-0.57725177	
-0.57517659	
-0.57517659	
-0.57517659	
-0.57308887	
-0.57308887	
-0.57098865	
-0.57098865	
-0.57098865	
-0.56887594	
-0.56887594	
-0.56675076	
-0.56675076	
-0.56675076	
-0.56461314	
-0.56461314	
-0.56461314	
-0.56246311	
-0.56246311	
-0.56030067	
-0.56030067	
-0.56030067	
-0.55812586	
-0.55812586	
-0.55812586	
-0.55593870	
-0.55593870	
-0.55593870	
-0.55373921	
-0.55373921	
-0.55373921	
-0.55152741	
-0.55152741	
-0.54930332	
-0.54930332	
-0.54930332	
-0.54706696	
-0.54706696	
-0.54481837	
-0.54481837	
-0.54481837	
-0.54255755	
-0.54255755	
-0.54255755	
-0.54028453	
-0.54028453	
-0.54028453	
-0.53799934	
-0.53799934	
-0.53570199	
-0.53570199	
-0.53570199	
-0.53339250	
-0.53339250	
-0.53339250	
-0.53107090	
-0.53107090	
-0.53107090	
-0.52873722	
-0.52873722	
-0.52873722	
-0.52639146	
-0.52639146	
-0.52403365	
-0.52403365	
-0.52166381	
-0.52166381	
-0.52166381	
-0.51928197	
-0.51928197	
-0.51928197	
-0.51688814	
-0.51688814	
-0.51688814	
-0.51448235	
-0.51448235	
-0.51206461	
-0.51206461	
-0.51206461	
-0.50963496	
-0.50963496	
-0.50963496	
-0.50719339	
-0.50719339	
-0.50719339	
-0.50473995	
-0.50473995	
-0.50473995	
-0.50227465	
-0.50227465	
-0.49979750	
-0.49979750	
-0.49730854	
-0.49730854	
-0.49730854	
-0.49480778	
-0.49480778	
-0.49480778	
-0.49229523	
-0.49229523	
-0.49229523	
-0.48977093	
-0.48977093	
-0.48977093	
-0.48723489	
-0.48723489	
-0.48468713	
-0.48468713	
-0.48468713	
-0.48212767	
-0.48212767	
-0.48212767	
-0.47955653	
-0.47955653	
-0.47955653	
-0.47697373	
-0.47697373	
-0.47697373	
-0.47437929	
-0.47177323	
-0.47177323	
-0.47177323	
-0.46915557	
-0.46915557	
-0.46915557	
-0.46652632	
-0.46652632	
-0.46652632	
-0.46388552	
-0.46388552	
-0.46388552	
-0.46123317	
-0.46123317	
-0.45856929	
-0.45856929	
-0.45856929	
-0.45589391	
-0.45589391	
-0.45589391	
-0.45320705	
-0.45320705	
-0.45320705	
-0.45050871	
-0.45050871	
-0.45050871	
-0.44779893	
-0.44779893	
-0.44507772	
-0.44507772	
-0.44234510	
-0.44234510	
-0.44234510	
-0.43960108	
-0.43960108	
-0.43960108	
-0.43684569	
-0.43684569	
-0.43684569	
-0.43407894	
-0.43407894	
-0.43407894	
-0.43130086	
-0.43130086	
-0.42851145	
-0.42851145	
-0.42851145	
-0.42571074	
-0.42571074	
-0.42571074	
-0.42289875	
-0.42289875	
-0.42289875	
-0.42007550	
-0.42007550	
-0.41724099	
-0.41724099	
-0.41439526	
-0.41439526	
-0.41439526	
-0.41153831	
-0.41153831	
-0.41153831	
-0.40867017	
-0.40867017	
-0.40867017	
-0.40579086	
-0.40579086	
-0.40579086	
-0.40290038	
-0.40290038	
-0.39999876	
-0.39999876	
-0.39999876	
-0.39708602	
-0.39708602	
-0.39708602	
-0.39416217	
-0.39416217	
-0.39416217	
-0.39122723	
-0.39122723	
-0.38828122	
-0.38828122	
-0.38828122	
-0.38532416	
-0.38532416	
-0.38235605	
-0.38235605	
-0.38235605	
-0.37937693	
-0.37937693	
-0.37937693	
-0.37638680	
-0.37638680	
-0.37638680	
-0.37338568	
-0.37338568	
-0.37338568	
-0.37037360	
-0.37037360	
-0.36735056	
-0.36735056	
-0.36735056	
-0.36431659	
-0.36431659	
-0.36431659	
-0.36127170	
-0.36127170	
-0.35821590	
-0.35821590	
-0.35821590	
-0.35514923	
-0.35514923	
-0.35207168	
-0.35207168	
-0.35207168	
-0.34898328	
-0.34898328	
-0.34898328	
-0.34588405	
-0.34588405	
-0.34588405	
-0.34277401	
-0.34277401	
-0.34277401	
-0.33965316	
-0.33965316	
-0.33652153	
-0.33652153	
-0.33652153	
-0.33337913	
-0.33337913	
-0.33337913	
-0.33022599	
-0.33022599	
-0.32706211	
-0.32706211	
-0.32706211	
-0.32388752	
-0.32388752	
-0.32388752	
-0.32070223	
-0.32070223	
-0.31750626	
-0.31750626	
-0.31750626	
-0.31429963	
-0.31429963	
-0.31429963	
-0.31108235	
-0.31108235	
-0.31108235	
-0.30785445	
-0.30785445	
-0.30785445	
-0.30461593	
-0.30461593	
-0.30136682	
-0.30136682	
-0.30136682	
-0.29810714	
-0.29810714	
-0.29483689	
-0.29483689	
-0.29483689	
-0.29155611	
-0.29155611	
-0.29155611	
-0.28826481	
-0.28826481	
-0.28496301	
-0.28496301	
-0.28496301	
-0.28165072	
-0.28165072	
-0.28165072	
-0.27832796	
-0.27832796	
-0.27832796	
-0.27499476	
-0.27499476	
-0.27499476	
-0.27165113	
-0.27165113	
-0.26829709	
-0.26829709	
-0.26829709	
-0.26493266	
-0.26493266	
-0.26155785	
-0.26155785	
-0.26155785	
-0.25817270	
-0.25817270	
-0.25817270	
-0.25477722	
-0.25477722	
-0.25477722	
-0.25137143	
-0.25137143	
-0.24795534	
-0.24795534	
-0.24795534	
-0.24452899	
-0.24452899	
-0.24452899	
-0.24109239	
-0.24109239	
-0.24109239	
-0.23764556	
-0.23764556	
-0.23764556	
-0.23418853	
-0.23418853	
-0.23072132	
-0.23072132	
-0.22724394	
-0.22724394	
-0.22724394	
-0.22375642	
-0.22375642	
-0.22375642	
-0.22025879	
-0.22025879	
-0.22025879	
-0.21675107	
-0.21675107	
-0.21323328	
-0.21323328	
-0.21323328	
-0.20970545	
-0.20970545	
-0.20970545	
-0.20616760	
-0.20616760	
-0.20616760	
-0.20261975	
-0.20261975	
-0.20261975	
-0.19906194	
-0.19906194	
-0.19549418	
-0.19549418	
-0.19191651	
-0.19191651	
-0.19191651	
-0.18832895	
-0.18832895	
-0.18832895	
-0.18473152	
-0.18473152	
-0.18473152	
-0.18112427	
-0.18112427	
-0.18112427	
-0.17750721	
-0.17750721	
-0.17388038	
-0.17388038	
-0.17388038	
-0.17024381	
-0.17024381	
-0.17024381	
-0.16659752	
-0.16659752	
-0.16659752	
-0.16294154	
-0.16294154	
-0.16294154	
-0.15927592	
-0.15560068	
-0.15560068	
-0.15560068	
-0.15191586	
-0.15191586	
-0.15191586	
-0.14822148	
-0.14822148	
-0.14822148	
-0.14451760	
-0.14451760	
-0.14451760	
-0.14080423	
-0.14080423	
-0.13708142	
-0.13708142	
-0.13708142	
-0.13334920	
-0.13334920	
-0.13334920	
-0.12960762	
-0.12960762	
-0.12960762	
-0.12585671	
-0.12585671	
-0.12585671	
-0.12209651	
-0.12209651	
-0.11832706	
-0.11832706	
-0.11454841	
-0.11454841	
-0.11454841	
-0.11076060	
-0.11076060	
-0.11076060	
-0.10696367	
-0.10696367	
-0.10696367	
-0.10315767	
-0.10315767	
-0.10315767	
-0.09934264	
-0.09934264	
-0.09551863	
-0.09551863	
-0.09551863	
-0.09168569	
-0.09168569	
-0.09168569	
-0.08784387	
-0.08784387	
-0.08784387	
-0.08399322	
-0.08399322	
-0.08013379	
-0.08013379	
-0.07626563	
-0.07626563	
-0.07626563	
-0.07238880	
-0.07238880	
-0.07238880	
-0.06850335	
-0.06850335	
-0.06850335	
-0.06460934	
-0.06460934	
-0.06460934	
-0.06070683	
-0.06070683	
-0.05679588	
-0.05679588	
-0.05679588	
-0.05287655	
-0.05287655	
-0.05287655	
-0.04894891	
-0.04894891	
-0.04894891	
-0.04501301	
-0.04501301	
-0.04106891	
-0.04106891	
-0.04106891	
-0.03711670	
-0.03711670	
-0.03315644	
-0.03315644	
-0.03315644	
-0.02918819	
-0.02918819	
-0.02918819	
-0.02521203	
-0.02521203	
-0.02521203	
-0.02122803	
-0.02122803	
-0.02122803	
-0.01723627	
-0.01723627	
-0.01323682	
-0.01323682	
-0.01323682	
-0.00922977	
-0.00922977	
-0.00922977	
-0.00521519	
-0.00521519	
-0.00119316	
-0.00119316	
-0.00119316	
0.00283623	
0.00283623	
0.00687290	
0.00687290	
0.00687290	
0.01091676	
0.01091676	
0.01091676	
0.01496772	
0.01496772	
0.01496772	
0.01902568	
0.01902568	
0.01902568	
0.02309056	
0.02309056	
0.02716226	
0.02716226	
0.02716226	
0.03124069	
0.03124069	
0.03124069	
0.03532574	
0.03532574	
0.03941731	
0.03941731	
0.03941731	
0.04351530	
0.04351530	
0.04351530	
0.04761961	
0.04761961	
0.05173013	
0.05173013	
0.05173013	
0.05584674	
0.05584674	
0.05584674	
0.05996934	
0.05996934	
0.05996934	
0.06409781	
0.06409781	
0.06409781	
0.06823204	
0.06823204	
0.07237191	
0.07237191	
0.07237191	
0.07651730	
0.07651730	
0.08066809	
0.08066809	
0.08066809	
0.08482414	
0.08482414	
0.08482414	
0.08898534	
0.08898534	
0.09315156	
0.09315156	
0.09315156	
0.09732266	
0.09732266	
0.09732266	
0.10149852	
0.10149852	
0.10149852	
0.10567898	
0.10567898	
0.10567898	
0.10986393	
0.10986393	
0.11405321	
0.11405321	
0.11405321	
0.11824668	
0.11824668	
0.12244421	
0.12244421	
0.12244421	
0.12664563	
0.12664563	
0.12664563	
0.13085081	
0.13085081	
0.13085081	
0.13505959	
0.13505959	
0.13927182	
0.13927182	
0.13927182	
0.14348734	
0.14348734	
0.14348734	
0.14770599	
0.14770599	
0.14770599	
0.15192762	
0.15192762	
0.15192762	
0.15615205	
0.15615205	
0.16037914	
0.16037914	
0.16460869	
0.16460869	
0.16460869	
0.16884056	
0.16884056	
0.16884056	
0.17307457	
0.17307457	
0.17307457	
0.17731054	
0.17731054	
0.18154831	
0.18154831	
0.18154831	
0.18578768	
0.18578768	
0.18578768	
0.19002849	
0.19002849	
0.19002849	
0.19427056	
0.19427056	
0.19427056	
0.19851369	
0.19851369	
0.20275771	
0.20275771	
0.20700243	
0.20700243	
0.20700243	
0.21124766	
0.21124766	
0.21124766	
0.21549321	
0.21549321	
0.21549321	
0.21973889	
0.21973889	
0.21973889	
0.22398450	
0.22398450	
0.22822986	
0.22822986	
0.22822986	
0.23247476	
0.23247476	
0.23247476	
0.23671900	
0.23671900	
0.23671900	
0.24096240	
0.24096240	
0.24096240	
0.24520474	
0.24944583	
0.24944583	
0.24944583	
0.25368546	
0.25368546	
0.25368546	
0.25792342	
0.25792342	
0.25792342	
0.26215952	
0.26215952	
0.26215952	
0.26639355	
0.26639355	
0.27062530	
0.27062530	
0.27062530	
0.27485456	
0.27485456	
0.27485456	
0.27908112	
0.27908112	
0.27908112	
0.28330477	
0.28330477	
0.28330477	
0.28752531	
0.28752531	
0.29174252	
0.29174252	
0.29595620	
0.29595620	
0.29595620	
0.30016612	
0.30016612	
0.30016612	
0.30437208	
0.30437208	
0.30437208	
0.30857386	
0.30857386	
0.30857386	
0.31277126	
0.31277126	
0.31696406	
0.31696406	
0.31696406	
0.32115205	
0.32115205	
0.32115205	
0.32533501	
0.32533501	
0.32533501	
0.32951274	
0.32951274	
0.33368502	
0.33368502	
0.33785164	
0.33785164	
0.33785164	
0.34201238	
0.34201238	
0.34201238	
0.34616705	
0.34616705	
0.34616705	
0.35031542	
0.35031542	
0.35031542	
0.35445729	
0.35445729	
0.35859244	
0.35859244	
0.35859244	
0.36272068	
0.36272068	
0.36272068	
0.36684179	
0.36684179	
0.36684179	
0.37095556	
0.37095556	
0.37506180	
0.37506180	
0.37506180	
0.37916029	
0.37916029	
0.38325083	
0.38325083	
0.38325083	
0.38733323	
0.38733323	
0.38733323	
0.39140727	
0.39140727	
0.39140727	
0.39547277	
0.39547277	
0.39547277	
0.39952952	
0.39952952	
0.40357732	
0.40357732	
0.40357732	
0.40761599	
0.40761599	
0.40761599	
0.41164532	
0.41164532	
0.41566513	
0.41566513	
0.41566513	
0.41967522	
0.41967522	
0.42367542	
0.42367542	
0.42367542	
0.42766552	
0.42766552	
0.42766552	
0.43164535	
0.43164535	
0.43164535	
0.43561473	
0.43561473	
0.43561473	
0.43957347	
0.43957347	
0.44352139	
0.44352139	
0.44352139	
0.44745833	
0.44745833	
0.44745833	
0.45138409	
0.45138409	
0.45529853	
0.45529853	
0.45529853	
0.45920145	
0.45920145	
0.45920145	
0.46309270	
0.46309270	
0.46697210	
0.46697210	
0.46697210	
0.47083950	
0.47083950	
0.47083950	
0.47469474	
0.47469474	
0.47469474	
0.47853765	
0.47853765	
0.47853765	
0.48236808	
0.48236808	
0.48618587	
0.48618587	
0.48618587	
0.48999088	
0.48999088	
0.49378296	
0.49378296	
0.49378296	
0.49756195	
0.49756195	
0.49756195	
0.50132771	
0.50132771	
0.50508011	
0.50508011	
0.50508011	
0.50881900	
0.50881900	
0.50881900	
0.51254424	
0.51254424	
0.51254424	
0.51625571	
0.51625571	
0.51625571	
0.51995326	
0.51995326	
0.52363677	
0.52363677	
0.52363677	
0.52730611	
0.52730611	
0.53096116	
0.53096116	
0.53096116	
0.53460179	
0.53460179	
0.53460179	
0.53822789	
0.53822789	
0.53822789	
0.54183933	
0.54183933	
0.54543601	
0.54543601	
0.54543601	
0.54901780	
0.54901780	
0.54901780	
0.55258461	
0.55258461	
0.55258461	
0.55613631	
0.55613631	
0.55613631	
0.55967281	
0.55967281	
0.56319401	
0.56319401	
0.56669979	
0.56669979	
0.56669979	
0.57019007	
0.57019007	
0.57019007	
0.57366474	
0.57366474	
0.57366474	
0.57712372	
0.57712372	
0.58056691	
0.58056691	
0.58056691	
0.58399423	
0.58399423	
0.58399423	
0.58740557	
0.58740557	
0.58740557	
0.59080087	
0.59080087	
0.59080087	
0.59418003	
0.59418003	
0.59754298	
0.59754298	
0.60088963	
0.60088963	
0.60088963	
0.60421992	
0.60421992	
0.60421992	
0.60753376	
0.60753376	
0.60753376	
0.61083109	
0.61083109	
0.61083109	
0.61411183	
0.61411183	
0.61737591	
0.61737591	
0.61737591	
0.62062327	
0.62062327	
0.62062327	
0.62385384	
0.62385384	
0.62385384	
0.62706756	
0.62706756	
0.62706756	
0.63026436	
0.63344420	
0.63344420	
0.63344420	
0.63660701	
0.63660701	
0.63660701	
0.63975273	
0.63975273	
0.63975273	
0.64288131	
0.64288131	
0.64288131	
0.64599271	
0.64599271	
0.64908686	
0.64908686	
0.64908686	
0.65216371	
0.65216371	
0.65216371	
0.65522323	
0.65522323	
0.65522323	
0.65826537	
0.65826537	
0.65826537	
0.66129007	
0.66129007	
0.66429730	
0.66429730	
0.66728702	
0.66728702	
0.66728702	
0.67025918	
0.67025918	
0.67025918	
0.67321374	
0.67321374	
0.67321374	
0.67615068	
0.67615068	
0.67615068	
0.67906995	
0.67906995	
0.68197152	
0.68197152	
0.68197152	
0.68485535	
0.68485535	
0.68485535	
0.68772141	
0.68772141	
0.68772141	
0.69056967	
0.69056967	
0.69340011	
0.69340011	
0.69621268	
0.69621268	
0.69621268	
0.69900738	
0.69900738	
0.69900738	
0.70178416	
0.70178416	
0.70178416	
0.70454300	
0.70454300	
0.70454300	
0.70728388	
0.70728388	
0.71000678	
0.71000678	
0.71000678	
0.71271167	
0.71271167	
0.71271167	
0.71539853	
0.71539853	
0.71539853	
0.71806734	
0.71806734	
0.72071808	
0.72071808	
0.72071808	
0.72335074	
0.72335074	
0.72596529	
0.72596529	
0.72596529	
0.72856172	
0.72856172	
0.72856172	
0.73114001	
0.73114001	
0.73114001	
0.73370015	
0.73370015	
0.73370015	
0.73624212	
0.73624212	
0.73876591	
0.73876591	
0.73876591	
0.74127151	
0.74127151	
0.74127151	
0.74375890	
0.74375890	
0.74622807	
0.74622807	
0.74622807	
0.74867901	
0.74867901	
0.75111172	
0.75111172	
0.75111172	
0.75352617	
0.75352617	
0.75352617	
0.75592237	
0.75592237	
0.75592237	
0.75830030	
0.75830030	
0.75830030	
0.76065996	
0.76065996	
0.76300134	
0.76300134	
0.76300134	
0.76532443	
0.76532443	
0.76532443	
0.76762923	
0.76762923	
0.76991573	
0.76991573	
0.76991573	
0.77218392	
0.77218392	
0.77218392	
0.77443381	
0.77443381	
0.77666538	
0.77666538	
0.77666538	
0.77887863	
0.77887863	
0.77887863	
0.78107357	
0.78107357	
0.78107357	
0.78325018	
0.78325018	
0.78325018	
0.78540846	
0.78540846	
0.78754842	
0.78754842	
0.78754842	
0.78967005	
0.78967005	
0.79177335	
0.79177335	
0.79177335	
0.79385832	
0.79385832	
0.79385832	
0.79592495	
0.79592495	
0.79797326	
0.79797326	
0.79797326	
0.80000323	
0.80000323	
0.80000323	
0.80201486	
0.80201486	
0.80201486	
0.80400817	
0.80400817	
0.80400817	
0.80598315	
0.80598315	
0.80793979	
0.80793979	
0.80793979	
0.80987811	
0.80987811	
0.81179810	
0.81179810	
0.81179810	
0.81369977	
0.81369977	
0.81369977	
0.81558312	
0.81558312	
0.81558312	
0.81744814	
0.81744814	
0.81929485	
0.81929485	
0.81929485	
0.82112325	
0.82112325	
0.82112325	
0.82293333	
0.82293333	
0.82293333	
0.82472511	
0.82472511	
0.82472511	
0.82649858	
0.82649858	
0.82825375	
0.82825375	
0.82999063	
0.82999063	
0.82999063	
0.83170921	
0.83170921	
0.83170921	
0.83340950	
0.83340950	
0.83340950	
0.83509151	
0.83509151	
0.83675523	
0.83675523	
0.83675523	
0.83840069	
0.83840069	
0.83840069	
0.84002787	
0.84002787	
0.84002787	
0.84163678	
0.84163678	
0.84163678	
0.84322743	
0.84322743	
0.84479983	
0.84479983	
0.84635397	
0.84635397	
0.84635397	
0.84788987	
0.84788987	
0.84788987	
0.84940753	
0.84940753	
0.84940753	
0.85090695	
0.85090695	
0.85090695	
0.85238815	
0.85238815	
0.85385112	
0.85385112	
0.85385112	
0.85529587	
0.85529587	
0.85529587	
0.85672241	
0.85672241	
0.85672241	
0.85813074	
0.85813074	
0.85813074	
0.85952088	
0.86089281	
0.86089281	
0.86089281	
0.86224656	
0.86224656	
0.86224656	
0.86358213	
0.86358213	
0.86358213	
0.86489952	
0.86489952	
0.86489952	
0.86619874	
0.86619874	
0.86747980	
0.86747980	
0.86747980	
0.86874270	
0.86874270	
0.86874270	
0.86998746	
0.86998746	
0.86998746	
0.87121406	
0.87121406	
0.87121406	
0.87242253	
0.87242253	
0.87361287	
0.87361287	
0.87478508	
0.87478508	
0.87478508	
0.87593918	
0.87593918	
0.87593918	
0.87707517	
0.87707517	
0.87707517	
0.87819305	
0.87819305	
0.87819305	
0.87929283	
0.87929283	
0.88037452	
0.88037452	
0.88037452	
0.88143813	
0.88143813	
0.88143813	
0.88248366	
0.88248366	
0.88248366	
0.88351112	
0.88351112	
0.88452052	
0.88452052	
0.88551186	
0.88551186	
0.88551186	
0.88648515	
0.88648515	
0.88648515	
0.88744040	
0.88744040	
0.88744040	
0.88837761	
0.88837761	
0.88837761	
0.88929679	
0.88929679	
0.89019795	
0.89019795	
0.89019795	
0.89108110	
0.89108110	
0.89108110	
0.89194624	
0.89194624	
0.89194624	
0.89279338	
0.89279338	
0.89362252	
0.89362252	
0.89362252	
0.89443368	
0.89443368	
0.89522685	
0.89522685	
0.89522685	
0.89600206	
0.89600206	
0.89600206	
0.89675930	
0.89675930	
0.89675930	
0.89749858	
0.89749858	
0.89749858	
0.89821991	
0.89821991	
0.89892330	
0.89892330	
0.89892330	
0.89960875	
0.89960875	
0.89960875	
0.90027627	
0.90027627	
0.90092586	
0.90092586	
0.90092586	
0.90155754	
0.90155754	
0.90217132	
0.90217132	
0.90217132	
0.90276719	
0.90276719	
0.90276719	
0.90334517	
0.90334517	
0.90334517	
0.90390526	
0.90390526	
0.90390526	
0.90444747	
0.90444747	
0.90497181	
0.90497181	
0.90497181	
0.90547829	
0.90547829	
0.90547829	
0.90596690	
0.90596690	
0.90643767	
0.90643767	
0.90643767	
0.90689059	
0.90689059	
0.90689059	
0.90732568	
0.90732568	
0.90774294	
0.90774294	
0.90774294	
0.90814238	
0.90814238	
0.90814238	
0.90852400	
0.90852400	
0.90852400	
0.90888782	
0.90888782	
0.90888782	
0.90923383	
0.90923383	
0.90956206	
0.90956206	
0.90956206	
0.90987250	
0.90987250	
0.91016516	
0.91016516	
0.91016516	
0.91044005	
0.91044005	
0.91044005	
0.91069718	
0.91069718	
0.91093655	
0.91093655	
0.91093655	
0.91115818	
0.91115818	
0.91115818	
0.91136206	
0.91136206	
0.91136206	
0.91154821	
0.91154821	
0.91154821	
0.91171664	
0.91171664	
0.91186734	
0.91186734	
0.91186734	
0.91200034	
0.91200034	
0.91211563	
0.91211563	
0.91211563	
0.91221323	
0.91221323	
0.91221323	
0.91229313	
0.91229313	
0.91229313	
0.91235536	
0.91235536	
0.91239991	
0.91239991	
0.91239991	
0.91242680	
0.91242680	
0.91242680	
0.91243603	
0.91243603	
0.91243603	
0.91242760	
0.91242760	
0.91242760	
0.91240154	
0.91240154	
0.91235783	
0.91235783	
0.91229650	
0.91229650	
0.91229650	
0.91221755	
0.91221755	
0.91221755	
0.91212099	
0.91212099	
0.91212099	
0.91200682	
0.91200682	
0.91187505	
0.91187505	
0.91187505	
0.91172569	
0.91172569	
0.91172569	
0.91155875	
0.91155875	
0.91155875	
0.91137424	
0.91137424	
0.91137424	
0.91117215	
0.91117215	
0.91095251	
0.91095251	
0.91071532	
0.91071532	
0.91071532	
0.91046059	
0.91046059	
0.91046059	
0.91018831	
0.91018831	
0.91018831	
0.90989852	
0.90989852	
0.90989852	
0.90959120	
0.90959120	
0.90926636	
0.90926636	
0.90926636	
0.90892403	
0.90892403	
0.90892403	
0.90856420	
0.90856420	
0.90856420	
0.90818688	
0.90818688	
0.90818688	
0.90779208	
0.90737980	
0.90737980	
0.90737980	
0.90695006	
0.90695006	
0.90695006	
0.90650287	
0.90650287	
0.90650287	
0.90603823	
0.90603823	
0.90603823	
0.90555615	
0.90555615	
0.90505663	
0.90505663	
0.90505663	
0.90453969	
0.90453969	
0.90453969	
0.90400534	
0.90400534	
0.90400534	
0.90345357	
0.90345357	
0.90345357	
0.90288441	
0.90288441	
0.90229786	
0.90229786	
0.90169392	
0.90169392	
0.90169392	
0.90107261	
0.90107261	
0.90107261	
0.90043393	
0.90043393	
0.90043393	
0.89977790	
0.89977790	
0.89977790	
0.89910451	
0.89910451	
0.89841379	
0.89841379	
0.89841379	
0.89770573	
0.89770573	
0.89770573	
0.89698034	
0.89698034	
0.89698034	
0.89623764	
0.89623764	
0.89547763	
0.89547763	
0.89470033	
0.89470033	
0.89470033	
0.89390573	
0.89390573	
0.89390573	
0.89309385	
0.89309385	
0.89309385	
0.89226469	
0.89226469	
0.89226469	
0.89141827	
0.89141827	
0.89055460	
0.89055460	
0.89055460	
0.88967367	
0.88967367	
0.88967367	
0.88877551	
0.88877551	
0.88877551	
0.88786012	
0.88786012	
0.88692751	
0.88692751	
0.88692751	
0.88597768	
0.88597768	
0.88501065	
0.88501065	
0.88501065	
0.88402642	
0.88402642	
0.88402642	
0.88302501	
0.88302501	
0.88302501	
0.88200642	
0.88200642	
0.88200642	
0.88097066	
0.88097066	
0.87991774	
0.87991774	
0.87991774	
0.87884767	
0.87884767	
0.87884767	
0.87776046	
0.87776046	
0.87665611	
0.87665611	
0.87665611	
0.87553464	
0.87553464	
0.87439606	
0.87439606	
0.87439606	
0.87324037	
0.87324037	
0.87324037	
0.87206758	
0.87206758	
0.87206758	
0.87087770	
0.87087770	
0.87087770	
0.86967075	
0.86967075	
0.86844673	
0.86844673	
0.86844673	
0.86720564	
0.86720564	
0.86720564	
0.86594751	
0.86594751	
0.86467233	
0.86467233	
0.86467233	
0.86338012	
0.86338012	
0.86338012	
0.86207089	
0.86207089	
0.86074464	
0.86074464	
0.86074464	
0.85940139	
0.85940139	
0.85940139	
0.85804115	
0.85804115	
0.85804115	
0.85666391	
0.85666391	
0.85666391	
0.85526970	
0.85526970	
0.85385852	
0.85385852	
0.85385852	
0.85243039	
0.85243039	
0.85098530	
0.85098530	
0.85098530	
0.84952328	
0.84952328	
0.84952328	
0.84804433	
0.84804433	
0.84654845	
0.84654845	
0.84654845	
0.84503567	
0.84503567	
0.84503567	
0.84350598	
0.84350598	
0.84350598	
0.84195941	
0.84195941	
0.84195941	
0.84039595	
0.84039595	
0.83881562	
0.83881562	
0.83881562	
0.83721842	
0.83721842	
0.83560438	
0.83560438	
0.83560438	
0.83397349	
0.83397349	
0.83397349	
0.83232576	
0.83232576	
0.83232576	
0.83066122	
0.83066122	
0.82897985	
0.82897985	
0.82897985	
0.82728169	
0.82728169	
0.82728169	
0.82556672	
0.82556672	
0.82556672	
0.82383498	
0.82383498	
0.82383498	
0.82208646	
0.82208646	
0.82032117	
0.82032117	
0.81853913	
0.81853913	
0.81853913	
0.81674034	
0.81674034	
0.81674034	
0.81492482	
0.81492482	
0.81492482	
0.81309257	
0.81309257	
0.81124360	
0.81124360	
0.81124360	
0.80937793	
0.80937793	
0.80937793	
0.80749556	
0.80749556	
0.80749556	
0.80559651	
0.80559651	
0.80559651	
0.80368078	
0.80368078	
0.80174838	
0.80174838	
0.79979933	
0.79979933	
0.79979933	
0.79783363	
0.79783363	
0.79783363	
0.79585130	
0.79585130	
0.79585130	
0.79385234	
0.79385234	
0.79385234	
0.79183677	
0.79183677	
0.78980459	
0.78980459	
0.78980459	
0.78775582	
0.78775582	
0.78775582	
0.78569046	
0.78569046	
0.78569046	
0.78360852	
0.78360852	
0.78360852	
0.78151002	
0.77939497	
0.77939497	
0.77939497	
0.77726338	
0.77726338	
0.77726338	
0.77511525	
0.77511525	
0.77511525	
0.77295060	
0.77295060	
0.77295060	
0.77076943	
0.77076943	
0.76857177	
0.76857177	
0.76857177	
0.76635761	
0.76635761	
0.76635761	
0.76412697	
0.76412697	
0.76412697	
0.76187986	
0.76187986	
0.76187986	
0.75961629	
0.75961629	
0.75733627	
0.75733627	
0.75503982	
0.75503982	
0.75503982	
0.75272693	
0.75272693	
0.75272693	
0.75039763	
0.75039763	
0.75039763	
0.74805193	
0.74805193	
0.74805193	
0.74568982	
0.74568982	
0.74331133	
0.74331133	
0.74331133	
0.74091647	
0.74091647	
0.74091647	
0.73850525	
0.73850525	
0.73850525	
0.73607768	
0.73607768	
0.73363376	
0.73363376	
0.73117352	
0.73117352	
0.73117352	
0.72869695	
0.72869695	
0.72869695	
0.72620409	
0.72620409	
0.72620409	
0.72369492	
0.72369492	
0.72369492	
0.72116947	
0.72116947	
0.71862775	
0.71862775	
0.71862775	
0.71606977	
0.71606977	
0.71606977	
0.71349554	
0.71349554	
0.71349554	
0.71090507	
0.71090507	
0.70829838	
0.70829838	
0.70829838	
0.70567547	
0.70567547	
0.70303637	
0.70303637	
0.70303637	
0.70038107	
0.70038107	
0.70038107	
0.69770959	
0.69770959	
0.69770959	
0.69502195	
0.69502195	
0.69502195	
0.69231816	
0.69231816	
0.68959823	
0.68959823	
0.68959823	
0.68686217	
0.68686217	
0.68686217	
0.68410999	
0.68410999	
0.68134171	
0.68134171	
0.68134171	
0.67855735	
0.67855735	
0.67575690	
0.67575690	
0.67575690	
0.67294040	
0.67294040	
0.67294040	
0.67010785	
0.67010785	
0.67010785	
0.66725926	
0.66725926	
0.66725926	
0.66439465	
0.66439465	
0.66151403	
0.66151403	
0.66151403	
0.65861742	
0.65861742	
0.65861742	
0.65570483	
0.65570483	
0.65277627	
0.65277627	
0.65277627	
0.64983177	
0.64983177	
0.64983177	
0.64687132	
0.64687132	
0.64389496	
0.64389496	
0.64389496	
0.64090269	
0.64090269	
0.64090269	
0.63789454	
0.63789454	
0.63789454	
0.63487050	
0.63487050	
0.63487050	
0.63183061	
0.63183061	
0.62877488	
0.62877488	
0.62877488	
0.62570333	
0.62570333	
0.62261596	
0.62261596	
0.62261596	
0.61951280	
0.61951280	
0.61951280	
0.61639387	
0.61639387	
0.61325918	
0.61325918	
0.61325918	
0.61010875	
0.61010875	
0.61010875	
0.60694260	
0.60694260	
0.60694260	
0.60376075	
0.60376075	
0.60376075	
0.60056321	
0.60056321	
0.59735001	
0.59735001	
0.59735001	
0.59412117	
0.59412117	
0.59087670	
0.59087670	
0.59087670	
0.58761662	
0.58761662	
0.58761662	
0.58434096	
0.58434096	
0.58434096	
0.58104974	
0.58104974	
0.57774297	
0.57774297	
0.57774297	
0.57442069	
0.57442069	
0.57442069	
0.57108290	
0.57108290	
0.57108290	
0.56772965	
0.56772965	
0.56772965	
0.56436094	
0.56436094	
0.56097680	
0.56097680	
0.55757726	
0.55757726	
0.55757726	
0.55416235	
0.55416235	
0.55416235	
0.55073207	
0.55073207	
0.55073207	
0.54728648	
0.54728648	
0.54382558	
0.54382558	
0.54382558	
0.54034941	
0.54034941	
0.54034941	
0.53685799	
0.53685799	
0.53685799	
0.53335135	
0.53335135	
0.53335135	
0.52982953	
0.52982953	
0.52629254	
0.52629254	
0.52274043	
0.52274043	
0.52274043	
0.51917322	
0.51917322	
0.51917322	
0.51559094	
0.51559094	
0.51559094	
0.51199362	
0.51199362	
0.51199362	
0.50838131	
0.50838131	
0.50475403	
0.50475403	
0.50475403	
0.50111182	
0.50111182	
0.50111182	
0.49745471	
0.49745471	
0.49745471	
0.49378274	
0.49378274	
0.49378274	
0.49009594	
0.48639437	
0.48639437	
0.48639437	
0.48267804	
0.48267804	
0.48267804	
0.47894701	
0.47894701	
0.47894701	
0.47520131	
0.47520131	
0.47520131	
0.47144099	
0.47144099	
0.46766609	
0.46766609	
0.46766609	
0.46387665	
0.46387665	
0.46387665	
0.46007272	
0.46007272	
0.46007272	
0.45625434	
0.45625434	
0.45625434	
0.45242157	
0.45242157	
0.44857444	
0.44857444	
0.44471301	
0.44471301	
0.44471301	
0.44083733	
0.44083733	
0.44083733	
0.43694745	
0.43694745	
0.43694745	
0.43304342	
0.43304342	
0.43304342	
0.42912530	
0.42912530	
0.42519315	
0.42519315	
0.42519315	
0.42124701	
0.42124701	
0.42124701	
0.41728695	
0.41728695	
0.41728695	
0.41331303	
0.41331303	
0.40932531	
0.40932531	
0.40532385	
0.40532385	
0.40532385	
0.40130871	
0.40130871	
0.40130871	
0.39727996	
0.39727996	
0.39727996	
0.39323766	
0.39323766	
0.39323766	
0.38918189	
0.38918189	
0.38511271	
0.38511271	
0.38511271	
0.38103020	
0.38103020	
0.38103020	
0.37693443	
0.37693443	
0.37693443	
0.37282546	
0.37282546	
0.36870339	
0.36870339	
0.36870339	
0.36456828	
0.36456828	
0.36042022	
0.36042022	
0.36042022	
0.35625928	
0.35625928	
0.35625928	
0.35208556	
0.35208556	
0.35208556	
0.34789913	
0.34789913	
0.34789913	
0.34370008	
0.34370008	
0.33948851	
0.33948851	
0.33948851	
0.33526449	
0.33526449	
0.33526449	
0.33102813	
0.33102813	
0.32677951	
0.32677951	
0.32677951	
0.32251874	
0.32251874	
0.31824592	
0.31824592	
0.31824592	
0.31396113	
0.31396113	
0.31396113	
0.30966449	
0.30966449	
0.30966449	
0.30535610	
0.30535610	
0.30535610	
0.30103606	
0.30103606	
0.29670449	
0.29670449	
0.29670449	
0.29236149	
0.29236149	
0.29236149	
0.28800718	
0.28800718	
0.28364167	
0.28364167	
0.28364167	
0.27926508	
0.27926508	
0.27926508	
0.27487753	
0.27487753	
0.27047914	
0.27047914	
0.27047914	
0.26607003	
0.26607003	
0.26607003	
0.26165033	
0.26165033	
0.26165033	
0.25722017	
0.25722017	
0.25722017	
0.25277967	
0.25277967	
0.24832897	
0.24832897	
0.24832897	
0.24386821	
0.24386821	
0.23939751	
0.23939751	
0.23939751	
0.23491703	
0.23491703	
0.23491703	
0.23042690	
0.23042690	
0.22592726	
0.22592726	
0.22592726	
0.22141827	
0.22141827	
0.22141827	
0.21690006	
0.21690006	
0.21690006	
0.21237280	
0.21237280	
0.21237280	
0.20783663	
0.20783663	
0.20329170	
0.20329170	
0.20329170	
0.19873818	
0.19873818	
0.19417623	
0.19417623	
0.19417623	
0.18960600	
0.18960600	
0.18960600	
0.18502766	
0.18502766	
0.18502766	
0.18044138	
0.18044138	
0.17584733	
0.17584733	
0.17584733	
0.17124567	
0.17124567	
0.17124567	
0.16663658	
0.16663658	
0.16663658	
0.16202023	
0.16202023	
0.16202023	
0.15739680	
0.15739680	
0.15276646	
0.15276646	
0.14812941	
0.14812941	
0.14812941	
0.14348582	
0.14348582	
0.14348582	
0.13883587	
0.13883587	
0.13883587	
0.13417976	
0.13417976	
0.12951767	
0.12951767	
0.12951767	
0.12484979	
0.12484979	
0.12484979	
0.12017631	
0.12017631	
0.12017631	
0.11549744	
0.11549744	
0.11549744	
0.11081335	
0.11081335	
0.10612426	
0.10612426	
0.10143036	
0.10143036	
0.10143036	
0.09673185	
0.09673185	
0.09673185	
0.09202893	
0.09202893	
0.09202893	
0.08732180	
0.08732180	
0.08732180	
0.08261068	
0.08261068	
0.07789576	
0.07789576	
0.07789576	
0.07317726	
0.07317726	
0.07317726	
0.06845538	
0.06845538	
0.06845538	
0.06373033	
0.06373033	
0.06373033	
0.05900233	
0.05427158	
0.05427158	
0.05427158	
0.04953830	
0.04953830	
0.04953830	
0.04480270	
0.04480270	
0.04480270	
0.04006499	
0.04006499	
0.04006499	
0.03532540	
0.03532540	
0.03058414	
0.03058414	
0.03058414	
0.02584141	
0.02584141	
0.02584141	
0.02109745	
0.02109745	
0.02109745	
0.01635247	
0.01635247	
0.01635247	
0.01160668	
0.01160668	
0.00686030	
0.00686030	
0.00211356	
0.00211356	
0.00211356	
-0.00263333	
-0.00263333	
-0.00263333	
-0.00738016	
-0.00738016	
-0.00738016	
-0.01212669	
-0.01212669	
-0.01212669	
-0.01687272	
-0.01687272	
-0.02161803	
-0.02161803	
-0.02161803	
-0.02636240	
-0.02636240	
-0.02636240	
-0.03110560	
-0.03110560	
-0.03110560	
-0.03584743	
-0.03584743	
-0.04058767	
-0.04058767	
-0.04532609	
-0.04532609	
-0.04532609	
-0.05006249	
-0.05006249	
-0.05006249	
-0.05479665	
-0.05479665	
-0.05479665	
-0.05952836	
-0.05952836	
-0.05952836	
-0.06425739	
-0.06425739	
-0.06898355	
-0.06898355	
-0.06898355	
-0.07370662	
-0.07370662	
-0.07370662	
-0.07842638	
-0.07842638	
-0.07842638	
-0.08314263	
-0.08314263	
-0.08785517	
-0.08785517	
-0.08785517	
-0.09256378	
-0.09256378	
-0.09726825	
-0.09726825	
-0.09726825	
-0.10196839	
-0.10196839	
-0.10196839	
-0.10666399	
-0.10666399	
-0.10666399	
-0.11135485	
-0.11135485	
-0.11135485	
-0.11604077	
-0.11604077	
-0.12072156	
-0.12072156	
-0.12072156	
-0.12539701	
-0.12539701	
-0.12539701	
-0.13006693	
-0.13006693	
-0.13473113	
-0.13473113	
-0.13473113	
-0.13938941	
-0.13938941	
-0.14404160	
-0.14404160	
-0.14404160	
-0.14868749	
-0.14868749	
-0.14868749	
-0.15332690	
-0.15332690	
-0.15332690	
-0.15795966	
-0.15795966	
-0.15795966	
-0.16258558	
-0.16258558	
-0.16720447	
-0.16720447	
-0.16720447	
-0.17181617	
-0.17181617	
-0.17181617	
-0.17642049	
-0.17642049	
-0.18101726	
-0.18101726	
-0.18101726	
-0.18560632	
-0.18560632	
-0.18560632	
-0.19018749	
-0.19018749	
-0.19476060	
-0.19476060	
-0.19476060	
-0.19932549	
-0.19932549	
-0.19932549	
-0.20388200	
-0.20388200	
-0.20388200	
-0.20842997	
-0.20842997	
-0.20842997	
-0.21296924	
-0.21296924	
-0.21749966	
-0.21749966	
-0.21749966	
-0.22202106	
-0.22202106	
-0.22653331	
-0.22653331	
-0.22653331	
-0.23103624	
-0.23103624	
-0.23103624	
-0.23552972	
-0.23552972	
-0.24001360	
-0.24001360	
-0.24001360	
-0.24448773	
-0.24448773	
-0.24448773	
-0.24895199	
-0.24895199	
-0.24895199	
-0.25340623	
-0.25340623	
-0.25340623	
-0.25785031	
-0.25785031	
-0.26228410	
-0.26228410	
-0.26228410	
-0.26670748	
-0.26670748	
-0.27112031	
-0.27112031	
-0.27112031	
-0.27552247	
-0.27552247	
-0.27552247	
-0.27991383	
-0.27991383	
-0.27991383	
-0.28429428	
-0.28429428	
-0.28866369	
-0.28866369	
-0.28866369	
-0.29302194	
-0.29302194	
-0.29302194	
-0.29736893	
-0.29736893	
-0.29736893	
-0.30170454	
-0.30170454	
-0.30170454	
-0.30602865	
-0.30602865	
-0.31034116	
-0.31034116	
-0.31464197	
-0.31464197	
-0.31464197	
-0.31893097	
-0.31893097	
-0.31893097	
-0.32320805	
-0.32320805	
-0.32320805	
-0.32747312	
-0.32747312	
-0.33172608	
-0.33172608	
-0.33172608	
-0.33596683	
-0.33596683	
-0.33596683	
-0.34019528	
-0.34019528	
-0.34019528	
-0.34441134	
-0.34441134	
-0.34441134	
-0.34861492	
-0.34861492	
-0.35280592	
-0.35280592	
-0.35698426	
-0.35698426	
-0.35698426	
-0.36114986	
-0.36114986	
-0.36114986	
-0.36530264	
-0.36530264	
-0.36530264	
-0.36944250	
-0.36944250	
-0.36944250	
-0.37356939	
-0.37356939	
-0.37768320	
-0.37768320	
-0.37768320	
-0.38178388	
-0.38178388	
-0.38178388	
-0.38587135	
-0.38587135	
-0.38587135	
-0.38994553	
-0.38994553	
-0.38994553	
-0.39400635	
-0.39805375	
-0.39805375	
-0.39805375	
-0.40208766	
-0.40208766	
-0.40208766	
-0.40610800	
-0.40610800	
-0.40610800	
-0.41011472	
-0.41011472	
-0.41011472	
-0.41410776	
-0.41410776	
-0.41808704	
-0.41808704	
-0.41808704	
-0.42205252	
-0.42205252	
-0.42205252	
-0.42600412	
-0.42600412	
-0.42600412	
-0.42994181	
-0.42994181	
-0.42994181	
-0.43386551	
-0.43386551	
-0.43777517	
-0.43777517	
-0.44167074	
-0.44167074	
-0.44167074	
-0.44555218	
-0.44555218	
-0.44555218	
-0.44941941	
-0.44941941	
-0.44941941	
-0.45327241	
-0.45327241	
-0.45327241	
-0.45711111	
-0.45711111	
-0.46093547	
-0.46093547	
-0.46093547	
-0.46474545	
-0.46474545	
-0.46474545	
-0.46854099	
-0.46854099	
-0.46854099	
-0.47232206	
-0.47232206	
-0.47608861	
-0.47608861	
-0.47984060	
-0.47984060	
-0.47984060	
-0.48357798	
-0.48357798	
-0.48357798	
-0.48730072	
-0.48730072	
-0.48730072	
-0.49100878	
-0.49100878	
-0.49100878	
-0.49470212	
-0.49470212	
-0.49838070	
-0.49838070	
-0.49838070	
-0.50204448	
-0.50204448	
-0.50204448	
-0.50569343	
-0.50569343	
-0.50569343	
-0.50932752	
-0.50932752	
-0.51294671	
-0.51294671	
-0.51294671	
-0.51655096	
-0.51655096	
-0.52014024	
-0.52014024	
-0.52014024	
-0.52371453	
-0.52371453	
-0.52371453	
-0.52727379	
-0.52727379	
-0.52727379	
-0.53081798	
-0.53081798	
-0.53081798	
-0.53434709	
-0.53434709	
-0.53786108	
-0.53786108	
-0.53786108	
-0.54135991	
-0.54135991	
-0.54135991	
-0.54484358	
-0.54484358	
-0.54831204	
-0.54831204	
-0.54831204	
-0.55176526	
-0.55176526	
-0.55520324	
-0.55520324	
-0.55520324	
-0.55862593	
-0.55862593	
-0.55862593	
-0.56203331	
-0.56203331	
-0.56203331	
-0.56542536	
-0.56542536	
-0.56542536	
-0.56880206	
-0.56880206	
-0.57216338	
-0.57216338	
-0.57216338	
-0.57550929	
-0.57550929	
-0.57550929	
-0.57883978	
-0.57883978	
-0.58215482	
-0.58215482	
-0.58215482	
-0.58545440	
-0.58545440	
-0.58545440	
-0.58873848	
-0.58873848	
-0.59200705	
-0.59200705	
-0.59200705	
-0.59526009	
-0.59526009	
-0.59526009	
