288.00002957	
288.00002956	
288.00002955	
288.00002954	
288.00002953	
288.00002951	
288.00002950	
288.00002949	
288.00002948	
288.00002947	
288.00002946	
288.00002944	
288.00002943	
288.00002942	
288.00002941	
288.00002940	
288.00002938	
288.00002937	
288.00002936	
288.00002935	
288.00002934	
288.00002933	
288.00002931	
288.00002930	
288.00002929	
288.00002928	
288.00002927	
288.00002926	
288.00002924	
288.00002923	
288.00002922	
288.00002921	
288.00002920	
288.00002919	
288.00002917	
288.00002916	
288.00002915	
288.00002914	
288.00002913	
288.00002912	
288.00002910	
288.00002909	
288.00002908	
288.00002907	
288.00002906	
288.00002905	
288.00002903	
288.00002902	
288.00002901	
288.00002900	
288.00002899	
288.00002898	
288.00002896	
288.00002895	
288.00002894	
288.00002893	
288.00002892	
288.00002891	
288.00002889	
288.00002888	
288.00002887	
288.00002886	
288.00002885	
288.00002884	
288.00002883	
288.00002881	
288.00002880	
288.00002879	
288.00002878	
288.00002877	
288.00002876	
288.00002874	
288.00002873	
288.00002872	
288.00002871	
288.00002870	
288.00002869	
288.00002868	
288.00002866	
288.00002865	
288.00002864	
288.00002863	
288.00002862	
288.00002861	
288.00002860	
288.00002858	
288.00002857	
288.00002856	
288.00002855	
288.00002854	
288.00002853	
288.00002852	
288.00002850	
288.00002849	
288.00002848	
288.00002847	
288.00002846	
288.00002845	
288.00002844	
288.00002842	
288.00002841	
288.00002840	
288.00002839	
288.00002838	
288.00002837	
288.00002836	
288.00002835	
288.00002833	
288.00002832	
288.00002831	
288.00002830	
288.00002829	
288.00002828	
288.00002827	
288.00002825	
288.00002824	
288.00002823	
288.00002822	
288.00002821	
288.00002820	
288.00002819	
288.00002818	
288.00002816	
288.00002815	
288.00002814	
288.00002813	
288.00002812	
288.00002811	
288.00002810	
288.00002809	
288.00002807	
288.00002806	
288.00002805	
288.00002804	
288.00002803	
288.00002802	
288.00002801	
288.00002800	
288.00002798	
288.00002797	
288.00002796	
288.00002795	
288.00002794	
288.00002793	
288.00002792	
288.00002791	
288.00002790	
288.00002788	
288.00002787	
288.00002786	
288.00002785	
288.00002784	
288.00002783	
288.00002782	
288.00002781	
288.00002779	
288.00002778	
288.00002777	
288.00002776	
288.00002775	
288.00002774	
288.00002773	
288.00002772	
288.00002771	
288.00002770	
288.00002768	
288.00002767	
288.00002766	
288.00002765	
288.00002764	
288.00002763	
288.00002762	
288.00002761	
288.00002760	
288.00002758	
288.00002757	
288.00002756	
288.00002755	
288.00002754	
288.00002753	
288.00002752	
288.00002751	
288.00002750	
288.00002749	
288.00002747	
288.00002746	
288.00002745	
288.00002744	
288.00002743	
288.00002742	
288.00002741	
288.00002740	
288.00002739	
288.00002738	
288.00002736	
288.00002735	
288.00002734	
288.00002733	
288.00002732	
288.00002731	
288.00002730	
288.00002729	
288.00002728	
288.00002727	
288.00002726	
288.00002724	
288.00002723	
288.00002722	
288.00002721	
288.00002720	
288.00002719	
288.00002718	
288.00002717	
288.00002716	
288.00002715	
288.00002714	
288.00002712	
288.00002711	
288.00002710	
288.00002709	
288.00002708	
288.00002707	
288.00002706	
288.00002705	
288.00002704	
288.00002703	
288.00002702	
288.00002701	
288.00002699	
288.00002698	
288.00002697	
288.00002696	
288.00002695	
288.00002694	
288.00002693	
288.00002692	
288.00002691	
288.00002690	
288.00002689	
288.00002688	
288.00002687	
288.00002685	
288.00002684	
288.00002683	
288.00002682	
288.00002681	
288.00002680	
288.00002679	
288.00002678	
288.00002677	
288.00002676	
288.00002675	
288.00002674	
288.00002673	
288.00002672	
288.00002670	
288.00002669	
288.00002668	
288.00002667	
288.00002666	
288.00002665	
288.00002664	
288.00002663	
288.00002662	
288.00002661	
288.00002660	
288.00002659	
288.00002658	
288.00002657	
288.00002656	
288.00002655	
288.00002653	
288.00002652	
288.00002651	
288.00002650	
288.00002649	
288.00002648	
288.00002647	
288.00002646	
288.00002645	
288.00002644	
288.00002643	
288.00002642	
288.00002641	
288.00002640	
288.00002639	
288.00002638	
288.00002637	
288.00002635	
288.00002634	
288.00002633	
288.00002632	
288.00002631	
288.00002630	
288.00002629	
288.00002628	
288.00002627	
288.00002626	
288.00002625	
288.00002624	
288.00002623	
288.00002622	
288.00002621	
288.00002620	
288.00002619	
288.00002618	
288.00002617	
288.00002616	
288.00002614	
288.00002613	
288.00002612	
288.00002611	
288.00002610	
288.00002609	
288.00002608	
288.00002607	
288.00002606	
288.00002605	
288.00002604	
288.00002603	
288.00002602	
288.00002601	
288.00002600	
288.00002599	
288.00002598	
288.00002597	
288.00002596	
288.00002595	
288.00002594	
288.00002593	
288.00002592	
288.00002591	
288.00002589	
288.00002588	
288.00002587	
288.00002586	
288.00002585	
288.00002584	
288.00002583	
288.00002582	
288.00002581	
288.00002580	
288.00002579	
288.00002578	
288.00002577	
288.00002576	
288.00002575	
288.00002574	
288.00002573	
288.00002572	
288.00002571	
288.00002570	
288.00002569	
288.00002568	
288.00002567	
288.00002566	
288.00002565	
288.00002564	
288.00002563	
288.00002562	
288.00002561	
288.00002560	
288.00002559	
288.00002558	
288.00002557	
288.00002556	
288.00002554	
288.00002553	
288.00002552	
288.00002551	
288.00002550	
288.00002549	
288.00002548	
288.00002547	
288.00002546	
288.00002545	
288.00002544	
288.00002543	
288.00002542	
288.00002541	
288.00002540	
288.00002539	
288.00002538	
288.00002537	
288.00002536	
288.00002535	
288.00002534	
288.00002533	
288.00002532	
288.00002531	
288.00002530	
288.00002529	
288.00002528	
288.00002527	
288.00002526	
288.00002525	
288.00002524	
288.00002523	
288.00002522	
288.00002521	
288.00002520	
288.00002519	
288.00002518	
288.00002517	
288.00002516	
288.00002515	
288.00002514	
288.00002513	
288.00002512	
288.00002511	
288.00002510	
288.00002509	
288.00002508	
288.00002507	
288.00002506	
288.00002505	
288.00002504	
288.00002503	
288.00002502	
288.00002501	
288.00002500	
288.00002499	
288.00002498	
288.00002497	
288.00002496	
288.00002495	
288.00002494	
288.00002493	
288.00002492	
288.00002491	
288.00002490	
288.00002489	
288.00002488	
288.00002487	
288.00002486	
288.00002485	
288.00002484	
288.00002483	
288.00002482	
288.00002481	
288.00002480	
288.00002479	
288.00002478	
288.00002477	
288.00002476	
288.00002475	
288.00002474	
288.00002473	
288.00002472	
288.00002471	
288.00002470	
288.00002469	
288.00002468	
288.00002467	
288.00002466	
288.00002465	
288.00002464	
288.00002463	
288.00002462	
288.00002461	
288.00002460	
288.00002459	
288.00002458	
288.00002457	
288.00002456	
288.00002455	
288.00002454	
288.00002453	
288.00002452	
288.00002451	
288.00002450	
288.00002449	
288.00002448	
288.00002447	
288.00002446	
288.00002445	
288.00002445	
288.00002444	
288.00002443	
288.00002442	
288.00002441	
288.00002440	
288.00002439	
288.00002438	
288.00002437	
288.00002436	
288.00002435	
288.00002434	
288.00002433	
288.00002432	
288.00002431	
288.00002430	
288.00002429	
288.00002428	
288.00002427	
288.00002426	
288.00002425	
288.00002424	
288.00002423	
288.00002422	
288.00002421	
288.00002420	
288.00002419	
288.00002418	
288.00002417	
288.00002416	
288.00002415	
288.00002414	
288.00002413	
288.00002412	
288.00002411	
288.00002411	
288.00002410	
288.00002409	
288.00002408	
288.00002407	
288.00002406	
288.00002405	
288.00002404	
288.00002403	
288.00002402	
288.00002401	
288.00002400	
288.00002399	
288.00002398	
288.00002397	
288.00002396	
288.00002395	
288.00002394	
288.00002393	
288.00002392	
288.00002391	
288.00002390	
288.00002389	
288.00002388	
288.00002387	
288.00002387	
288.00002386	
288.00002385	
288.00002384	
288.00002383	
288.00002382	
288.00002381	
288.00002380	
288.00002379	
288.00002378	
288.00002377	
288.00002376	
288.00002375	
288.00002374	
288.00002373	
288.00002372	
288.00002371	
288.00002370	
288.00002369	
288.00002368	
288.00002368	
288.00002367	
288.00002366	
288.00002365	
288.00002364	
288.00002363	
288.00002362	
288.00002361	
288.00002360	
288.00002359	
288.00002358	
288.00002357	
288.00002356	
288.00002355	
288.00002354	
288.00002353	
288.00002352	
288.00002351	
288.00002351	
288.00002350	
288.00002349	
288.00002348	
288.00002347	
288.00002346	
288.00002345	
288.00002344	
288.00002343	
288.00002342	
288.00002341	
288.00002340	
288.00002339	
288.00002338	
288.00002337	
288.00002336	
288.00002336	
288.00002335	
288.00002334	
288.00002333	
288.00002332	
288.00002331	
288.00002330	
288.00002329	
288.00002328	
288.00002327	
288.00002326	
288.00002325	
288.00002324	
288.00002323	
288.00002322	
288.00002322	
288.00002321	
288.00002320	
288.00002319	
288.00002318	
288.00002317	
288.00002316	
288.00002315	
288.00002314	
288.00002313	
288.00002312	
288.00002311	
288.00002310	
288.00002310	
288.00002309	
288.00002308	
288.00002307	
288.00002306	
288.00002305	
288.00002304	
288.00002303	
288.00002302	
288.00002301	
288.00002300	
288.00002299	
288.00002298	
288.00002298	
288.00002297	
288.00002296	
288.00002295	
288.00002294	
288.00002293	
288.00002292	
288.00002291	
288.00002290	
288.00002289	
288.00002288	
288.00002287	
288.00002287	
288.00002286	
288.00002285	
288.00002284	
288.00002283	
288.00002282	
288.00002281	
288.00002280	
288.00002279	
288.00002278	
288.00002277	
288.00002276	
288.00002276	
288.00002275	
288.00002274	
288.00002273	
288.00002272	
288.00002271	
288.00002270	
288.00002269	
288.00002268	
288.00002267	
288.00002266	
288.00002266	
288.00002265	
288.00002264	
288.00002263	
288.00002262	
288.00002261	
288.00002260	
288.00002259	
288.00002258	
288.00002257	
288.00002257	
288.00002256	
288.00002255	
288.00002254	
288.00002253	
288.00002252	
288.00002251	
288.00002250	
288.00002249	
288.00002248	
288.00002248	
288.00002247	
288.00002246	
288.00002245	
288.00002244	
288.00002243	
288.00002242	
288.00002241	
288.00002240	
288.00002239	
288.00002239	
288.00002238	
288.00002237	
288.00002236	
288.00002235	
288.00002234	
288.00002233	
288.00002232	
288.00002231	
288.00002231	
288.00002230	
288.00002229	
288.00002228	
288.00002227	
288.00002226	
288.00002225	
288.00002224	
288.00002223	
288.00002222	
288.00002222	
288.00002221	
288.00002220	
288.00002219	
288.00002218	
288.00002217	
288.00002216	
288.00002215	
288.00002214	
288.00002214	
288.00002213	
288.00002212	
288.00002211	
288.00002210	
288.00002209	
288.00002208	
288.00002207	
288.00002207	
288.00002206	
288.00002205	
288.00002204	
288.00002203	
288.00002202	
288.00002201	
288.00002200	
288.00002199	
288.00002199	
288.00002198	
288.00002197	
288.00002196	
288.00002195	
288.00002194	
288.00002193	
288.00002192	
288.00002192	
288.00002191	
288.00002190	
288.00002189	
288.00002188	
288.00002187	
288.00002186	
288.00002185	
288.00002185	
288.00002184	
288.00002183	
288.00002182	
288.00002181	
288.00002180	
288.00002179	
288.00002178	
288.00002178	
288.00002177	
288.00002176	
288.00002175	
288.00002174	
288.00002173	
288.00002172	
288.00002172	
288.00002171	
288.00002170	
288.00002169	
288.00002168	
288.00002167	
288.00002166	
288.00002165	
288.00002165	
288.00002164	
288.00002163	
288.00002162	
288.00002161	
288.00002160	
288.00002159	
288.00002159	
288.00002158	
288.00002157	
288.00002156	
288.00002155	
288.00002154	
288.00002153	
288.00002152	
288.00002152	
288.00002151	
288.00002150	
288.00002149	
288.00002148	
288.00002147	
288.00002146	
288.00002146	
288.00002145	
288.00002144	
288.00002143	
288.00002142	
288.00002141	
288.00002140	
288.00002140	
288.00002139	
288.00002138	
288.00002137	
288.00002136	
288.00002135	
288.00002134	
288.00002134	
288.00002133	
288.00002132	
288.00002131	
288.00002130	
288.00002129	
288.00002128	
288.00002128	
288.00002127	
288.00002126	
288.00002125	
288.00002124	
288.00002123	
288.00002123	
288.00002122	
288.00002121	
288.00002120	
288.00002119	
288.00002118	
288.00002117	
288.00002117	
288.00002116	
288.00002115	
288.00002114	
288.00002113	
288.00002112	
288.00002112	
288.00002111	
288.00002110	
288.00002109	
288.00002108	
288.00002107	
288.00002106	
288.00002106	
288.00002105	
288.00002104	
288.00002103	
288.00002102	
288.00002101	
288.00002101	
288.00002100	
288.00002099	
288.00002098	
288.00002097	
288.00002096	
288.00002096	
288.00002095	
288.00002094	
288.00002093	
288.00002092	
288.00002091	
288.00002091	
288.00002090	
288.00002089	
288.00002088	
288.00002087	
288.00002086	
288.00002086	
288.00002085	
288.00002084	
288.00002083	
288.00002082	
288.00002081	
288.00002081	
288.00002080	
288.00002079	
288.00002078	
288.00002077	
288.00002076	
288.00002076	
288.00002075	
288.00002074	
288.00002073	
288.00002072	
288.00002071	
288.00002071	
288.00002070	
288.00002069	
288.00002068	
288.00002067	
288.00002066	
288.00002066	
288.00002065	
288.00002064	
288.00002063	
288.00002062	
288.00002061	
288.00002061	
288.00002060	
288.00002059	
288.00002058	
288.00002057	
288.00002057	
288.00002056	
288.00002055	
288.00002054	
288.00002053	
288.00002052	
288.00002052	
288.00002051	
288.00002050	
288.00002049	
288.00002048	
288.00002047	
288.00002047	
288.00002046	
288.00002045	
288.00002044	
288.00002043	
288.00002043	
288.00002042	
288.00002041	
288.00002040	
288.00002039	
288.00002038	
288.00002038	
288.00002037	
288.00002036	
288.00002035	
288.00002034	
288.00002034	
288.00002033	
288.00002032	
288.00002031	
288.00002030	
288.00002030	
288.00002029	
288.00002028	
288.00002027	
288.00002026	
288.00002025	
288.00002025	
288.00002024	
288.00002023	
288.00002022	
288.00002021	
288.00002021	
288.00002020	
288.00002019	
288.00002018	
288.00002017	
288.00002017	
288.00002016	
288.00002015	
288.00002014	
288.00002013	
288.00002013	
288.00002012	
288.00002011	
288.00002010	
288.00002009	
288.00002009	
288.00002008	
288.00002007	
288.00002006	
288.00002005	
288.00002005	
288.00002004	
288.00002003	
288.00002002	
288.00002001	
288.00002001	
288.00002000	
288.00001999	
288.00001998	
288.00001997	
288.00001997	
288.00001996	
288.00001995	
288.00001994	
288.00001993	
288.00001993	
288.00001992	
288.00001991	
288.00001990	
288.00001989	
288.00001989	
288.00001988	
288.00001987	
288.00001986	
288.00001985	
288.00001985	
288.00001984	
288.00001983	
288.00001982	
288.00001981	
288.00001981	
288.00001980	
288.00001979	
288.00001978	
288.00001977	
288.00001977	
288.00001976	
288.00001975	
288.00001974	
288.00001973	
288.00001973	
288.00001972	
288.00001971	
288.00001970	
288.00001970	
288.00001969	
288.00001968	
288.00001967	
288.00001966	
288.00001966	
288.00001965	
288.00001964	
288.00001963	
288.00001962	
288.00001962	
288.00001961	
288.00001960	
288.00001959	
288.00001959	
288.00001958	
288.00001957	
288.00001956	
288.00001955	
288.00001955	
288.00001954	
288.00001953	
288.00001952	
288.00001952	
288.00001951	
288.00001950	
288.00001949	
288.00001948	
288.00001948	
288.00001947	
288.00001946	
288.00001945	
288.00001944	
288.00001944	
288.00001943	
288.00001942	
288.00001941	
288.00001941	
288.00001940	
288.00001939	
288.00001938	
288.00001937	
288.00001937	
288.00001936	
288.00001935	
288.00001934	
288.00001934	
288.00001933	
288.00001932	
288.00001931	
288.00001931	
288.00001930	
288.00001929	
288.00001928	
288.00001927	
288.00001927	
288.00001926	
288.00001925	
288.00001924	
288.00001924	
288.00001923	
288.00001922	
288.00001921	
288.00001921	
288.00001920	
288.00001919	
288.00001918	
288.00001917	
288.00001917	
288.00001916	
288.00001915	
288.00001914	
288.00001914	
288.00001913	
288.00001912	
288.00001911	
288.00001911	
288.00001910	
288.00001909	
288.00001908	
288.00001908	
288.00001907	
288.00001906	
288.00001905	
288.00001904	
288.00001904	
288.00001903	
288.00001902	
288.00001901	
288.00001901	
288.00001900	
288.00001899	
288.00001898	
288.00001898	
288.00001897	
288.00001896	
288.00001895	
288.00001895	
288.00001894	
288.00001893	
288.00001892	
288.00001892	
288.00001891	
288.00001890	
288.00001889	
288.00001889	
288.00001888	
288.00001887	
288.00001886	
288.00001885	
288.00001885	
288.00001884	
288.00001883	
288.00001882	
288.00001882	
288.00001881	
288.00001880	
288.00001879	
288.00001879	
288.00001878	
288.00001877	
288.00001876	
288.00001876	
288.00001875	
288.00001874	
288.00001873	
288.00001873	
288.00001872	
288.00001871	
288.00001870	
288.00001870	
288.00001869	
288.00001868	
288.00001867	
288.00001867	
288.00001866	
288.00001865	
288.00001864	
288.00001864	
288.00001863	
288.00001862	
288.00001862	
288.00001861	
288.00001860	
288.00001859	
288.00001859	
288.00001858	
288.00001857	
288.00001856	
288.00001856	
288.00001855	
288.00001854	
288.00001853	
288.00001853	
288.00001852	
288.00001851	
288.00001850	
288.00001850	
288.00001849	
288.00001848	
288.00001847	
288.00001847	
288.00001846	
288.00001845	
288.00001844	
288.00001844	
288.00001843	
288.00001842	
288.00001842	
288.00001841	
288.00001840	
288.00001839	
288.00001839	
288.00001838	
288.00001837	
288.00001836	
288.00001836	
288.00001835	
288.00001834	
288.00001833	
288.00001833	
288.00001832	
288.00001831	
288.00001830	
288.00001830	
288.00001829	
288.00001828	
288.00001828	
288.00001827	
288.00001826	
288.00001825	
288.00001825	
288.00001824	
288.00001823	
288.00001822	
288.00001822	
288.00001821	
288.00001820	
288.00001820	
288.00001819	
288.00001818	
288.00001817	
288.00001817	
288.00001816	
288.00001815	
288.00001814	
288.00001814	
288.00001813	
288.00001812	
288.00001812	
288.00001811	
288.00001810	
288.00001809	
288.00001809	
288.00001808	
288.00001807	
288.00001806	
288.00001806	
288.00001805	
288.00001804	
288.00001804	
288.00001803	
288.00001802	
288.00001801	
288.00001801	
288.00001800	
288.00001799	
288.00001799	
288.00001798	
288.00001797	
288.00001796	
288.00001796	
288.00001795	
288.00001794	
288.00001794	
288.00001793	
288.00001792	
288.00001791	
288.00001791	
288.00001790	
288.00001789	
288.00001789	
288.00001788	
288.00001787	
288.00001786	
288.00001786	
288.00001785	
288.00001784	
288.00001784	
288.00001783	
288.00001782	
288.00001781	
288.00001781	
288.00001780	
288.00001779	
288.00001779	
288.00001778	
288.00001777	
288.00001776	
288.00001776	
288.00001775	
288.00001774	
288.00001774	
288.00001773	
288.00001772	
288.00001771	
288.00001771	
288.00001770	
288.00001769	
288.00001769	
288.00001768	
288.00001767	
288.00001766	
288.00001766	
288.00001765	
288.00001764	
288.00001764	
288.00001763	
288.00001762	
288.00001762	
288.00001761	
288.00001760	
288.00001759	
288.00001759	
288.00001758	
288.00001757	
288.00001757	
288.00001756	
288.00001755	
288.00001754	
288.00001754	
288.00001753	
288.00001752	
288.00001752	
288.00001751	
288.00001750	
288.00001750	
288.00001749	
288.00001748	
288.00001747	
288.00001747	
288.00001746	
288.00001745	
288.00001745	
288.00001744	
288.00001743	
288.00001743	
288.00001742	
288.00001741	
288.00001741	
288.00001740	
288.00001739	
288.00001738	
288.00001738	
288.00001737	
288.00001736	
288.00001736	
288.00001735	
288.00001734	
288.00001734	
288.00001733	
288.00001732	
288.00001731	
288.00001731	
288.00001730	
288.00001729	
288.00001729	
288.00001728	
288.00001727	
288.00001727	
288.00001726	
288.00001725	
288.00001725	
288.00001724	
288.00001723	
288.00001722	
288.00001722	
288.00001721	
288.00001720	
288.00001720	
288.00001719	
288.00001718	
288.00001718	
288.00001717	
288.00001716	
288.00001716	
288.00001715	
288.00001714	
288.00001714	
288.00001713	
288.00001712	
288.00001712	
288.00001711	
288.00001710	
288.00001709	
288.00001709	
288.00001708	
288.00001707	
288.00001707	
288.00001706	
288.00001705	
288.00001705	
288.00001704	
288.00001703	
288.00001703	
288.00001702	
288.00001701	
288.00001701	
288.00001700	
288.00001699	
288.00001699	
288.00001698	
288.00001697	
288.00001697	
288.00001696	
288.00001695	
288.00001694	
288.00001694	
288.00001693	
288.00001692	
288.00001692	
288.00001691	
288.00001690	
288.00001690	
288.00001689	
288.00001688	
288.00001688	
288.00001687	
288.00001686	
288.00001686	
288.00001685	
288.00001684	
288.00001684	
288.00001683	
288.00001682	
288.00001682	
288.00001681	
288.00001680	
288.00001680	
288.00001679	
288.00001678	
288.00001678	
288.00001677	
288.00001676	
288.00001676	
288.00001675	
288.00001674	
288.00001674	
288.00001673	
288.00001672	
288.00001672	
288.00001671	
288.00001670	
288.00001670	
288.00001669	
288.00001668	
288.00001668	
288.00001667	
288.00001666	
288.00001666	
288.00001665	
288.00001664	
288.00001664	
288.00001663	
288.00001662	
288.00001662	
288.00001661	
288.00001660	
288.00001660	
288.00001659	
288.00001658	
288.00001658	
288.00001657	
288.00001656	
288.00001656	
288.00001655	
288.00001654	
288.00001654	
288.00001653	
288.00001652	
288.00001652	
288.00001651	
288.00001650	
288.00001650	
288.00001649	
288.00001648	
288.00001648	
288.00001647	
288.00001646	
288.00001646	
288.00001645	
288.00001644	
288.00001644	
288.00001643	
288.00001642	
288.00001642	
288.00001641	
288.00001640	
288.00001640	
288.00001639	
288.00001638	
288.00001638	
288.00001637	
288.00001637	
288.00001636	
288.00001635	
288.00001635	
288.00001634	
288.00001633	
288.00001633	
288.00001632	
288.00001631	
288.00001631	
288.00001630	
288.00001629	
288.00001629	
288.00001628	
288.00001627	
288.00001627	
288.00001626	
288.00001625	
288.00001625	
288.00001624	
288.00001623	
288.00001623	
288.00001622	
288.00001622	
288.00001621	
288.00001620	
288.00001620	
288.00001619	
288.00001618	
288.00001618	
288.00001617	
288.00001616	
288.00001616	
288.00001615	
288.00001614	
288.00001614	
288.00001613	
288.00001612	
288.00001612	
288.00001611	
288.00001611	
288.00001610	
288.00001609	
288.00001609	
288.00001608	
288.00001607	
288.00001607	
288.00001606	
288.00001605	
288.00001605	
288.00001604	
288.00001603	
288.00001603	
288.00001602	
288.00001602	
288.00001601	
288.00001600	
288.00001600	
288.00001599	
288.00001598	
288.00001598	
288.00001597	
288.00001596	
288.00001596	
288.00001595	
288.00001594	
288.00001594	
288.00001593	
288.00001593	
288.00001592	
288.00001591	
288.00001591	
288.00001590	
288.00001589	
288.00001589	
288.00001588	
288.00001587	
288.00001587	
288.00001586	
288.00001586	
288.00001585	
288.00001584	
288.00001584	
288.00001583	
288.00001582	
288.00001582	
288.00001581	
288.00001581	
288.00001580	
288.00001579	
288.00001579	
288.00001578	
288.00001577	
288.00001577	
288.00001576	
288.00001575	
288.00001575	
288.00001574	
288.00001574	
288.00001573	
288.00001572	
288.00001572	
288.00001571	
288.00001570	
288.00001570	
288.00001569	
288.00001569	
288.00001568	
288.00001567	
288.00001567	
288.00001566	
288.00001565	
288.00001565	
288.00001564	
288.00001564	
288.00001563	
288.00001562	
288.00001562	
288.00001561	
288.00001560	
288.00001560	
288.00001559	
288.00001559	
288.00001558	
288.00001557	
288.00001557	
288.00001556	
288.00001555	
288.00001555	
288.00001554	
288.00001554	
288.00001553	
288.00001552	
288.00001552	
288.00001551	
288.00001550	
288.00001550	
288.00001549	
288.00001549	
288.00001548	
288.00001547	
288.00001547	
288.00001546	
288.00001546	
288.00001545	
288.00001544	
288.00001544	
288.00001543	
288.00001542	
288.00001542	
288.00001541	
288.00001541	
288.00001540	
288.00001539	
288.00001539	
288.00001538	
288.00001537	
288.00001537	
288.00001536	
288.00001536	
288.00001535	
288.00001534	
288.00001534	
288.00001533	
288.00001533	
288.00001532	
288.00001531	
288.00001531	
288.00001530	
288.00001530	
288.00001529	
288.00001528	
288.00001528	
288.00001527	
288.00001526	
288.00001526	
288.00001525	
288.00001525	
288.00001524	
288.00001523	
288.00001523	
288.00001522	
288.00001522	
288.00001521	
288.00001520	
288.00001520	
288.00001519	
288.00001519	
288.00001518	
288.00001517	
288.00001517	
288.00001516	
288.00001516	
288.00001515	
288.00001514	
288.00001514	
288.00001513	
288.00001512	
288.00001512	
288.00001511	
288.00001511	
288.00001510	
288.00001509	
288.00001509	
288.00001508	
288.00001508	
288.00001507	
288.00001506	
288.00001506	
288.00001505	
288.00001505	
288.00001504	
288.00001503	
288.00001503	
288.00001502	
288.00001502	
288.00001501	
288.00001500	
288.00001500	
288.00001499	
288.00001499	
288.00001498	
288.00001497	
288.00001497	
288.00001496	
288.00001496	
288.00001495	
288.00001494	
288.00001494	
288.00001493	
288.00001493	
288.00001492	
288.00001491	
288.00001491	
288.00001490	
288.00001490	
288.00001489	
288.00001488	
288.00001488	
288.00001487	
288.00001487	
288.00001486	
288.00001485	
288.00001485	
288.00001484	
288.00001484	
288.00001483	
288.00001483	
288.00001482	
288.00001481	
288.00001481	
288.00001480	
288.00001480	
288.00001479	
288.00001478	
288.00001478	
288.00001477	
288.00001477	
288.00001476	
288.00001475	
288.00001475	
288.00001474	
288.00001474	
288.00001473	
288.00001472	
288.00001472	
288.00001471	
288.00001471	
288.00001470	
288.00001470	
288.00001469	
288.00001468	
288.00001468	
288.00001467	
288.00001467	
288.00001466	
288.00001465	
288.00001465	
288.00001464	
288.00001464	
288.00001463	
288.00001462	
288.00001462	
288.00001461	
288.00001461	
288.00001460	
288.00001460	
288.00001459	
288.00001458	
288.00001458	
288.00001457	
288.00001457	
288.00001456	
288.00001455	
288.00001455	
288.00001454	
288.00001454	
288.00001453	
288.00001453	
288.00001452	
288.00001451	
288.00001451	
288.00001450	
288.00001450	
288.00001449	
288.00001449	
288.00001448	
288.00001447	
288.00001447	
288.00001446	
288.00001446	
288.00001445	
288.00001444	
288.00001444	
288.00001443	
288.00001443	
288.00001442	
288.00001442	
288.00001441	
288.00001440	
288.00001440	
288.00001439	
288.00001439	
288.00001438	
288.00001438	
288.00001437	
288.00001436	
288.00001436	
288.00001435	
288.00001435	
288.00001434	
288.00001434	
288.00001433	
288.00001432	
288.00001432	
288.00001431	
288.00001431	
288.00001430	
288.00001430	
288.00001429	
288.00001428	
288.00001428	
288.00001427	
288.00001427	
288.00001426	
288.00001426	
288.00001425	
288.00001424	
288.00001424	
288.00001423	
288.00001423	
288.00001422	
288.00001422	
288.00001421	
288.00001420	
288.00001420	
288.00001419	
288.00001419	
288.00001418	
288.00001418	
288.00001417	
288.00001416	
288.00001416	
288.00001415	
288.00001415	
288.00001414	
288.00001414	
288.00001413	
288.00001412	
288.00001412	
288.00001411	
288.00001411	
288.00001410	
288.00001410	
288.00001409	
288.00001409	
288.00001408	
288.00001407	
288.00001407	
288.00001406	
288.00001406	
288.00001405	
288.00001405	
288.00001404	
288.00001403	
288.00001403	
288.00001402	
288.00001402	
288.00001401	
288.00001401	
288.00001400	
288.00001400	
288.00001399	
288.00001398	
288.00001398	
288.00001397	
288.00001397	
288.00001396	
288.00001396	
288.00001395	
288.00001394	
288.00001394	
288.00001393	
288.00001393	
288.00001392	
288.00001392	
288.00001391	
288.00001391	
288.00001390	
288.00001389	
288.00001389	
288.00001388	
288.00001388	
288.00001387	
288.00001387	
288.00001386	
288.00001386	
288.00001385	
288.00001384	
288.00001384	
288.00001383	
288.00001383	
288.00001382	
288.00001382	
288.00001381	
288.00001381	
288.00001380	
288.00001380	
288.00001379	
288.00001378	
288.00001378	
288.00001377	
288.00001377	
288.00001376	
288.00001376	
288.00001375	
288.00001375	
288.00001374	
288.00001373	
288.00001373	
288.00001372	
288.00001372	
288.00001371	
288.00001371	
288.00001370	
288.00001370	
288.00001369	
288.00001369	
288.00001368	
288.00001367	
288.00001367	
288.00001366	
288.00001366	
288.00001365	
288.00001365	
288.00001364	
288.00001364	
288.00001363	
288.00001363	
288.00001362	
288.00001361	
288.00001361	
288.00001360	
288.00001360	
288.00001359	
288.00001359	
288.00001358	
288.00001358	
288.00001357	
288.00001357	
288.00001356	
288.00001355	
288.00001355	
288.00001354	
288.00001354	
288.00001353	
288.00001353	
288.00001352	
288.00001352	
288.00001351	
288.00001351	
288.00001350	
288.00001349	
288.00001349	
288.00001348	
288.00001348	
288.00001347	
288.00001347	
288.00001346	
288.00001346	
288.00001345	
288.00001345	
288.00001344	
288.00001344	
288.00001343	
288.00001342	
288.00001342	
288.00001341	
288.00001341	
288.00001340	
288.00001340	
288.00001339	
288.00001339	
288.00001338	
288.00001338	
288.00001337	
288.00001337	
288.00001336	
288.00001336	
288.00001335	
288.00001334	
288.00001334	
288.00001333	
288.00001333	
288.00001332	
288.00001332	
288.00001331	
288.00001331	
288.00001330	
288.00001330	
288.00001329	
288.00001329	
288.00001328	
288.00001328	
288.00001327	
288.00001326	
288.00001326	
288.00001325	
288.00001325	
288.00001324	
288.00001324	
288.00001323	
288.00001323	
288.00001322	
288.00001322	
288.00001321	
288.00001321	
288.00001320	
288.00001320	
288.00001319	
288.00001319	
288.00001318	
288.00001317	
288.00001317	
288.00001316	
288.00001316	
288.00001315	
288.00001315	
288.00001314	
288.00001314	
288.00001313	
288.00001313	
288.00001312	
288.00001312	
288.00001311	
288.00001311	
288.00001310	
288.00001310	
288.00001309	
288.00001309	
288.00001308	
288.00001308	
288.00001307	
288.00001306	
288.00001306	
288.00001305	
288.00001305	
288.00001304	
288.00001304	
288.00001303	
288.00001303	
288.00001302	
288.00001302	
288.00001301	
288.00001301	
288.00001300	
288.00001300	
288.00001299	
288.00001299	
288.00001298	
288.00001298	
288.00001297	
288.00001297	
288.00001296	
288.00001296	
288.00001295	
288.00001294	
288.00001294	
288.00001293	
288.00001293	
288.00001292	
288.00001292	
288.00001291	
288.00001291	
288.00001290	
288.00001290	
288.00001289	
288.00001289	
288.00001288	
288.00001288	
288.00001287	
288.00001287	
288.00001286	
288.00001286	
288.00001285	
288.00001285	
288.00001284	
288.00001284	
288.00001283	
288.00001283	
288.00001282	
288.00001282	
288.00001281	
288.00001281	
288.00001280	
288.00001280	
288.00001279	
288.00001279	
288.00001278	
288.00001278	
288.00001277	
288.00001276	
288.00001276	
288.00001275	
288.00001275	
288.00001274	
288.00001274	
288.00001273	
288.00001273	
288.00001272	
288.00001272	
288.00001271	
288.00001271	
288.00001270	
288.00001270	
288.00001269	
288.00001269	
288.00001268	
288.00001268	
288.00001267	
288.00001267	
288.00001266	
288.00001266	
288.00001265	
288.00001265	
288.00001264	
288.00001264	
288.00001263	
288.00001263	
288.00001262	
288.00001262	
288.00001261	
288.00001261	
288.00001260	
288.00001260	
288.00001259	
288.00001259	
288.00001258	
288.00001258	
288.00001257	
288.00001257	
288.00001256	
288.00001256	
288.00001255	
288.00001255	
288.00001254	
288.00001254	
288.00001253	
288.00001253	
288.00001252	
288.00001252	
288.00001251	
288.00001251	
288.00001250	
288.00001250	
288.00001249	
288.00001249	
288.00001248	
288.00001248	
288.00001247	
288.00001247	
288.00001246	
288.00001246	
288.00001245	
288.00001245	
288.00001244	
288.00001244	
288.00001243	
288.00001243	
288.00001242	
288.00001242	
288.00001241	
288.00001241	
288.00001240	
288.00001240	
288.00001239	
288.00001239	
288.00001238	
288.00001238	
288.00001237	
288.00001237	
288.00001236	
288.00001236	
288.00001235	
288.00001235	
288.00001234	
288.00001234	
288.00001233	
288.00001233	
288.00001232	
288.00001232	
288.00001231	
288.00001231	
288.00001230	
288.00001230	
288.00001229	
288.00001229	
288.00001228	
288.00001228	
288.00001227	
288.00001227	
288.00001226	
288.00001226	
288.00001225	
288.00001225	
288.00001224	
288.00001224	
288.00001223	
288.00001223	
288.00001223	
288.00001222	
288.00001222	
288.00001221	
288.00001221	
288.00001220	
288.00001220	
288.00001219	
288.00001219	
288.00001218	
288.00001218	
288.00001217	
288.00001217	
288.00001216	
288.00001216	
288.00001215	
288.00001215	
288.00001214	
288.00001214	
288.00001213	
288.00001213	
288.00001212	
288.00001212	
288.00001211	
288.00001211	
288.00001210	
288.00001210	
288.00001209	
288.00001209	
288.00001208	
288.00001208	
288.00001207	
288.00001207	
288.00001206	
288.00001206	
288.00001206	
288.00001205	
288.00001205	
288.00001204	
288.00001204	
288.00001203	
288.00001203	
288.00001202	
288.00001202	
288.00001201	
288.00001201	
288.00001200	
288.00001200	
288.00001199	
288.00001199	
288.00001198	
288.00001198	
288.00001197	
288.00001197	
288.00001196	
288.00001196	
288.00001195	
288.00001195	
288.00001194	
288.00001194	
288.00001194	
288.00001193	
288.00001193	
288.00001192	
288.00001192	
288.00001191	
288.00001191	
288.00001190	
288.00001190	
288.00001189	
288.00001189	
288.00001188	
288.00001188	
288.00001187	
288.00001187	
288.00001186	
288.00001186	
288.00001185	
288.00001185	
288.00001184	
288.00001184	
288.00001184	
288.00001183	
288.00001183	
288.00001182	
288.00001182	
288.00001181	
288.00001181	
288.00001180	
288.00001180	
288.00001179	
288.00001179	
288.00001178	
288.00001178	
288.00001177	
288.00001177	
288.00001176	
288.00001176	
288.00001176	
288.00001175	
288.00001175	
288.00001174	
288.00001174	
288.00001173	
288.00001173	
288.00001172	
288.00001172	
288.00001171	
288.00001171	
288.00001170	
288.00001170	
288.00001169	
288.00001169	
288.00001168	
288.00001168	
288.00001168	
288.00001167	
288.00001167	
288.00001166	
288.00001166	
288.00001165	
288.00001165	
288.00001164	
288.00001164	
288.00001163	
288.00001163	
288.00001162	
288.00001162	
288.00001161	
288.00001161	
288.00001161	
288.00001160	
288.00001160	
288.00001159	
288.00001159	
288.00001158	
288.00001158	
288.00001157	
288.00001157	
288.00001156	
288.00001156	
288.00001155	
288.00001155	
288.00001155	
288.00001154	
288.00001154	
288.00001153	
288.00001153	
288.00001152	
288.00001152	
288.00001151	
288.00001151	
288.00001150	
288.00001150	
288.00001149	
288.00001149	
288.00001149	
288.00001148	
288.00001148	
288.00001147	
288.00001147	
288.00001146	
288.00001146	
288.00001145	
288.00001145	
288.00001144	
288.00001144	
288.00001143	
288.00001143	
288.00001143	
288.00001142	
288.00001142	
288.00001141	
288.00001141	
288.00001140	
288.00001140	
288.00001139	
288.00001139	
288.00001138	
288.00001138	
288.00001138	
288.00001137	
288.00001137	
288.00001136	
288.00001136	
288.00001135	
288.00001135	
288.00001134	
288.00001134	
288.00001133	
288.00001133	
288.00001133	
288.00001132	
288.00001132	
288.00001131	
288.00001131	
288.00001130	
288.00001130	
288.00001129	
288.00001129	
288.00001129	
288.00001128	
288.00001128	
288.00001127	
288.00001127	
288.00001126	
288.00001126	
288.00001125	
288.00001125	
288.00001124	
288.00001124	
288.00001124	
288.00001123	
288.00001123	
288.00001122	
288.00001122	
288.00001121	
288.00001121	
288.00001120	
288.00001120	
288.00001120	
288.00001119	
288.00001119	
288.00001118	
288.00001118	
288.00001117	
288.00001117	
288.00001116	
288.00001116	
288.00001115	
288.00001115	
288.00001115	
288.00001114	
288.00001114	
288.00001113	
288.00001113	
288.00001112	
288.00001112	
288.00001111	
288.00001111	
288.00001111	
288.00001110	
288.00001110	
288.00001109	
288.00001109	
288.00001108	
288.00001108	
288.00001107	
288.00001107	
288.00001107	
288.00001106	
288.00001106	
288.00001105	
288.00001105	
288.00001104	
288.00001104	
288.00001103	
288.00001103	
288.00001103	
288.00001102	
288.00001102	
288.00001101	
288.00001101	
288.00001100	
288.00001100	
288.00001100	
288.00001099	
288.00001099	
288.00001098	
288.00001098	
288.00001097	
288.00001097	
288.00001096	
288.00001096	
288.00001096	
288.00001095	
288.00001095	
288.00001094	
288.00001094	
288.00001093	
288.00001093	
288.00001093	
288.00001092	
288.00001092	
288.00001091	
288.00001091	
288.00001090	
288.00001090	
288.00001089	
288.00001089	
288.00001089	
288.00001088	
288.00001088	
288.00001087	
288.00001087	
288.00001086	
288.00001086	
288.00001086	
288.00001085	
288.00001085	
288.00001084	
288.00001084	
288.00001083	
288.00001083	
288.00001083	
288.00001082	
288.00001082	
288.00001081	
288.00001081	
288.00001080	
288.00001080	
288.00001079	
288.00001079	
288.00001079	
288.00001078	
288.00001078	
288.00001077	
288.00001077	
288.00001076	
288.00001076	
288.00001076	
288.00001075	
288.00001075	
288.00001074	
288.00001074	
288.00001073	
288.00001073	
288.00001073	
288.00001072	
288.00001072	
288.00001071	
288.00001071	
288.00001070	
288.00001070	
288.00001070	
288.00001069	
288.00001069	
288.00001068	
288.00001068	
288.00001067	
288.00001067	
288.00001067	
288.00001066	
288.00001066	
288.00001065	
288.00001065	
288.00001064	
288.00001064	
288.00001064	
288.00001063	
288.00001063	
288.00001062	
288.00001062	
288.00001061	
288.00001061	
288.00001061	
288.00001060	
288.00001060	
288.00001059	
288.00001059	
288.00001059	
288.00001058	
288.00001058	
288.00001057	
288.00001057	
288.00001056	
288.00001056	
288.00001056	
288.00001055	
288.00001055	
288.00001054	
288.00001054	
288.00001053	
288.00001053	
288.00001053	
288.00001052	
288.00001052	
288.00001051	
288.00001051	
288.00001051	
288.00001050	
288.00001050	
288.00001049	
288.00001049	
288.00001048	
288.00001048	
288.00001048	
288.00001047	
288.00001047	
288.00001046	
288.00001046	
288.00001045	
288.00001045	
288.00001045	
288.00001044	
288.00001044	
288.00001043	
288.00001043	
288.00001043	
288.00001042	
288.00001042	
288.00001041	
288.00001041	
288.00001040	
288.00001040	
288.00001040	
288.00001039	
288.00001039	
288.00001038	
288.00001038	
288.00001038	
288.00001037	
288.00001037	
288.00001036	
288.00001036	
288.00001035	
288.00001035	
288.00001035	
288.00001034	
288.00001034	
288.00001033	
288.00001033	
288.00001033	
288.00001032	
288.00001032	
288.00001031	
288.00001031	
288.00001031	
288.00001030	
288.00001030	
288.00001029	
288.00001029	
288.00001028	
288.00001028	
288.00001028	
288.00001027	
288.00001027	
288.00001026	
288.00001026	
288.00001026	
288.00001025	
288.00001025	
288.00001024	
288.00001024	
288.00001024	
288.00001023	
288.00001023	
288.00001022	
288.00001022	
288.00001021	
288.00001021	
288.00001021	
288.00001020	
288.00001020	
288.00001019	
288.00001019	
288.00001019	
288.00001018	
288.00001018	
288.00001017	
288.00001017	
288.00001017	
288.00001016	
288.00001016	
288.00001015	
288.00001015	
288.00001015	
288.00001014	
288.00001014	
288.00001013	
288.00001013	
288.00001013	
288.00001012	
288.00001012	
288.00001011	
288.00001011	
288.00001011	
288.00001010	
288.00001010	
288.00001009	
288.00001009	
288.00001009	
288.00001008	
288.00001008	
288.00001007	
288.00001007	
288.00001006	
288.00001006	
288.00001006	
288.00001005	
288.00001005	
288.00001004	
288.00001004	
288.00001004	
288.00001003	
288.00001003	
288.00001002	
288.00001002	
288.00001002	
288.00001001	
288.00001001	
288.00001000	
288.00001000	
288.00001000	
288.00000999	
288.00000999	
288.00000998	
288.00000998	
288.00000998	
288.00000997	
288.00000997	
288.00000996	
288.00000996	
288.00000996	
288.00000995	
288.00000995	
288.00000994	
288.00000994	
288.00000994	
288.00000993	
288.00000993	
288.00000992	
288.00000992	
288.00000992	
288.00000991	
288.00000991	
288.00000991	
288.00000990	
288.00000990	
288.00000989	
288.00000989	
288.00000989	
288.00000988	
288.00000988	
288.00000987	
288.00000987	
288.00000987	
288.00000986	
288.00000986	
288.00000985	
288.00000985	
288.00000985	
288.00000984	
288.00000984	
288.00000983	
288.00000983	
288.00000983	
288.00000982	
288.00000982	
288.00000981	
288.00000981	
288.00000981	
288.00000980	
288.00000980	
288.00000979	
288.00000979	
288.00000979	
288.00000978	
288.00000978	
288.00000978	
288.00000977	
288.00000977	
288.00000976	
288.00000976	
288.00000976	
288.00000975	
288.00000975	
288.00000974	
288.00000974	
288.00000974	
288.00000973	
288.00000973	
288.00000972	
288.00000972	
288.00000972	
288.00000971	
288.00000971	
288.00000971	
288.00000970	
288.00000970	
288.00000969	
288.00000969	
288.00000969	
288.00000968	
288.00000968	
288.00000967	
288.00000967	
288.00000967	
288.00000966	
288.00000966	
288.00000965	
288.00000965	
288.00000965	
288.00000964	
288.00000964	
288.00000964	
288.00000963	
288.00000963	
288.00000962	
288.00000962	
288.00000962	
288.00000961	
288.00000961	
288.00000960	
288.00000960	
288.00000960	
288.00000959	
288.00000959	
288.00000959	
288.00000958	
288.00000958	
288.00000957	
288.00000957	
288.00000957	
288.00000956	
288.00000956	
288.00000955	
288.00000955	
288.00000955	
288.00000954	
288.00000954	
288.00000954	
288.00000953	
288.00000953	
288.00000952	
288.00000952	
288.00000952	
288.00000951	
288.00000951	
288.00000951	
288.00000950	
288.00000950	
288.00000949	
288.00000949	
288.00000949	
288.00000948	
288.00000948	
288.00000947	
288.00000947	
288.00000947	
288.00000946	
288.00000946	
288.00000946	
288.00000945	
288.00000945	
288.00000944	
288.00000944	
288.00000944	
288.00000943	
288.00000943	
288.00000943	
288.00000942	
288.00000942	
288.00000941	
288.00000941	
288.00000941	
288.00000940	
288.00000940	
288.00000940	
288.00000939	
288.00000939	
288.00000938	
288.00000938	
288.00000938	
288.00000937	
288.00000937	
288.00000937	
288.00000936	
288.00000936	
288.00000935	
288.00000935	
288.00000935	
288.00000934	
288.00000934	
288.00000934	
288.00000933	
288.00000933	
288.00000932	
288.00000932	
288.00000932	
288.00000931	
288.00000931	
288.00000931	
288.00000930	
288.00000930	
288.00000929	
288.00000929	
288.00000929	
288.00000928	
288.00000928	
288.00000928	
288.00000927	
288.00000927	
288.00000926	
288.00000926	
288.00000926	
288.00000925	
288.00000925	
288.00000925	
288.00000924	
288.00000924	
288.00000924	
288.00000923	
288.00000923	
288.00000922	
288.00000922	
288.00000922	
288.00000921	
288.00000921	
288.00000921	
288.00000920	
288.00000920	
288.00000919	
288.00000919	
288.00000919	
288.00000918	
288.00000918	
288.00000918	
288.00000917	
288.00000917	
288.00000917	
288.00000916	
288.00000916	
288.00000915	
288.00000915	
288.00000915	
288.00000914	
288.00000914	
288.00000914	
288.00000913	
288.00000913	
288.00000913	
288.00000912	
288.00000912	
288.00000911	
288.00000911	
288.00000911	
288.00000910	
288.00000910	
288.00000910	
288.00000909	
288.00000909	
288.00000909	
288.00000908	
288.00000908	
288.00000907	
288.00000907	
288.00000907	
288.00000906	
288.00000906	
288.00000906	
288.00000905	
288.00000905	
288.00000905	
288.00000904	
288.00000904	
288.00000903	
288.00000903	
288.00000903	
288.00000902	
288.00000902	
288.00000902	
288.00000901	
288.00000901	
288.00000901	
288.00000900	
288.00000900	
288.00000899	
288.00000899	
288.00000899	
288.00000898	
288.00000898	
288.00000898	
288.00000897	
288.00000897	
288.00000897	
288.00000896	
288.00000896	
288.00000896	
288.00000895	
288.00000895	
288.00000894	
288.00000894	
288.00000894	
288.00000893	
288.00000893	
288.00000893	
288.00000892	
288.00000892	
288.00000892	
288.00000891	
288.00000891	
288.00000891	
288.00000890	
288.00000890	
288.00000889	
288.00000889	
288.00000889	
288.00000888	
288.00000888	
288.00000888	
288.00000887	
288.00000887	
288.00000887	
288.00000886	
288.00000886	
288.00000886	
288.00000885	
288.00000885	
288.00000884	
288.00000884	
288.00000884	
288.00000883	
288.00000883	
288.00000883	
288.00000882	
288.00000882	
288.00000882	
288.00000881	
288.00000881	
288.00000881	
288.00000880	
288.00000880	
288.00000880	
288.00000879	
288.00000879	
288.00000878	
288.00000878	
288.00000878	
288.00000877	
288.00000877	
288.00000877	
288.00000876	
288.00000876	
288.00000876	
288.00000875	
288.00000875	
288.00000875	
288.00000874	
288.00000874	
288.00000874	
288.00000873	
288.00000873	
288.00000873	
288.00000872	
288.00000872	
288.00000871	
288.00000871	
288.00000871	
288.00000870	
288.00000870	
288.00000870	
288.00000869	
288.00000869	
288.00000869	
288.00000868	
288.00000868	
288.00000868	
288.00000867	
288.00000867	
288.00000867	
288.00000866	
288.00000866	
288.00000866	
288.00000865	
288.00000865	
288.00000865	
288.00000864	
288.00000864	
288.00000863	
288.00000863	
288.00000863	
288.00000862	
288.00000862	
288.00000862	
288.00000861	
288.00000861	
288.00000861	
288.00000860	
288.00000860	
288.00000860	
288.00000859	
288.00000859	
288.00000859	
288.00000858	
288.00000858	
288.00000858	
288.00000857	
288.00000857	
288.00000857	
288.00000856	
288.00000856	
288.00000856	
288.00000855	
288.00000855	
288.00000855	
288.00000854	
288.00000854	
288.00000854	
288.00000853	
288.00000853	
288.00000853	
288.00000852	
288.00000852	
288.00000851	
288.00000851	
288.00000851	
288.00000850	
288.00000850	
288.00000850	
288.00000849	
288.00000849	
288.00000849	
288.00000848	
288.00000848	
288.00000848	
288.00000847	
288.00000847	
288.00000847	
288.00000846	
288.00000846	
288.00000846	
288.00000845	
288.00000845	
288.00000845	
288.00000844	
288.00000844	
288.00000844	
288.00000843	
288.00000843	
288.00000843	
288.00000842	
288.00000842	
288.00000842	
288.00000841	
288.00000841	
288.00000841	
288.00000840	
288.00000840	
288.00000840	
288.00000839	
288.00000839	
288.00000839	
288.00000838	
288.00000838	
288.00000838	
288.00000837	
288.00000837	
288.00000837	
288.00000836	
288.00000836	
288.00000836	
288.00000835	
288.00000835	
288.00000835	
288.00000834	
288.00000834	
288.00000834	
288.00000833	
288.00000833	
288.00000833	
288.00000832	
288.00000832	
288.00000832	
288.00000831	
288.00000831	
288.00000831	
288.00000830	
288.00000830	
288.00000830	
288.00000829	
288.00000829	
288.00000829	
288.00000828	
288.00000828	
288.00000828	
288.00000827	
288.00000827	
288.00000827	
288.00000826	
288.00000826	
288.00000826	
288.00000825	
288.00000825	
288.00000825	
288.00000824	
288.00000824	
288.00000824	
288.00000823	
288.00000823	
288.00000823	
288.00000822	
288.00000822	
288.00000822	
288.00000821	
288.00000821	
288.00000821	
288.00000820	
288.00000820	
288.00000820	
288.00000819	
288.00000819	
288.00000819	
288.00000818	
288.00000818	
288.00000818	
288.00000817	
288.00000817	
288.00000817	
288.00000816	
288.00000816	
288.00000816	
288.00000815	
288.00000815	
288.00000815	
288.00000815	
288.00000814	
288.00000814	
288.00000814	
288.00000813	
288.00000813	
288.00000813	
288.00000812	
288.00000812	
288.00000812	
288.00000811	
288.00000811	
288.00000811	
288.00000810	
288.00000810	
288.00000810	
288.00000809	
288.00000809	
288.00000809	
288.00000808	
288.00000808	
288.00000808	
288.00000807	
288.00000807	
288.00000807	
288.00000806	
288.00000806	
288.00000806	
288.00000805	
288.00000805	
288.00000805	
288.00000804	
288.00000804	
288.00000804	
288.00000804	
288.00000803	
288.00000803	
288.00000803	
288.00000802	
288.00000802	
288.00000802	
288.00000801	
288.00000801	
288.00000801	
288.00000800	
288.00000800	
288.00000800	
288.00000799	
288.00000799	
288.00000799	
288.00000798	
288.00000798	
288.00000798	
288.00000797	
288.00000797	
288.00000797	
288.00000796	
288.00000796	
288.00000796	
288.00000796	
288.00000795	
288.00000795	
288.00000795	
288.00000794	
288.00000794	
288.00000794	
288.00000793	
288.00000793	
288.00000793	
288.00000792	
288.00000792	
288.00000792	
288.00000791	
288.00000791	
288.00000791	
288.00000790	
288.00000790	
288.00000790	
288.00000789	
288.00000789	
288.00000789	
288.00000789	
288.00000788	
288.00000788	
288.00000788	
288.00000787	
288.00000787	
288.00000787	
288.00000786	
288.00000786	
288.00000786	
288.00000785	
288.00000785	
288.00000785	
288.00000784	
288.00000784	
288.00000784	
288.00000784	
288.00000783	
288.00000783	
288.00000783	
288.00000782	
288.00000782	
288.00000782	
288.00000781	
288.00000781	
288.00000781	
288.00000780	
288.00000780	
288.00000780	
288.00000779	
288.00000779	
288.00000779	
288.00000779	
288.00000778	
288.00000778	
288.00000778	
288.00000777	
288.00000777	
288.00000777	
288.00000776	
288.00000776	
288.00000776	
288.00000775	
288.00000775	
288.00000775	
288.00000774	
288.00000774	
288.00000774	
288.00000774	
288.00000773	
288.00000773	
288.00000773	
288.00000772	
288.00000772	
288.00000772	
288.00000771	
288.00000771	
288.00000771	
288.00000770	
288.00000770	
288.00000770	
288.00000770	
288.00000769	
288.00000769	
288.00000769	
288.00000768	
288.00000768	
288.00000768	
288.00000767	
288.00000767	
288.00000767	
288.00000766	
288.00000766	
288.00000766	
288.00000766	
288.00000765	
288.00000765	
288.00000765	
288.00000764	
288.00000764	
288.00000764	
288.00000763	
288.00000763	
288.00000763	
288.00000762	
288.00000762	
288.00000762	
288.00000762	
288.00000761	
288.00000761	
288.00000761	
288.00000760	
288.00000760	
288.00000760	
288.00000759	
288.00000759	
288.00000759	
288.00000759	
288.00000758	
288.00000758	
288.00000758	
288.00000757	
288.00000757	
288.00000757	
288.00000756	
288.00000756	
288.00000756	
288.00000755	
288.00000755	
288.00000755	
288.00000755	
288.00000754	
288.00000754	
288.00000754	
288.00000753	
288.00000753	
288.00000753	
288.00000752	
288.00000752	
288.00000752	
288.00000752	
288.00000751	
288.00000751	
288.00000751	
288.00000750	
288.00000750	
288.00000750	
288.00000749	
288.00000749	
288.00000749	
288.00000749	
288.00000748	
288.00000748	
288.00000748	
288.00000747	
288.00000747	
288.00000747	
288.00000746	
288.00000746	
288.00000746	
288.00000746	
288.00000745	
288.00000745	
288.00000745	
288.00000744	
288.00000744	
288.00000744	
288.00000743	
288.00000743	
288.00000743	
288.00000743	
288.00000742	
288.00000742	
288.00000742	
288.00000741	
288.00000741	
288.00000741	
288.00000741	
288.00000740	
288.00000740	
288.00000740	
288.00000739	
288.00000739	
288.00000739	
288.00000738	
288.00000738	
288.00000738	
288.00000738	
288.00000737	
288.00000737	
288.00000737	
288.00000736	
288.00000736	
288.00000736	
288.00000736	
288.00000735	
288.00000735	
288.00000735	
288.00000734	
288.00000734	
288.00000734	
288.00000733	
288.00000733	
288.00000733	
288.00000733	
288.00000732	
288.00000732	
288.00000732	
288.00000731	
288.00000731	
288.00000731	
288.00000731	
288.00000730	
288.00000730	
288.00000730	
288.00000729	
288.00000729	
288.00000729	
288.00000728	
288.00000728	
288.00000728	
288.00000728	
288.00000727	
288.00000727	
288.00000727	
288.00000726	
288.00000726	
288.00000726	
288.00000726	
288.00000725	
288.00000725	
288.00000725	
288.00000724	
288.00000724	
288.00000724	
288.00000724	
288.00000723	
288.00000723	
288.00000723	
288.00000722	
288.00000722	
288.00000722	
288.00000722	
288.00000721	
288.00000721	
288.00000721	
288.00000720	
288.00000720	
288.00000720	
288.00000719	
288.00000719	
288.00000719	
288.00000719	
288.00000718	
288.00000718	
288.00000718	
288.00000717	
288.00000717	
288.00000717	
288.00000717	
288.00000716	
288.00000716	
288.00000716	
288.00000715	
288.00000715	
288.00000715	
288.00000715	
288.00000714	
288.00000714	
288.00000714	
288.00000713	
288.00000713	
288.00000713	
288.00000713	
288.00000712	
288.00000712	
288.00000712	
288.00000711	
288.00000711	
288.00000711	
288.00000711	
288.00000710	
288.00000710	
288.00000710	
288.00000709	
288.00000709	
288.00000709	
288.00000709	
288.00000708	
288.00000708	
288.00000708	
288.00000708	
288.00000707	
288.00000707	
288.00000707	
288.00000706	
288.00000706	
288.00000706	
288.00000706	
288.00000705	
288.00000705	
288.00000705	
288.00000704	
288.00000704	
288.00000704	
288.00000704	
288.00000703	
288.00000703	
288.00000703	
288.00000702	
288.00000702	
288.00000702	
288.00000702	
288.00000701	
288.00000701	
288.00000701	
