-0.51684031	
-0.51893826	
-0.51893826	
-0.51893826	
-0.52102298	
-0.52102298	
-0.52102298	
-0.52309448	
-0.52309448	
-0.52309448	
-0.52515275	
-0.52515275	
-0.52515275	
-0.52719783	
-0.52719783	
-0.52922970	
-0.52922970	
-0.53124840	
-0.53124840	
-0.53124840	
-0.53325392	
-0.53325392	
-0.53325392	
-0.53524627	
-0.53524627	
-0.53524627	
-0.53722548	
-0.53722548	
-0.53722548	
-0.53919154	
-0.53919154	
-0.54114446	
-0.54114446	
-0.54114446	
-0.54308427	
-0.54308427	
-0.54308427	
-0.54501096	
-0.54501096	
-0.54501096	
-0.54692455	
-0.54692455	
-0.54692455	
-0.54882504	
-0.55071244	
-0.55071244	
-0.55071244	
-0.55258677	
-0.55258677	
-0.55258677	
-0.55444804	
-0.55444804	
-0.55444804	
-0.55629624	
-0.55629624	
-0.55629624	
-0.55813139	
-0.55813139	
-0.55995350	
-0.55995350	
-0.55995350	
-0.56176258	
-0.56176258	
-0.56176258	
-0.56355864	
-0.56355864	
-0.56355864	
-0.56534167	
-0.56534167	
-0.56534167	
-0.56711170	
-0.56711170	
-0.56886873	
-0.56886873	
-0.57061276	
-0.57061276	
-0.57061276	
-0.57234381	
-0.57234381	
-0.57234381	
-0.57406188	
-0.57406188	
-0.57406188	
-0.57576699	
-0.57576699	
-0.57576699	
-0.57745912	
-0.57745912	
-0.57913831	
-0.57913831	
-0.57913831	
-0.58080454	
-0.58080454	
-0.58080454	
-0.58245783	
-0.58245783	
-0.58245783	
-0.58409819	
-0.58409819	
-0.58572562	
-0.58572562	
-0.58734013	
-0.58734013	
-0.58734013	
-0.58894172	
-0.58894172	
-0.58894172	
-0.59053040	
-0.59053040	
-0.59053040	
-0.59210618	
-0.59210618	
-0.59210618	
-0.59366906	
-0.59366906	
-0.59521906	
-0.59521906	
-0.59521906	
-0.59675617	
-0.59675617	
-0.59675617	
-0.59828040	
-0.59828040	
-0.59828040	
-0.59979175	
-0.59979175	
-0.60129024	
-0.60129024	
-0.60129024	
-0.60277587	
-0.60277587	
-0.60424864	
-0.60424864	
-0.60424864	
-0.60570856	
-0.60570856	
-0.60570856	
-0.60715564	
-0.60715564	
-0.60715564	
-0.60858987	
-0.60858987	
-0.60858987	
-0.61001127	
-0.61001127	
-0.61141984	
-0.61141984	
-0.61141984	
-0.61281558	
-0.61281558	
-0.61281558	
-0.61419851	
-0.61419851	
-0.61556861	
-0.61556861	
-0.61556861	
-0.61692591	
-0.61692591	
-0.61827040	
-0.61827040	
-0.61827040	
-0.61960208	
-0.61960208	
-0.61960208	
-0.62092097	
-0.62092097	
-0.62092097	
-0.62222706	
-0.62222706	
-0.62222706	
-0.62352037	
-0.62352037	
-0.62480088	
-0.62480088	
-0.62480088	
-0.62606862	
-0.62606862	
-0.62606862	
-0.62732358	
-0.62732358	
-0.62856577	
-0.62856577	
-0.62856577	
-0.62979519	
-0.62979519	
-0.62979519	
-0.63101184	
-0.63101184	
-0.63221573	
-0.63221573	
-0.63221573	
-0.63340686	
-0.63340686	
-0.63340686	
-0.63458524	
-0.63458524	
-0.63458524	
-0.63575086	
-0.63575086	
-0.63575086	
-0.63690374	
-0.63690374	
-0.63804388	
-0.63804388	
-0.63804388	
-0.63917128	
-0.63917128	
-0.64028593	
-0.64028593	
-0.64028593	
-0.64138786	
-0.64138786	
-0.64138786	
-0.64247705	
-0.64247705	
-0.64355352	
-0.64355352	
-0.64355352	
-0.64461726	
-0.64461726	
-0.64461726	
-0.64566828	
-0.64566828	
-0.64566828	
-0.64670659	
-0.64670659	
-0.64670659	
-0.64773218	
-0.64773218	
-0.64874505	
-0.64874505	
-0.64874505	
-0.64974522	
-0.64974522	
-0.65073268	
-0.65073268	
-0.65073268	
-0.65170744	
-0.65170744	
-0.65170744	
-0.65266950	
-0.65266950	
-0.65266950	
-0.65361887	
-0.65361887	
-0.65455553	
-0.65455553	
-0.65455553	
-0.65547951	
-0.65547951	
-0.65547951	
-0.65639080	
-0.65639080	
-0.65639080	
-0.65728940	
-0.65728940	
-0.65728940	
-0.65817532	
-0.65817532	
-0.65904855	
-0.65904855	
-0.65990911	
-0.65990911	
-0.65990911	
-0.66075699	
-0.66075699	
-0.66075699	
-0.66159221	
-0.66159221	
-0.66159221	
-0.66241475	
-0.66241475	
-0.66322462	
-0.66322462	
-0.66322462	
-0.66402182	
-0.66402182	
-0.66402182	
-0.66480637	
-0.66480637	
-0.66480637	
-0.66557825	
-0.66557825	
-0.66557825	
-0.66633748	
-0.66633748	
-0.66708405	
-0.66708405	
-0.66781797	
-0.66781797	
-0.66781797	
-0.66853924	
-0.66853924	
-0.66853924	
-0.66924787	
-0.66924787	
-0.66924787	
-0.66994384	
-0.66994384	
-0.66994384	
-0.67062718	
-0.67062718	
-0.67129788	
-0.67129788	
-0.67129788	
-0.67195593	
-0.67195593	
-0.67195593	
-0.67260136	
-0.67260136	
-0.67260136	
-0.67323415	
-0.67323415	
-0.67323415	
-0.67385431	
-0.67446185	
-0.67446185	
-0.67446185	
-0.67505676	
-0.67505676	
-0.67505676	
-0.67563904	
-0.67563904	
-0.67563904	
-0.67620871	
-0.67620871	
-0.67620871	
-0.67676576	
-0.67676576	
-0.67731020	
-0.67731020	
-0.67731020	
-0.67784202	
-0.67784202	
-0.67784202	
-0.67836124	
-0.67836124	
-0.67836124	
-0.67886785	
-0.67886785	
-0.67886785	
-0.67936185	
-0.67936185	
-0.67984325	
-0.67984325	
-0.68031205	
-0.68031205	
-0.68031205	
-0.68076826	
-0.68076826	
-0.68076826	
-0.68121187	
-0.68121187	
-0.68121187	
-0.68164290	
-0.68164290	
-0.68164290	
-0.68206133	
-0.68206133	
-0.68246718	
-0.68246718	
-0.68246718	
-0.68286045	
-0.68286045	
-0.68286045	
-0.68324113	
-0.68324113	
-0.68324113	
-0.68360924	
-0.68360924	
-0.68396478	
-0.68396478	
-0.68430774	
-0.68430774	
-0.68430774	
-0.68463813	
-0.68463813	
-0.68463813	
-0.68495596	
-0.68495596	
-0.68495596	
-0.68526123	
-0.68526123	
-0.68526123	
-0.68555394	
-0.68555394	
-0.68583409	
-0.68583409	
-0.68583409	
-0.68610168	
-0.68610168	
-0.68610168	
-0.68635673	
-0.68635673	
-0.68635673	
-0.68659922	
-0.68659922	
-0.68682917	
-0.68682917	
-0.68682917	
-0.68704659	
-0.68704659	
-0.68725146	
-0.68725146	
-0.68725146	
-0.68744379	
-0.68744379	
-0.68744379	
-0.68762360	
-0.68762360	
-0.68762360	
-0.68779088	
-0.68779088	
-0.68779088	
-0.68794563	
-0.68794563	
-0.68808786	
-0.68808786	
-0.68808786	
-0.68821757	
-0.68821757	
-0.68821757	
-0.68833476	
-0.68833476	
-0.68843944	
-0.68843944	
-0.68843944	
-0.68853162	
-0.68853162	
-0.68861129	
-0.68861129	
-0.68861129	
-0.68867846	
-0.68867846	
-0.68867846	
-0.68873313	
-0.68873313	
-0.68873313	
-0.68877530	
-0.68877530	
-0.68877530	
-0.68880499	
-0.68880499	
-0.68882218	
-0.68882218	
-0.68882218	
-0.68882690	
-0.68882690	
-0.68882690	
-0.68881913	
-0.68881913	
-0.68879889	
-0.68879889	
-0.68879889	
-0.68876618	
-0.68876618	
-0.68876618	
-0.68872100	
-0.68872100	
-0.68866336	
-0.68866336	
-0.68866336	
-0.68859325	
-0.68859325	
-0.68859325	
-0.68851069	
-0.68851069	
-0.68851069	
-0.68841568	
-0.68841568	
-0.68841568	
-0.68830822	
-0.68830822	
-0.68818831	
-0.68818831	
-0.68818831	
-0.68805597	
-0.68805597	
-0.68791119	
-0.68791119	
-0.68791119	
-0.68775398	
-0.68775398	
-0.68775398	
-0.68758434	
-0.68758434	
-0.68740228	
-0.68740228	
-0.68740228	
-0.68720780	
-0.68720780	
-0.68720780	
-0.68700090	
-0.68700090	
-0.68700090	
-0.68678160	
-0.68678160	
-0.68678160	
-0.68654989	
-0.68654989	
-0.68630578	
-0.68630578	
-0.68630578	
-0.68604927	
-0.68604927	
-0.68578037	
-0.68578037	
-0.68578037	
-0.68549908	
-0.68549908	
-0.68549908	
-0.68520542	
-0.68520542	
-0.68520542	
-0.68489937	
-0.68489937	
-0.68458095	
-0.68458095	
-0.68458095	
-0.68425016	
-0.68425016	
-0.68425016	
-0.68390701	
-0.68390701	
-0.68390701	
-0.68355150	
-0.68355150	
-0.68355150	
-0.68318363	
-0.68318363	
-0.68280342	
-0.68280342	
-0.68241086	
-0.68241086	
-0.68241086	
-0.68200596	
-0.68200596	
-0.68200596	
-0.68158873	
-0.68158873	
-0.68158873	
-0.68115917	
-0.68115917	
-0.68071729	
-0.68071729	
-0.68071729	
-0.68026308	
-0.68026308	
-0.68026308	
-0.67979656	
-0.67979656	
-0.67979656	
-0.67931774	
-0.67931774	
-0.67931774	
-0.67882661	
-0.67882661	
-0.67832318	
-0.67832318	
-0.67780746	
-0.67780746	
-0.67780746	
-0.67727944	
-0.67727944	
-0.67727944	
-0.67673915	
-0.67673915	
-0.67673915	
-0.67618658	
-0.67618658	
-0.67618658	
-0.67562174	
-0.67562174	
-0.67504463	
-0.67504463	
-0.67504463	
-0.67445526	
-0.67445526	
-0.67445526	
-0.67385363	
-0.67385363	
-0.67385363	
-0.67323975	
-0.67323975	
-0.67323975	
-0.67261363	
-0.67197527	
-0.67197527	
-0.67197527	
-0.67132468	
-0.67132468	
-0.67132468	
-0.67066185	
-0.67066185	
-0.67066185	
-0.66998681	
-0.66998681	
-0.66998681	
-0.66929954	
-0.66929954	
-0.66860007	
-0.66860007	
-0.66860007	
-0.66788838	
-0.66788838	
-0.66788838	
-0.66716450	
-0.66716450	
-0.66716450	
-0.66642843	
-0.66642843	
-0.66642843	
-0.66568016	
-0.66568016	
-0.66491971	
-0.66491971	
-0.66414708	
-0.66414708	
-0.66414708	
-0.66336228	
-0.66336228	
-0.66336228	
-0.66256532	
-0.66256532	
-0.66256532	
-0.66175619	
-0.66175619	
-0.66175619	
-0.66093491	
-0.66093491	
-0.66010148	
-0.66010148	
-0.66010148	
-0.65925590	
-0.65925590	
-0.65925590	
-0.65839819	
-0.65839819	
-0.65839819	
-0.65752834	
-0.65752834	
-0.65664637	
-0.65664637	
-0.65575228	
-0.65575228	
-0.65575228	
-0.65484607	
-0.65484607	
-0.65484607	
-0.65392776	
-0.65392776	
-0.65392776	
-0.65299734	
-0.65299734	
-0.65299734	
-0.65205482	
-0.65205482	
-0.65110021	
-0.65110021	
-0.65110021	
-0.65013351	
-0.65013351	
-0.65013351	
-0.64915474	
-0.64915474	
-0.64915474	
-0.64816389	
-0.64816389	
-0.64716097	
-0.64716097	
-0.64716097	
-0.64614598	
-0.64614598	
-0.64511894	
-0.64511894	
-0.64511894	
-0.64407985	
-0.64407985	
-0.64407985	
-0.64302871	
-0.64302871	
-0.64302871	
-0.64196553	
-0.64196553	
-0.64196553	
-0.64089031	
-0.64089031	
-0.63980307	
-0.63980307	
-0.63980307	
-0.63870380	
-0.63870380	
-0.63870380	
-0.63759251	
-0.63759251	
-0.63646921	
-0.63646921	
-0.63646921	
-0.63533391	
-0.63533391	
-0.63418660	
-0.63418660	
-0.63418660	
-0.63302729	
-0.63302729	
-0.63302729	
-0.63185599	
-0.63185599	
-0.63185599	
-0.63067271	
-0.63067271	
-0.63067271	
-0.62947745	
-0.62947745	
-0.62827021	
-0.62827021	
-0.62827021	
-0.62705100	
-0.62705100	
-0.62705100	
-0.62581983	
-0.62581983	
-0.62457670	
-0.62457670	
-0.62457670	
-0.62332161	
-0.62332161	
-0.62332161	
-0.62205458	
-0.62205458	
-0.62077560	
-0.62077560	
-0.62077560	
-0.61948469	
-0.61948469	
-0.61948469	
-0.61818184	
-0.61818184	
-0.61818184	
-0.61686706	
-0.61686706	
-0.61686706	
-0.61554036	
-0.61554036	
-0.61420174	
-0.61420174	
-0.61420174	
-0.61285120	
-0.61285120	
-0.61148876	
-0.61148876	
-0.61148876	
-0.61011441	
-0.61011441	
-0.61011441	
-0.60872816	
-0.60872816	
-0.60733001	
-0.60733001	
-0.60733001	
-0.60591998	
-0.60591998	
-0.60591998	
-0.60449805	
-0.60449805	
-0.60449805	
-0.60306425	
-0.60306425	
-0.60306425	
-0.60161857	
-0.60161857	
-0.60016101	
-0.60016101	
-0.60016101	
-0.59869159	
-0.59869159	
-0.59721030	
-0.59721030	
-0.59721030	
-0.59571715	
-0.59571715	
-0.59571715	
-0.59421214	
-0.59421214	
-0.59421214	
-0.59269528	
-0.59269528	
-0.59116657	
-0.59116657	
-0.59116657	
-0.58962601	
-0.58962601	
-0.58962601	
-0.58807361	
-0.58807361	
-0.58807361	
-0.58650938	
-0.58650938	
-0.58650938	
-0.58493331	
-0.58493331	
-0.58334540	
-0.58334540	
-0.58174567	
-0.58174567	
-0.58174567	
-0.58013412	
-0.58013412	
-0.58013412	
-0.57851074	
-0.57851074	
-0.57851074	
-0.57687554	
-0.57687554	
-0.57522853	
-0.57522853	
-0.57522853	
-0.57356971	
-0.57356971	
-0.57356971	
-0.57189907	
-0.57189907	
-0.57189907	
-0.57021663	
-0.57021663	
-0.57021663	
-0.56852239	
-0.56852239	
-0.56681634	
-0.56681634	
-0.56509849	
-0.56509849	
-0.56509849	
-0.56336884	
-0.56336884	
-0.56336884	
-0.56162740	
-0.56162740	
-0.56162740	
-0.55987416	
-0.55987416	
-0.55987416	
-0.55810913	
-0.55810913	
-0.55633232	
-0.55633232	
-0.55633232	
-0.55454371	
-0.55454371	
-0.55454371	
-0.55274332	
-0.55274332	
-0.55274332	
-0.55093114	
-0.55093114	
-0.55093114	
-0.54910718	
-0.54727144	
-0.54727144	
-0.54727144	
-0.54542392	
-0.54542392	
-0.54542392	
-0.54356461	
-0.54356461	
-0.54356461	
-0.54169353	
-0.54169353	
-0.54169353	
-0.53981067	
-0.53981067	
-0.53791603	
-0.53791603	
-0.53791603	
-0.53600961	
-0.53600961	
-0.53600961	
-0.53409141	
-0.53409141	
-0.53409141	
-0.53216144	
-0.53216144	
-0.53216144	
-0.53021969	
-0.53021969	
-0.52826617	
-0.52826617	
-0.52630087	
-0.52630087	
-0.52630087	
-0.52432379	
-0.52432379	
-0.52432379	
-0.52233493	
-0.52233493	
-0.52233493	
-0.52033429	
-0.52033429	
-0.52033429	
-0.51832188	
-0.51832188	
-0.51629769	
-0.51629769	
-0.51629769	
-0.51426171	
-0.51426171	
-0.51426171	
-0.51221395	
-0.51221395	
-0.51221395	
-0.51015441	
-0.51015441	
-0.50808309	
-0.50808309	
-0.50599998	
-0.50599998	
-0.50599998	
-0.50390508	
-0.50390508	
-0.50390508	
-0.50179839	
-0.50179839	
-0.50179839	
-0.49967991	
-0.49967991	
-0.49967991	
-0.49754964	
-0.49754964	
-0.49540757	
-0.49540757	
-0.49540757	
-0.49325370	
-0.49325370	
-0.49325370	
-0.49108803	
-0.49108803	
-0.49108803	
-0.48891056	
-0.48891056	
-0.48672127	
-0.48672127	
-0.48672127	
-0.48452018	
-0.48452018	
-0.48230728	
-0.48230728	
-0.48230728	
-0.48008256	
-0.48008256	
-0.48008256	
-0.47784602	
-0.47784602	
-0.47784602	
-0.47559766	
-0.47559766	
-0.47559766	
-0.47333747	
-0.47333747	
-0.47106544	
-0.47106544	
-0.47106544	
-0.46878159	
-0.46878159	
-0.46878159	
-0.46648589	
-0.46648589	
-0.46417835	
-0.46417835	
-0.46417835	
-0.46185896	
-0.46185896	
-0.45952772	
-0.45952772	
-0.45952772	
-0.45718462	
-0.45718462	
-0.45718462	
-0.45482966	
-0.45482966	
-0.45482966	
-0.45246282	
-0.45246282	
-0.45246282	
-0.45008412	
-0.45008412	
-0.44769354	
-0.44769354	
-0.44769354	
-0.44529107	
-0.44529107	
-0.44529107	
-0.44287671	
-0.44287671	
-0.44045046	
-0.44045046	
-0.44045046	
-0.43801230	
-0.43801230	
-0.43801230	
-0.43556224	
-0.43556224	
-0.43310026	
-0.43310026	
-0.43310026	
-0.43062636	
-0.43062636	
-0.43062636	
-0.42814054	
-0.42814054	
-0.42814054	
-0.42564278	
-0.42564278	
-0.42564278	
-0.42313308	
-0.42313308	
-0.42061143	
-0.42061143	
-0.42061143	
-0.41807783	
-0.41807783	
-0.41553226	
-0.41553226	
-0.41553226	
-0.41297473	
-0.41297473	
-0.41297473	
-0.41040522	
-0.41040522	
-0.40782373	
-0.40782373	
-0.40782373	
-0.40523025	
-0.40523025	
-0.40523025	
-0.40262477	
-0.40262477	
-0.40262477	
-0.40000728	
-0.40000728	
-0.40000728	
-0.39737778	
-0.39737778	
-0.39473625	
-0.39473625	
-0.39473625	
-0.39208269	
-0.39208269	
-0.38941710	
-0.38941710	
-0.38941710	
-0.38673946	
-0.38673946	
-0.38673946	
-0.38404976	
-0.38404976	
-0.38404976	
-0.38134800	
-0.38134800	
-0.37863417	
-0.37863417	
-0.37863417	
-0.37590826	
-0.37590826	
-0.37590826	
-0.37317025	
-0.37317025	
-0.37317025	
-0.37042015	
-0.37042015	
-0.37042015	
-0.36765795	
-0.36765795	
-0.36488363	
-0.36488363	
-0.36209719	
-0.36209719	
-0.36209719	
-0.35929861	
-0.35929861	
-0.35929861	
-0.35648790	
-0.35648790	
-0.35648790	
-0.35366503	
-0.35366503	
-0.35083001	
-0.35083001	
-0.35083001	
-0.34798282	
-0.34798282	
-0.34798282	
-0.34512346	
-0.34512346	
-0.34512346	
-0.34225191	
-0.34225191	
-0.34225191	
-0.33936817	
-0.33936817	
-0.33647223	
-0.33647223	
-0.33356408	
-0.33356408	
-0.33356408	
-0.33064371	
-0.33064371	
-0.33064371	
-0.32771112	
-0.32771112	
-0.32771112	
-0.32476629	
-0.32476629	
-0.32476629	
-0.32180922	
-0.32180922	
-0.31883990	
-0.31883990	
-0.31883990	
-0.31585833	
-0.31585833	
-0.31585833	
-0.31286449	
-0.31286449	
-0.31286449	
-0.30985837	
-0.30985837	
-0.30985837	
-0.30683998	
-0.30380930	
-0.30380930	
-0.30380930	
-0.30076633	
-0.30076633	
-0.30076633	
-0.29771105	
-0.29771105	
-0.29771105	
-0.29464347	
-0.29464347	
-0.29464347	
-0.29156358	
-0.29156358	
-0.28847136	
-0.28847136	
-0.28847136	
-0.28536682	
-0.28536682	
-0.28536682	
-0.28224996	
-0.28224996	
-0.28224996	
-0.27912075	
-0.27912075	
-0.27912075	
-0.27597921	
-0.27597921	
-0.27282532	
-0.27282532	
-0.26965908	
-0.26965908	
-0.26965908	
-0.26648050	
-0.26648050	
-0.26648050	
-0.26328955	
-0.26328955	
-0.26328955	
-0.26008626	
-0.26008626	
-0.26008626	
-0.25687060	
-0.25687060	
-0.25364258	
-0.25364258	
-0.25364258	
-0.25040219	
-0.25040219	
-0.25040219	
-0.24714945	
-0.24714945	
-0.24714945	
-0.24388434	
-0.24388434	
-0.24060686	
-0.24060686	
-0.23731703	
-0.23731703	
-0.23731703	
-0.23401483	
-0.23401483	
-0.23401483	
-0.23070028	
-0.23070028	
-0.23070028	
-0.22737338	
-0.22737338	
-0.22737338	
-0.22403412	
-0.22403412	
-0.22068251	
-0.22068251	
-0.22068251	
-0.21731857	
-0.21731857	
-0.21731857	
-0.21394229	
-0.21394229	
-0.21394229	
-0.21055368	
-0.21055368	
-0.20715275	
-0.20715275	
-0.20715275	
-0.20373951	
-0.20373951	
-0.20031397	
-0.20031397	
-0.20031397	
-0.19687613	
-0.19687613	
-0.19687613	
-0.19342602	
-0.19342602	
-0.19342602	
-0.18996364	
-0.18996364	
-0.18996364	
-0.18648901	
-0.18648901	
-0.18300214	
-0.18300214	
-0.18300214	
-0.17950305	
-0.17950305	
-0.17950305	
-0.17599176	
-0.17599176	
-0.17246828	
-0.17246828	
-0.17246828	
-0.16893263	
-0.16893263	
-0.16538484	
-0.16538484	
-0.16538484	
-0.16182492	
-0.16182492	
-0.16182492	
-0.15825291	
-0.15825291	
-0.15825291	
-0.15466882	
-0.15466882	
-0.15466882	
-0.15107269	
-0.15107269	
-0.14746454	
-0.14746454	
-0.14746454	
-0.14384441	
-0.14384441	
-0.14384441	
-0.14021231	
-0.14021231	
-0.13656830	
-0.13656830	
-0.13656830	
-0.13291239	
-0.13291239	
-0.13291239	
-0.12924464	
-0.12924464	
-0.12556508	
-0.12556508	
-0.12556508	
-0.12187374	
-0.12187374	
-0.12187374	
-0.11817067	
-0.11817067	
-0.11817067	
-0.11445592	
-0.11445592	
-0.11445592	
-0.11072953	
-0.11072953	
-0.10699156	
-0.10699156	
-0.10699156	
-0.10324204	
-0.10324204	
-0.09948104	
-0.09948104	
-0.09948104	
-0.09570860	
-0.09570860	
-0.09570860	
-0.09192480	
-0.09192480	
-0.08812968	
-0.08812968	
-0.08812968	
-0.08432331	
-0.08432331	
-0.08432331	
-0.08050575	
-0.08050575	
-0.08050575	
-0.07667707	
-0.07667707	
-0.07667707	
-0.07283735	
-0.07283735	
-0.06898664	
-0.06898664	
-0.06898664	
-0.06512503	
-0.06512503	
-0.06125260	
-0.06125260	
-0.06125260	
-0.05736943	
-0.05736943	
-0.05736943	
-0.05347559	
-0.05347559	
-0.05347559	
-0.04957118	
-0.04957118	
-0.04565628	
-0.04565628	
-0.04565628	
-0.04173099	
-0.04173099	
-0.04173099	
-0.03779540	
-0.03779540	
-0.03779540	
-0.03384961	
-0.03384961	
-0.03384961	
-0.02989372	
-0.02989372	
-0.02592784	
-0.02592784	
-0.02195207	
-0.02195207	
-0.02195207	
-0.01796653	
-0.01796653	
-0.01796653	
-0.01397133	
-0.01397133	
-0.01397133	
-0.00996658	
-0.00996658	
-0.00595241	
-0.00595241	
-0.00595241	
-0.00192895	
-0.00192895	
-0.00192895	
0.00210369	
0.00210369	
0.00210369	
0.00614536	
0.00614536	
0.00614536	
0.01019593	
0.01019593	
0.01425527	
0.01425527	
0.01832323	
0.01832323	
0.01832323	
0.02239966	
0.02239966	
0.02239966	
0.02648442	
0.02648442	
0.02648442	
0.03057735	
0.03057735	
0.03057735	
0.03467829	
0.03467829	
0.03878708	
0.03878708	
0.03878708	
0.04290357	
0.04290357	
0.04290357	
0.04702757	
0.04702757	
0.04702757	
0.05115892	
0.05115892	
0.05115892	
0.05529744	
0.05944295	
0.05944295	
0.05944295	
0.06359527	
0.06359527	
0.06359527	
0.06775421	
0.06775421	
0.06775421	
0.07191958	
0.07191958	
0.07191958	
0.07609118	
0.07609118	
0.08026882	
0.08026882	
0.08026882	
0.08445229	
0.08445229	
0.08445229	
0.08864139	
0.08864139	
0.08864139	
0.09283590	
0.09283590	
0.09283590	
0.09703561	
0.09703561	
0.10124031	
0.10124031	
0.10544978	
0.10544978	
0.10544978	
0.10966378	
0.10966378	
0.10966378	
0.11388210	
0.11388210	
0.11388210	
0.11810450	
0.11810450	
0.11810450	
0.12233074	
0.12233074	
0.12656060	
0.12656060	
0.12656060	
0.13079382	
0.13079382	
0.13079382	
0.13503017	
0.13503017	
0.13503017	
0.13926939	
0.13926939	
0.14351124	
0.14351124	
0.14775547	
0.14775547	
0.14775547	
0.15200181	
0.15200181	
0.15200181	
0.15625001	
0.15625001	
0.15625001	
0.16049980	
0.16049980	
0.16049980	
0.16475093	
0.16475093	
0.16900313	
0.16900313	
0.16900313	
0.17325613	
0.17325613	
0.17325613	
0.17750965	
0.17750965	
0.17750965	
0.18176343	
0.18176343	
0.18601719	
0.18601719	
0.18601719	
0.19027066	
0.19027066	
0.19452354	
0.19452354	
0.19452354	
0.19877558	
0.19877558	
0.19877558	
0.20302648	
0.20302648	
0.20302648	
0.20727596	
0.20727596	
0.20727596	
0.21152374	
0.21152374	
0.21576954	
0.21576954	
0.21576954	
0.22001306	
0.22001306	
0.22001306	
0.22425402	
0.22425402	
0.22849214	
0.22849214	
0.22849214	
0.23272713	
0.23272713	
0.23695870	
0.23695870	
0.23695870	
0.24118656	
0.24118656	
0.24118656	
0.24541043	
0.24541043	
0.24541043	
0.24963001	
0.24963001	
0.24963001	
0.25384503	
0.25384503	
0.25805519	
0.25805519	
0.25805519	
0.26226021	
0.26226021	
0.26226021	
0.26645981	
0.26645981	
0.27065369	
0.27065369	
0.27065369	
0.27484158	
0.27484158	
0.27484158	
0.27902319	
0.27902319	
0.28319824	
0.28319824	
0.28319824	
0.28736646	
0.28736646	
0.28736646	
0.29152757	
0.29152757	
0.29152757	
0.29568129	
0.29568129	
0.29568129	
0.29982734	
0.29982734	
0.30396546	
0.30396546	
0.30396546	
0.30809537	
0.30809537	
0.31221682	
0.31221682	
0.31221682	
0.31632952	
0.31632952	
0.31632952	
0.32043323	
0.32043323	
0.32452767	
0.32452767	
0.32452767	
0.32861260	
0.32861260	
0.32861260	
0.33268776	
0.33268776	
0.33268776	
0.33675290	
0.33675290	
0.33675290	
0.34080776	
0.34080776	
0.34485211	
0.34485211	
0.34485211	
0.34888571	
0.34888571	
0.35290830	
0.35290830	
0.35290830	
0.35691966	
0.35691966	
0.35691966	
0.36091956	
0.36091956	
0.36091956	
0.36490776	
0.36490776	
0.36888404	
0.36888404	
0.36888404	
0.37284819	
0.37284819	
0.37284819	
0.37679998	
0.37679998	
0.37679998	
0.38073919	
0.38073919	
0.38073919	
0.38466562	
0.38466562	
0.38857907	
0.38857907	
0.39247932	
0.39247932	
0.39247932	
0.39636618	
0.39636618	
0.39636618	
0.40023946	
0.40023946	
0.40023946	
0.40409896	
0.40409896	
0.40794450	
0.40794450	
0.40794450	
0.41177589	
0.41177589	
0.41177589	
0.41559295	
0.41559295	
0.41559295	
0.41939551	
0.41939551	
0.41939551	
0.42318340	
0.42318340	
0.42695644	
0.42695644	
0.43071448	
0.43071448	
0.43071448	
0.43445736	
0.43445736	
0.43445736	
0.43818492	
0.43818492	
0.43818492	
0.44189700	
0.44189700	
0.44189700	
0.44559346	
0.44559346	
0.44927416	
0.44927416	
0.44927416	
0.45293895	
0.45293895	
0.45293895	
0.45658770	
0.45658770	
0.45658770	
0.46022027	
0.46022027	
0.46022027	
0.46383654	
0.46743638	
0.46743638	
0.46743638	
0.47101966	
0.47101966	
0.47101966	
0.47458628	
0.47458628	
0.47458628	
0.47813611	
0.47813611	
0.47813611	
0.48166904	
0.48166904	
0.48518497	
0.48518497	
0.48518497	
0.48868379	
0.48868379	
0.48868379	
0.49216539	
0.49216539	
0.49216539	
0.49562969	
0.49562969	
0.49562969	
0.49907658	
0.49907658	
0.50250598	
0.50250598	
0.50591780	
0.50591780	
0.50591780	
0.50931195	
0.50931195	
0.50931195	
0.51268835	
0.51268835	
0.51268835	
0.51604692	
0.51604692	
0.51604692	
0.51938758	
0.51938758	
0.52271027	
0.52271027	
0.52271027	
0.52601490	
0.52601490	
0.52601490	
0.52930142	
0.52930142	
0.52930142	
0.53256976	
0.53256976	
0.53581985	
0.53581985	
0.53905164	
0.53905164	
0.53905164	
0.54226506	
0.54226506	
0.54226506	
0.54546007	
0.54546007	
0.54546007	
0.54863661	
0.54863661	
0.54863661	
0.55179463	
0.55179463	
0.55493409	
0.55493409	
0.55493409	
0.55805493	
0.55805493	
0.55805493	
0.56115712	
0.56115712	
0.56115712	
0.56424060	
0.56424060	
0.56730536	
0.56730536	
0.56730536	
0.57035134	
0.57035134	
0.57337851	
0.57337851	
0.57337851	
0.57638684	
0.57638684	
0.57638684	
0.57937630	
0.57937630	
0.57937630	
0.58234685	
0.58234685	
0.58234685	
0.58529848	
0.58529848	
0.58823115	
0.58823115	
0.58823115	
0.59114484	
0.59114484	
0.59114484	
0.59403952	
0.59403952	
0.59691518	
0.59691518	
0.59691518	
0.59977180	
0.59977180	
0.60260936	
0.60260936	
0.60260936	
0.60542783	
0.60542783	
0.60542783	
0.60822721	
0.60822721	
0.60822721	
0.61100749	
0.61100749	
0.61100749	
0.61376864	
0.61376864	
0.61651066	
0.61651066	
0.61651066	
0.61923354	
0.61923354	
0.61923354	
0.62193727	
0.62193727	
0.62462183	
0.62462183	
0.62462183	
0.62728724	
0.62728724	
0.62728724	
0.62993346	
0.62993346	
0.63256052	
0.63256052	
0.63256052	
0.63516839	
0.63516839	
0.63516839	
0.63775708	
0.63775708	
0.63775708	
0.64032658	
0.64032658	
0.64032658	
0.64287690	
0.64287690	
0.64540803	
0.64540803	
0.64540803	
0.64791998	
0.64791998	
0.65041275	
0.65041275	
0.65041275	
0.65288633	
0.65288633	
0.65288633	
0.65534073	
0.65534073	
0.65777596	
0.65777596	
0.65777596	
0.66019203	
0.66019203	
0.66019203	
0.66258892	
0.66258892	
0.66258892	
0.66496666	
0.66496666	
0.66496666	
0.66732525	
0.66732525	
0.66966469	
0.66966469	
0.66966469	
0.67198499	
0.67198499	
0.67428616	
0.67428616	
0.67428616	
0.67656822	
0.67656822	
0.67656822	
0.67883116	
0.67883116	
0.67883116	
0.68107499	
0.68107499	
0.68329974	
0.68329974	
0.68329974	
0.68550540	
0.68550540	
0.68550540	
0.68769199	
0.68769199	
0.68769199	
0.68985953	
0.68985953	
0.68985953	
0.69200801	
0.69200801	
0.69413746	
0.69413746	
0.69624788	
0.69624788	
0.69624788	
0.69833930	
0.69833930	
0.69833930	
0.70041171	
0.70041171	
0.70041171	
0.70246514	
0.70246514	
0.70449960	
0.70449960	
0.70449960	
0.70651510	
0.70651510	
0.70651510	
0.70851166	
0.70851166	
0.70851166	
0.71048929	
0.71048929	
0.71048929	
0.71244800	
0.71244800	
0.71438782	
0.71438782	
0.71630875	
0.71630875	
0.71630875	
0.71821081	
0.71821081	
0.71821081	
0.72009401	
0.72009401	
0.72009401	
0.72195838	
0.72195838	
0.72195838	
0.72380393	
0.72380393	
0.72563066	
0.72563066	
0.72563066	
0.72743861	
0.72743861	
0.72743861	
0.72922778	
0.72922778	
0.72922778	
0.73099819	
0.73099819	
0.73099819	
0.73274986	
0.73448281	
0.73448281	
0.73448281	
0.73619704	
0.73619704	
0.73619704	
0.73789258	
0.73789258	
0.73789258	
0.73956945	
0.73956945	
0.73956945	
0.74122766	
0.74122766	
0.74286722	
0.74286722	
0.74286722	
0.74448816	
0.74448816	
0.74448816	
0.74609049	
0.74609049	
0.74609049	
0.74767424	
0.74767424	
0.74767424	
0.74923940	
0.74923940	
0.75078601	
0.75078601	
0.75231409	
0.75231409	
0.75231409	
0.75382364	
0.75382364	
0.75382364	
0.75531468	
0.75531468	
0.75531468	
0.75678724	
0.75678724	
0.75678724	
0.75824133	
0.75824133	
0.75967697	
0.75967697	
0.75967697	
0.76109417	
0.76109417	
0.76109417	
0.76249296	
0.76249296	
0.76249296	
0.76387334	
0.76387334	
0.76523535	
0.76523535	
0.76657899	
0.76657899	
0.76657899	
0.76790428	
0.76790428	
0.76790428	
0.76921124	
0.76921124	
0.76921124	
0.77049989	
0.77049989	
0.77049989	
0.77177025	
0.77177025	
0.77302233	
0.77302233	
0.77302233	
0.77425615	
0.77425615	
0.77425615	
0.77547173	
0.77547173	
0.77547173	
0.77666908	
0.77666908	
0.77784823	
0.77784823	
0.77784823	
0.77900919	
0.77900919	
0.78015197	
0.78015197	
0.78015197	
0.78127661	
0.78127661	
0.78127661	
0.78238310	
0.78238310	
0.78238310	
0.78347148	
0.78347148	
0.78347148	
0.78454175	
0.78454175	
0.78559395	
0.78559395	
0.78559395	
0.78662807	
0.78662807	
0.78662807	
0.78764415	
0.78764415	
0.78864219	
0.78864219	
0.78864219	
0.78962222	
0.78962222	
0.79058425	
0.79058425	
0.79058425	
0.79152831	
0.79152831	
0.79152831	
0.79245440	
0.79245440	
0.79245440	
0.79336254	
0.79336254	
0.79336254	
0.79425276	
0.79425276	
0.79512507	
0.79512507	
0.79512507	
0.79597949	
0.79597949	
0.79597949	
0.79681603	
0.79681603	
0.79763471	
0.79763471	
0.79763471	
0.79843555	
0.79843555	
0.79843555	
0.79921857	
0.79921857	
0.79998379	
0.79998379	
0.79998379	
0.80073121	
0.80073121	
0.80073121	
0.80146086	
0.80146086	
0.80146086	
0.80217276	
0.80217276	
0.80217276	
0.80286692	
0.80286692	
0.80354337	
0.80354337	
0.80354337	
0.80420211	
0.80420211	
0.80484316	
0.80484316	
0.80484316	
0.80546655	
0.80546655	
0.80546655	
0.80607229	
0.80607229	
0.80666039	
0.80666039	
0.80666039	
0.80723088	
0.80723088	
0.80723088	
0.80778377	
0.80778377	
0.80778377	
0.80831908	
0.80831908	
0.80831908	
0.80883682	
0.80883682	
0.80933702	
0.80933702	
0.80933702	
0.80981969	
0.80981969	
0.81028484	
0.81028484	
0.81028484	
0.81073251	
0.81073251	
0.81073251	
0.81116269	
0.81116269	
0.81116269	
0.81157541	
0.81157541	
0.81197069	
0.81197069	
0.81197069	
0.81234855	
0.81234855	
0.81234855	
0.81270900	
0.81270900	
0.81270900	
0.81305205	
0.81305205	
0.81305205	
0.81337774	
0.81337774	
0.81368606	
0.81368606	
0.81397705	
0.81397705	
0.81397705	
0.81425072	
0.81425072	
0.81425072	
0.81450709	
0.81450709	
0.81450709	
0.81474617	
0.81474617	
0.81496798	
0.81496798	
0.81496798	
0.81517254	
0.81517254	
0.81517254	
0.81535987	
0.81535987	
0.81535987	
0.81552998	
0.81552998	
0.81552998	
0.81568290	
0.81568290	
0.81581863	
0.81581863	
0.81593721	
0.81593721	
0.81593721	
0.81603864	
0.81603864	
0.81603864	
0.81612294	
0.81612294	
0.81612294	
0.81619013	
0.81619013	
0.81619013	
0.81624024	
0.81624024	
0.81627327	
0.81627327	
0.81627327	
0.81628924	
0.81628924	
0.81628924	
0.81628818	
0.81628818	
0.81628818	
0.81627010	
0.81627010	
0.81627010	
0.81623502	
0.81618296	
0.81618296	
0.81618296	
0.81611393	
0.81611393	
0.81611393	
0.81602796	
0.81602796	
0.81602796	
0.81592505	
0.81592505	
0.81592505	
0.81580524	
0.81580524	
0.81566854	
0.81566854	
0.81566854	
0.81551496	
0.81551496	
0.81551496	
0.81534454	
0.81534454	
0.81534454	
0.81515727	
0.81515727	
0.81515727	
0.81495319	
0.81495319	
0.81473231	
0.81473231	
0.81449465	
0.81449465	
0.81449465	
0.81424023	
0.81424023	
0.81424023	
0.81396906	
0.81396906	
0.81396906	
0.81368118	
0.81368118	
0.81368118	
0.81337659	
0.81337659	
0.81305531	
0.81305531	
0.81305531	
0.81271737	
0.81271737	
0.81271737	
0.81236278	
0.81236278	
0.81236278	
0.81199156	
0.81199156	
0.81160374	
0.81160374	
0.81119932	
0.81119932	
0.81119932	
0.81077834	
0.81077834	
0.81077834	
0.81034080	
0.81034080	
0.81034080	
0.80988674	
0.80988674	
0.80988674	
0.80941616	
0.80941616	
0.80892909	
0.80892909	
0.80892909	
0.80842555	
0.80842555	
0.80842555	
0.80790556	
0.80790556	
0.80790556	
0.80736913	
0.80736913	
0.80681629	
0.80681629	
0.80681629	
0.80624706	
0.80624706	
0.80566146	
0.80566146	
0.80566146	
0.80505950	
0.80505950	
0.80505950	
0.80444122	
0.80444122	
0.80444122	
0.80380662	
0.80380662	
0.80380662	
0.80315573	
0.80315573	
0.80248857	
0.80248857	
0.80248857	
0.80180515	
0.80180515	
0.80180515	
0.80110551	
0.80110551	
0.80038966	
0.80038966	
0.80038966	
0.79965762	
0.79965762	
0.79890942	
0.79890942	
0.79890942	
0.79814506	
0.79814506	
0.79814506	
0.79736458	
0.79736458	
0.79736458	
0.79656800	
0.79656800	
0.79656800	
0.79575533	
0.79575533	
0.79492660	
0.79492660	
0.79492660	
0.79408183	
0.79408183	
0.79408183	
0.79322104	
0.79322104	
0.79234425	
0.79234425	
0.79234425	
0.79145148	
0.79145148	
0.79145148	
0.79054275	
0.79054275	
0.78961810	
0.78961810	
0.78961810	
0.78867752	
0.78867752	
0.78867752	
0.78772106	
0.78772106	
0.78772106	
0.78674873	
0.78674873	
0.78674873	
0.78576056	
0.78576056	
0.78475655	
0.78475655	
0.78475655	
0.78373675	
0.78373675	
0.78270116	
0.78270116	
0.78270116	
0.78164982	
0.78164982	
0.78164982	
0.78058274	
0.78058274	
0.77949994	
0.77949994	
0.77949994	
0.77840146	
0.77840146	
0.77840146	
0.77728730	
0.77728730	
0.77728730	
0.77615750	
0.77615750	
0.77615750	
0.77501207	
0.77501207	
0.77385104	
0.77385104	
0.77385104	
0.77267444	
0.77267444	
0.77148228	
0.77148228	
0.77148228	
0.77027458	
0.77027458	
0.77027458	
0.76905138	
0.76905138	
0.76905138	
0.76781268	
0.76781268	
0.76655853	
0.76655853	
0.76655853	
0.76528893	
0.76528893	
0.76528893	
0.76400391	
0.76400391	
0.76400391	
0.76270351	
0.76270351	
0.76270351	
0.76138772	
0.76138772	
0.76005660	
0.76005660	
0.75871014	
0.75871014	
0.75871014	
0.75734839	
0.75734839	
0.75734839	
0.75597136	
0.75597136	
0.75597136	
0.75457908	
0.75457908	
0.75317156	
0.75317156	
0.75317156	
0.75174885	
0.75174885	
0.75174885	
0.75031094	
0.75031094	
0.75031094	
0.74885788	
0.74885788	
0.74885788	
0.74738969	
0.74738969	
0.74590638	
0.74590638	
0.74440799	
0.74440799	
0.74440799	
0.74289453	
0.74289453	
0.74289453	
0.74136604	
0.74136604	
0.74136604	
0.73982253	
0.73982253	
0.73982253	
0.73826403	
0.73826403	
0.73669057	
0.73669057	
0.73669057	
0.73510216	
0.73510216	
0.73510216	
0.73349883	
0.73349883	
0.73349883	
0.73188062	
0.73188062	
0.73188062	
0.73024753	
0.72859960	
0.72859960	
0.72859960	
0.72693685	
0.72693685	
0.72693685	
0.72525930	
0.72525930	
0.72525930	
0.72356698	
0.72356698	
0.72356698	
0.72185992	
0.72185992	
0.72013813	
0.72013813	
0.72013813	
0.71840165	
0.71840165	
0.71840165	
0.71665049	
0.71665049	
0.71665049	
0.71488468	
0.71488468	
0.71488468	
0.71310426	
0.71310426	
0.71130923	
0.71130923	
0.70949963	
0.70949963	
0.70949963	
0.70767548	
0.70767548	
0.70767548	
0.70583680	
0.70583680	
0.70583680	
0.70398363	
0.70398363	
0.70398363	
0.70211598	
0.70211598	
0.70023388	
0.70023388	
0.70023388	
0.69833735	
0.69833735	
0.69833735	
0.69642643	
0.69642643	
0.69642643	
0.69450113	
0.69450113	
0.69256148	
0.69256148	
0.69060750	
0.69060750	
0.69060750	
0.68863922	
0.68863922	
0.68863922	
0.68665666	
0.68665666	
0.68665666	
0.68465985	
0.68465985	
0.68465985	
0.68264882	
0.68264882	
0.68062358	
0.68062358	
0.68062358	
0.67858417	
0.67858417	
0.67858417	
0.67653061	
0.67653061	
0.67653061	
0.67446291	
0.67446291	
0.67238112	
0.67238112	
0.67238112	
0.67028525	
0.67028525	
0.66817532	
0.66817532	
0.66817532	
0.66605136	
0.66605136	
0.66605136	
0.66391341	
0.66391341	
0.66391341	
0.66176147	
0.66176147	
0.66176147	
0.65959558	
0.65959558	
0.65741576	
0.65741576	
0.65741576	
0.65522203	
0.65522203	
0.65522203	
0.65301443	
0.65301443	
0.65079296	
0.65079296	
0.65079296	
0.64855767	
0.64855767	
0.64630857	
0.64630857	
0.64630857	
0.64404569	
0.64404569	
0.64404569	
0.64176905	
0.64176905	
0.64176905	
0.63947867	
0.63947867	
0.63947867	
0.63717459	
0.63717459	
0.63485683	
0.63485683	
0.63485683	
0.63252540	
0.63252540	
0.63252540	
0.63018033	
0.63018033	
0.62782166	
0.62782166	
0.62782166	
0.62544939	
0.62544939	
0.62544939	
0.62306357	
0.62306357	
0.62066420	
0.62066420	
0.62066420	
0.61825132	
0.61825132	
0.61825132	
0.61582494	
0.61582494	
0.61582494	
0.61338510	
0.61338510	
0.61338510	
0.61093181	
0.61093181	
0.60846510	
0.60846510	
0.60846510	
0.60598500	
0.60598500	
0.60349152	
0.60349152	
0.60349152	
0.60098469	
0.60098469	
0.60098469	
0.59846454	
0.59846454	
0.59593108	
0.59593108	
0.59593108	
0.59338435	
0.59338435	
0.59338435	
0.59082435	
0.59082435	
0.59082435	
0.58825113	
0.58825113	
0.58825113	
0.58566469	
0.58566469	
0.58306507	
0.58306507	
0.58306507	
0.58045229	
0.58045229	
0.57782636	
0.57782636	
0.57782636	
0.57518732	
0.57518732	
0.57518732	
0.57253517	
0.57253517	
0.57253517	
0.56986996	
0.56986996	
0.56719170	
0.56719170	
0.56719170	
0.56450041	
0.56450041	
0.56450041	
0.56179611	
0.56179611	
0.56179611	
0.55907883	
0.55907883	
0.55907883	
0.55634859	
0.55634859	
0.55360541	
0.55360541	
0.55084932	
0.55084932	
0.55084932	
0.54808033	
0.54808033	
0.54808033	
0.54529847	
0.54529847	
0.54529847	
0.54250375	
0.54250375	
0.53969621	
0.53969621	
0.53969621	
0.53687586	
0.53687586	
0.53687586	
0.53404273	
0.53404273	
0.53404273	
0.53119682	
0.53119682	
0.53119682	
0.52833818	
0.52833818	
0.52546681	
0.52546681	
0.52258275	
0.52258275	
0.52258275	
0.51968600	
0.51968600	
0.51968600	
0.51677659	
0.51677659	
0.51677659	
0.51385455	
0.51385455	
0.51385455	
0.51091988	
0.51091988	
0.50797263	
0.50797263	
0.50797263	
0.50501279	
0.50501279	
0.50501279	
0.50204040	
0.50204040	
0.50204040	
0.49905547	
0.49905547	
0.49905547	
0.49605803	
0.49304810	
0.49304810	
0.49304810	
0.49002569	
0.49002569	
0.49002569	
0.48699083	
0.48699083	
0.48699083	
0.48394353	
0.48394353	
0.48394353	
0.48088382	
0.48088382	
0.47781171	
0.47781171	
0.47781171	
0.47472723	
0.47472723	
0.47472723	
0.47163039	
0.47163039	
0.47163039	
0.46852122	
0.46852122	
0.46852122	
0.46539973	
0.46539973	
0.46226594	
0.46226594	
0.45911988	
0.45911988	
0.45911988	
0.45596155	
0.45596155	
0.45596155	
0.45279099	
0.45279099	
0.45279099	
0.44960821	
0.44960821	
0.44960821	
0.44641323	
0.44641323	
0.44320607	
0.44320607	
0.44320607	
0.43998674	
0.43998674	
0.43998674	
0.43675527	
0.43675527	
0.43675527	
0.43351168	
0.43351168	
0.43025598	
0.43025598	
0.42698819	
0.42698819	
0.42698819	
0.42370834	
0.42370834	
0.42370834	
0.42041643	
0.42041643	
0.42041643	
0.41711250	
0.41711250	
0.41711250	
0.41379655	
0.41379655	
0.41046861	
0.41046861	
0.41046861	
0.40712869	
0.40712869	
0.40712869	
0.40377682	
0.40377682	
0.40377682	
0.40041301	
0.40041301	
0.39703728	
0.39703728	
0.39703728	
0.39364965	
0.39364965	
0.39025014	
0.39025014	
0.39025014	
0.38683876	
0.38683876	
0.38683876	
0.38341555	
0.38341555	
0.38341555	
0.37998050	
0.37998050	
0.37998050	
0.37653365	
0.37653365	
0.37307501	
0.37307501	
0.37307501	
0.36960461	
0.36960461	
0.36960461	
0.36612245	
0.36612245	
0.36262856	
0.36262856	
0.36262856	
0.35912296	
0.35912296	
0.35560567	
0.35560567	
0.35560567	
0.35207671	
0.35207671	
0.35207671	
0.34853609	
0.34853609	
0.34853609	
0.34498384	
0.34498384	
0.34498384	
0.34141997	
0.34141997	
0.33784451	
0.33784451	
0.33784451	
0.33425747	
0.33425747	
0.33425747	
0.33065888	
0.33065888	
0.32704876	
0.32704876	
0.32704876	
0.32342712	
0.32342712	
0.32342712	
0.31979399	
0.31979399	
0.31614938	
0.31614938	
0.31614938	
0.31249333	
0.31249333	
0.31249333	
0.30882585	
0.30882585	
0.30882585	
0.30514695	
0.30514695	
0.30514695	
0.30145667	
0.30145667	
0.29775503	
0.29775503	
0.29775503	
0.29404205	
0.29404205	
0.29031774	
0.29031774	
0.29031774	
0.28658215	
0.28658215	
0.28658215	
0.28283527	
0.28283527	
0.27907715	
0.27907715	
0.27907715	
0.27530781	
0.27530781	
0.27530781	
0.27152726	
0.27152726	
0.27152726	
0.26773554	
0.26773554	
0.26773554	
0.26393267	
0.26393267	
0.26011868	
0.26011868	
0.26011868	
0.25629358	
0.25629358	
0.25245742	
0.25245742	
0.25245742	
0.24861021	
0.24861021	
0.24861021	
0.24475198	
0.24475198	
0.24475198	
0.24088277	
0.24088277	
0.23700259	
0.23700259	
0.23700259	
0.23311149	
0.23311149	
0.23311149	
0.22920948	
0.22920948	
0.22920948	
0.22529661	
0.22529661	
0.22529661	
0.22137289	
0.22137289	
0.21743837	
0.21743837	
0.21349308	
0.21349308	
0.21349308	
0.20953704	
0.20953704	
0.20953704	
0.20557030	
0.20557030	
0.20557030	
0.20159288	
0.20159288	
0.19760483	
0.19760483	
0.19760483	
0.19360618	
0.19360618	
0.19360618	
0.18959696	
0.18959696	
0.18959696	
0.18557722	
0.18557722	
0.18557722	
0.18154699	
0.18154699	
0.17750632	
0.17750632	
0.17345524	
0.17345524	
0.17345524	
0.16939380	
0.16939380	
0.16939380	
0.16532203	
0.16532203	
0.16532203	
0.16123999	
0.16123999	
0.16123999	
0.15714772	
0.15714772	
0.15304526	
0.15304526	
0.15304526	
0.14893266	
0.14893266	
0.14893266	
0.14480997	
0.14480997	
0.14480997	
0.14067724	
0.14067724	
0.14067724	
0.13653452	
0.13238185	
0.13238185	
0.13238185	
0.12821931	
0.12821931	
0.12821931	
0.12404693	
0.12404693	
0.12404693	
0.11986477	
0.11986477	
0.11986477	
0.11567290	
0.11567290	
0.11147137	
0.11147137	
0.11147137	
0.10726024	
0.10726024	
0.10726024	
0.10303957	
0.10303957	
0.10303957	
0.09880943	
0.09880943	
0.09880943	
0.09456987	
0.09456987	
0.09032097	
0.09032097	
0.08606280	
0.08606280	
0.08606280	
0.08179541	
0.08179541	
0.08179541	
0.07751890	
0.07751890	
0.07751890	
0.07323332	
0.07323332	
0.07323332	
0.06893875	
0.06893875	
0.06463526	
0.06463526	
0.06463526	
0.06032295	
0.06032295	
0.06032295	
0.05600188	
0.05600188	
0.05600188	
0.05167214	
0.05167214	
0.04733381	
0.04733381	
0.04298698	
0.04298698	
0.04298698	
0.03863173	
0.03863173	
0.03863173	
0.03426816	
0.03426816	
0.03426816	
0.02989636	
0.02989636	
0.02989636	
0.02551642	
0.02551642	
0.02112843	
0.02112843	
0.02112843	
0.01673250	
0.01673250	
0.01673250	
0.01232873	
0.01232873	
0.01232873	
0.00791721	
0.00791721	
0.00349806	
0.00349806	
0.00349806	
-0.00092862	
-0.00092862	
-0.00536273	
-0.00536273	
-0.00536273	
-0.00980414	
-0.00980414	
-0.00980414	
-0.01425275	
-0.01425275	
-0.01425275	
-0.01870843	
-0.01870843	
-0.01870843	
-0.02317108	
-0.02317108	
-0.02764057	
-0.02764057	
-0.02764057	
-0.03211677	
-0.03211677	
-0.03211677	
-0.03659956	
-0.03659956	
-0.04108881	
-0.04108881	
-0.04108881	
-0.04558439	
-0.04558439	
-0.05008617	
-0.05008617	
-0.05008617	
-0.05459401	
-0.05459401	
-0.05459401	
-0.05910777	
-0.05910777	
-0.05910777	
-0.06362731	
-0.06362731	
-0.06362731	
-0.06815250	
-0.06815250	
-0.07268317	
-0.07268317	
-0.07268317	
-0.07721919	
-0.07721919	
-0.07721919	
-0.08176039	
-0.08176039	
-0.08630664	
-0.08630664	
-0.08630664	
-0.09085777	
-0.09085777	
-0.09085777	
-0.09541362	
-0.09541362	
-0.09997404	
-0.09997404	
-0.09997404	
-0.10453885	
-0.10453885	
-0.10453885	
-0.10910790	
-0.10910790	
-0.10910790	
-0.11368101	
-0.11368101	
-0.11368101	
-0.11825801	
-0.11825801	
-0.12283872	
-0.12283872	
-0.12283872	
-0.12742298	
-0.12742298	
-0.13201060	
-0.13201060	
-0.13201060	
-0.13660141	
-0.13660141	
-0.13660141	
-0.14119521	
-0.14119521	
-0.14579182	
-0.14579182	
-0.14579182	
-0.15039106	
-0.15039106	
-0.15039106	
-0.15499273	
-0.15499273	
-0.15499273	
-0.15959663	
-0.15959663	
-0.15959663	
-0.16420259	
-0.16420259	
-0.16881039	
-0.16881039	
-0.16881039	
-0.17341984	
-0.17341984	
-0.17803074	
-0.17803074	
-0.17803074	
-0.18264288	
-0.18264288	
-0.18264288	
-0.18725606	
-0.18725606	
-0.18725606	
-0.19187007	
-0.19187007	
-0.19648470	
-0.19648470	
-0.19648470	
-0.20109975	
-0.20109975	
-0.20109975	
-0.20571499	
-0.20571499	
-0.20571499	
-0.21033021	
-0.21033021	
-0.21033021	
-0.21494520	
-0.21494520	
-0.21955974	
-0.21955974	
-0.22417362	
-0.22417362	
-0.22417362	
-0.22878660	
-0.22878660	
-0.22878660	
-0.23339847	
-0.23339847	
-0.23339847	
-0.23800900	
-0.23800900	
-0.24261798	
-0.24261798	
-0.24261798	
-0.24722517	
-0.24722517	
-0.24722517	
-0.25183035	
-0.25183035	
-0.25183035	
-0.25643329	
-0.25643329	
-0.25643329	
-0.26103377	
-0.26103377	
-0.26563155	
-0.26563155	
-0.27022641	
-0.27022641	
-0.27022641	
-0.27481812	
-0.27481812	
-0.27481812	
-0.27940644	
-0.27940644	
-0.27940644	
-0.28399115	
-0.28399115	
-0.28399115	
-0.28857200	
-0.28857200	
-0.29314879	
-0.29314879	
-0.29314879	
-0.29772126	
-0.29772126	
-0.29772126	
-0.30228919	
-0.30228919	
-0.30228919	
-0.30685235	
-0.30685235	
-0.30685235	
-0.31141051	
-0.31596343	
-0.31596343	
-0.31596343	
-0.32051090	
-0.32051090	
-0.32051090	
-0.32505266	
-0.32505266	
-0.32505266	
-0.32958850	
-0.32958850	
-0.32958850	
-0.33411819	
-0.33411819	
-0.33864150	
-0.33864150	
-0.33864150	
-0.34315821	
-0.34315821	
-0.34315821	
-0.34766807	
-0.34766807	
-0.34766807	
-0.35217088	
-0.35217088	
-0.35217088	
-0.35666641	
-0.35666641	
-0.36115443	
-0.36115443	
-0.36563472	
-0.36563472	
-0.36563472	
-0.37010706	
-0.37010706	
-0.37010706	
-0.37457124	
-0.37457124	
-0.37457124	
-0.37902703	
-0.37902703	
-0.37902703	
-0.38347422	
-0.38347422	
-0.38791260	
-0.38791260	
-0.38791260	
-0.39234195	
-0.39234195	
-0.39234195	
-0.39676206	
-0.39676206	
-0.39676206	
-0.40117273	
-0.40117273	
-0.40557375	
-0.40557375	
-0.40996490	
-0.40996490	
-0.40996490	
-0.41434600	
-0.41434600	
-0.41434600	
-0.41871684	
-0.41871684	
-0.41871684	
-0.42307722	
-0.42307722	
-0.42307722	
-0.42742694	
-0.42742694	
-0.43176582	
-0.43176582	
-0.43176582	
-0.43609366	
-0.43609366	
-0.43609366	
-0.44041027	
-0.44041027	
-0.44041027	
-0.44471546	
-0.44471546	
-0.44900906	
-0.44900906	
-0.44900906	
-0.45329088	
-0.45329088	
-0.45756074	
-0.45756074	
-0.45756074	
-0.46181846	
-0.46181846	
-0.46181846	
-0.46606387	
-0.46606387	
-0.46606387	
-0.47029681	
-0.47029681	
-0.47029681	
-0.47451710	
-0.47451710	
-0.47872457	
-0.47872457	
-0.47872457	
-0.48291907	
-0.48291907	
-0.48291907	
-0.48710043	
-0.48710043	
-0.49126849	
-0.49126849	
-0.49126849	
-0.49542311	
-0.49542311	
-0.49956413	
-0.49956413	
-0.49956413	
-0.50369140	
-0.50369140	
-0.50369140	
-0.50780477	
-0.50780477	
-0.50780477	
-0.51190411	
-0.51190411	
-0.51190411	
-0.51598926	
-0.51598926	
-0.52006010	
-0.52006010	
-0.52006010	
-0.52411648	
-0.52411648	
-0.52411648	
-0.52815828	
-0.52815828	
-0.53218537	
-0.53218537	
-0.53218537	
-0.53619761	
-0.53619761	
-0.53619761	
-0.54019489	
-0.54019489	
-0.54417708	
-0.54417708	
-0.54417708	
-0.54814406	
-0.54814406	
-0.54814406	
-0.55209573	
-0.55209573	
-0.55209573	
-0.55603196	
-0.55603196	
-0.55603196	
-0.55995264	
-0.55995264	
-0.56385767	
-0.56385767	
-0.56385767	
-0.56774694	
-0.56774694	
-0.57162035	
-0.57162035	
-0.57162035	
-0.57547780	
-0.57547780	
-0.57547780	
-0.57931918	
-0.57931918	
-0.58314442	
-0.58314442	
-0.58314442	
-0.58695340	
-0.58695340	
-0.58695340	
-0.59074605	
-0.59074605	
-0.59074605	
-0.59452228	
-0.59452228	
-0.59452228	
-0.59828199	
-0.59828199	
-0.60202511	
-0.60202511	
-0.60202511	
-0.60575155	
-0.60575155	
-0.60946124	
-0.60946124	
-0.60946124	
-0.61315410	
-0.61315410	
-0.61315410	
-0.61683006	
-0.61683006	
-0.61683006	
-0.62048904	
-0.62048904	
-0.62413098	
-0.62413098	
-0.62413098	
-0.62775580	
-0.62775580	
-0.62775580	
-0.63136345	
-0.63136345	
-0.63136345	
-0.63495385	
-0.63495385	
-0.63495385	
-0.63852695	
-0.63852695	
-0.64208269	
-0.64208269	
-0.64562101	
-0.64562101	
-0.64562101	
-0.64914185	
-0.64914185	
-0.64914185	
-0.65264515	
-0.65264515	
-0.65264515	
-0.65613088	
-0.65613088	
-0.65959898	
-0.65959898	
-0.65959898	
-0.66304939	
-0.66304939	
-0.66304939	
-0.66648207	
-0.66648207	
-0.66648207	
-0.66989698	
-0.66989698	
-0.66989698	
-0.67329408	
-0.67329408	
-0.67667331	
-0.67667331	
-0.68003465	
-0.68003465	
-0.68003465	
-0.68337804	
-0.68337804	
-0.68337804	
-0.68670346	
-0.68670346	
-0.68670346	
-0.69001087	
-0.69001087	
-0.69001087	
-0.69330023	
-0.69330023	
-0.69657151	
-0.69657151	
-0.69657151	
-0.69982467	
-0.69982467	
-0.69982467	
-0.70305970	
-0.70305970	
-0.70305970	
-0.70627655	
-0.70627655	
-0.70627655	
-0.70947521	
-0.71265563	
-0.71265563	
-0.71265563	
-0.71581780	
-0.71581780	
-0.71581780	
-0.71896170	
-0.71896170	
-0.71896170	
-0.72208730	
-0.72208730	
-0.72208730	
-0.72519457	
-0.72519457	
-0.72828350	
-0.72828350	
-0.72828350	
-0.73135406	
-0.73135406	
-0.73135406	
-0.73440624	
-0.73440624	
-0.73440624	
-0.73744001	
-0.73744001	
-0.73744001	
-0.74045537	
-0.74045537	
-0.74345229	
-0.74345229	
-0.74643076	
-0.74643076	
-0.74643076	
