327.00000000	
326.98433489	
326.96867607	
326.95302355	
326.93737732	
326.92173738	
326.90610372	
326.89047635	
326.87485525	
326.85924044	
326.84363190	
326.82802964	
326.81243364	
326.79684392	
326.78126045	
326.76568326	
326.75011232	
326.73454764	
326.71898922	
326.70343705	
326.68789113	
326.67235146	
326.65681804	
326.64129086	
326.62576991	
326.61025521	
326.59474674	
326.57924451	
326.56374851	
326.54825873	
326.53277518	
326.51729785	
326.50182675	
326.48636186	
326.47090318	
326.45545072	
326.44000448	
326.42456443	
326.40913060	
326.39370297	
326.37828153	
326.36286630	
326.34745726	
326.33205442	
326.31665776	
326.30126730	
326.28588302	
326.27050492	
326.25513300	
326.23976726	
326.22440770	
326.20905431	
326.19370709	
326.17836604	
326.16303116	
326.14770243	
326.13237987	
326.11706347	
326.10175323	
326.08644913	
326.07115119	
326.05585940	
326.04057375	
326.02529425	
326.01002088	
325.99475366	
325.97949257	
325.96423762	
325.94898879	
325.93374610	
325.91850953	
325.90327909	
325.88805476	
325.87283656	
325.85762447	
325.84241850	
325.82721863	
325.81202488	
325.79683723	
325.78165569	
325.76648025	
325.75131091	
325.73614766	
325.72099051	
325.70583945	
325.69069449	
325.67555560	
325.66042281	
325.64529609	
325.63017545	
325.61506090	
325.59995241	
325.58485000	
325.56975366	
325.55466338	
325.53957917	
325.52450103	
325.50942894	
325.49436291	
325.47930294	
325.46424902	
325.44920115	
325.43415933	
325.41912355	
325.40409381	
325.38907012	
325.37405247	
325.35904085	
325.34403526	
325.32903571	
325.31404218	
325.29905468	
325.28407321	
325.26909775	
325.25412831	
325.23916489	
325.22420749	
325.20925609	
325.19431071	
325.17937133	
325.16443796	
325.14951059	
325.13458921	
325.11967384	
325.10476446	
325.08986107	
325.07496367	
325.06007226	
325.04518684	
325.03030739	
325.01543393	
325.00056645	
324.98570494	
324.97084940	
324.95599983	
324.94115624	
324.92631861	
324.91148694	
324.89666123	
324.88184148	
324.86702769	
324.85221985	
324.83741797	
324.82262203	
324.80783204	
324.79304799	
324.77826989	
324.76349772	
324.74873149	
324.73397120	
324.71921684	
324.70446841	
324.68972591	
324.67498933	
324.66025867	
324.64553394	
324.63081512	
324.61610222	
324.60139523	
324.58669416	
324.57199899	
324.55730973	
324.54262637	
324.52794891	
324.51327736	
324.49861170	
324.48395193	
324.46929805	
324.45465007	
324.44000797	
324.42537176	
324.41074143	
324.39611698	
324.38149841	
324.36688571	
324.35227889	
324.33767794	
324.32308285	
324.30849363	
324.29391028	
324.27933278	
324.26476115	
324.25019537	
324.23563545	
324.22108138	
324.20653315	
324.19199078	
324.17745425	
324.16292356	
324.14839871	
324.13387970	
324.11936653	
324.10485918	
324.09035767	
324.07586199	
324.06137213	
324.04688810	
324.03240989	
324.01793750	
324.00347092	
323.98901016	
323.97455521	
323.96010607	
323.94566274	
323.93122521	
323.91679348	
323.90236756	
323.88794743	
323.87353310	
323.85912456	
323.84472182	
323.83032486	
323.81593369	
323.80154830	
323.78716869	
323.77279487	
323.75842682	
323.74406454	
323.72970804	
323.71535731	
323.70101234	
323.68667314	
323.67233971	
323.65801203	
323.64369012	
323.62937396	
323.61506355	
323.60075889	
323.58645999	
323.57216683	
323.55787942	
323.54359774	
323.52932181	
323.51505162	
323.50078716	
323.48652843	
323.47227544	
323.45802817	
323.44378663	
323.42955082	
323.41532072	
323.40109635	
323.38687769	
323.37266475	
323.35845752	
323.34425599	
323.33006018	
323.31587007	
323.30168567	
323.28750696	
323.27333396	
323.25916665	
323.24500504	
323.23084911	
323.21669888	
323.20255433	
323.18841547	
323.17428229	
323.16015480	
323.14603298	
323.13191683	
323.11780636	
323.10370156	
323.08960243	
323.07550897	
323.06142117	
323.04733903	
323.03326255	
323.01919173	
323.00512657	
322.99106705	
322.97701319	
322.96296498	
322.94892241	
322.93488549	
322.92085421	
322.90682857	
322.89280856	
322.87879419	
322.86478546	
322.85078235	
322.83678487	
322.82279302	
322.80880679	
322.79482618	
322.78085119	
322.76688182	
322.75291806	
322.73895991	
322.72500738	
322.71106045	
322.69711913	
322.68318341	
322.66925329	
322.65532877	
322.64140985	
322.62749652	
322.61358878	
322.59968664	
322.58579008	
322.57189910	
322.55801371	
322.54413390	
322.53025967	
322.51639101	
322.50252793	
322.48867042	
322.47481848	
322.46097211	
322.44713130	
322.43329605	
322.41946637	
322.40564224	
322.39182367	
322.37801065	
322.36420319	
322.35040127	
322.33660491	
322.32281408	
322.30902880	
322.29524906	
322.28147486	
322.26770620	
322.25394306	
322.24018546	
322.22643339	
322.21268685	
322.19894583	
322.18521034	
322.17148036	
322.15775590	
322.14403696	
322.13032354	
322.11661562	
322.10291321	
322.08921631	
322.07552492	
322.06183903	
322.04815864	
322.03448375	
322.02081435	
322.00715045	
321.99349204	
321.97983912	
321.96619168	
321.95254974	
321.93891327	
321.92528228	
321.91165678	
321.89803675	
321.88442219	
321.87081311	
321.85720949	
321.84361135	
321.83001867	
321.81643145	
321.80284969	
321.78927339	
321.77570255	
321.76213716	
321.74857722	
321.73502274	
321.72147370	
321.70793011	
321.69439196	
321.68085925	
321.66733198	
321.65381015	
321.64029375	
321.62678279	
321.61327725	
321.59977714	
321.58628246	
321.57279321	
321.55930937	
321.54583095	
321.53235795	
321.51889037	
321.50542820	
321.49197144	
321.47852009	
321.46507414	
321.45163360	
321.43819846	
321.42476872	
321.41134438	
321.39792543	
321.38451188	
321.37110371	
321.35770094	
321.34430355	
321.33091155	
321.31752493	
321.30414369	
321.29076783	
321.27739734	
321.26403223	
321.25067249	
321.23731812	
321.22396912	
321.21062548	
321.19728721	
321.18395429	
321.17062674	
321.15730454	
321.14398769	
321.13067620	
321.11737006	
321.10406926	
321.09077382	
321.07748371	
321.06419895	
321.05091952	
321.03764544	
321.02437668	
321.01111327	
320.99785518	
320.98460242	
320.97135499	
320.95811288	
320.94487609	
320.93164462	
320.91841848	
320.90519764	
320.89198212	
320.87877192	
320.86556702	
320.85236743	
320.83917314	
320.82598416	
320.81280048	
320.79962209	
320.78644901	
320.77328121	
320.76011872	
320.74696151	
320.73380958	
320.72066295	
320.70752160	
320.69438553	
320.68125474	
320.66812922	
320.65500899	
320.64189402	
320.62878433	
320.61567990	
320.60258075	
320.58948685	
320.57639822	
320.56331485	
320.55023674	
320.53716389	
320.52409629	
320.51103394	
320.49797684	
320.48492499	
320.47187838	
320.45883702	
320.44580090	
320.43277002	
320.41974438	
320.40672397	
320.39370880	
320.38069885	
320.36769414	
320.35469465	
320.34170039	
320.32871134	
320.31572752	
320.30274892	
320.28977554	
320.27680736	
320.26384440	
320.25088666	
320.23793411	
320.22498678	
320.21204465	
320.19910772	
320.18617598	
320.17324945	
320.16032811	
320.14741197	
320.13450102	
320.12159525	
320.10869467	
320.09579928	
320.08290907	
320.07002404	
320.05714419	
320.04426952	
320.03140002	
320.01853569	
320.00567654	
319.99282255	
319.97997373	
319.96713007	
319.95429157	
319.94145824	
319.92863006	
319.91580704	
319.90298917	
319.89017646	
319.87736889	
319.86456647	
319.85176920	
319.83897707	
319.82619008	
319.81340823	
319.80063151	
319.78785994	
319.77509349	
319.76233218	
319.74957600	
319.73682494	
319.72407901	
319.71133820	
319.69860251	
319.68587194	
319.67314648	
319.66042614	
319.64771092	
319.63500080	
319.62229579	
319.60959589	
319.59690110	
319.58421140	
319.57152681	
319.55884731	
319.54617291	
319.53350360	
319.52083939	
319.50818026	
319.49552623	
319.48287728	
319.47023341	
319.45759462	
319.44496092	
319.43233229	
319.41970874	
319.40709026	
319.39447685	
319.38186851	
319.36926524	
319.35666704	
319.34407390	
319.33148582	
319.31890280	
319.30632484	
319.29375193	
319.28118407	
319.26862127	
319.25606351	
319.24351081	
319.23096315	
319.21842053	
319.20588295	
319.19335041	
319.18082291	
319.16830044	
319.15578301	
319.14327060	
319.13076323	
319.11826088	
319.10576356	
319.09327126	
319.08078398	
319.06830172	
319.05582448	
319.04335225	
319.03088504	
319.01842283	
319.00596564	
318.99351345	
318.98106626	
318.96862408	
318.95618690	
318.94375472	
318.93132753	
318.91890534	
318.90648814	
318.89407594	
318.88166872	
318.86926649	
318.85686924	
318.84447697	
318.83208969	
318.81970738	
318.80733005	
318.79495770	
318.78259032	
318.77022791	
318.75787046	
318.74551799	
318.73317048	
318.72082793	
318.70849034	
318.69615771	
318.68383004	
318.67150732	
318.65918956	
318.64687674	
318.63456887	
318.62226596	
318.60996798	
318.59767495	
318.58538686	
318.57310371	
318.56082549	
318.54855221	
318.53628386	
318.52402045	
318.51176196	
318.49950840	
318.48725976	
318.47501605	
318.46277726	
318.45054338	
318.43831443	
318.42609038	
318.41387126	
318.40165704	
318.38944773	
318.37724333	
318.36504383	
318.35284924	
318.34065955	
318.32847475	
318.31629486	
318.30411986	
318.29194975	
318.27978454	
318.26762421	
318.25546877	
318.24331822	
318.23117255	
318.21903176	
318.20689585	
318.19476482	
318.18263867	
318.17051739	
318.15840098	
318.14628944	
318.13418276	
318.12208096	
318.10998402	
318.09789193	
318.08580471	
318.07372235	
318.06164485	
318.04957219	
318.03750439	
318.02544144	
318.01338334	
318.00133009	
317.98928167	
317.97723811	
317.96519938	
317.95316549	
317.94113644	
317.92911222	
317.91709283	
317.90507828	
317.89306855	
317.88106365	
317.86906358	
317.85706833	
317.84507790	
317.83309229	
317.82111149	
317.80913552	
317.79716435	
317.78519800	
317.77323645	
317.76127972	
317.74932778	
317.73738066	
317.72543833	
317.71350081	
317.70156808	
317.68964015	
317.67771701	
317.66579866	
317.65388511	
317.64197634	
317.63007236	
317.61817316	
317.60627875	
317.59438911	
317.58250426	
317.57062418	
317.55874887	
317.54687834	
317.53501258	
317.52315159	
317.51129537	
317.49944391	
317.48759722	
317.47575528	
317.46391811	
317.45208569	
317.44025803	
317.42843512	
317.41661697	
317.40480356	
317.39299490	
317.38119099	
317.36939182	
317.35759740	
317.34580771	
317.33402277	
317.32224256	
317.31046708	
317.29869634	
317.28693033	
317.27516904	
317.26341249	
317.25166066	
317.23991355	
317.22817116	
317.21643350	
317.20470055	
317.19297231	
317.18124879	
317.16952999	
317.15781589	
317.14610650	
317.13440181	
317.12270183	
317.11100656	
317.09931598	
317.08763010	
317.07594892	
317.06427244	
317.05260064	
317.04093354	
317.02927113	
317.01761340	
317.00596036	
316.99431200	
316.98266833	
316.97102933	
316.95939502	
316.94776537	
316.93614041	
316.92452011	
316.91290449	
316.90129353	
316.88968724	
316.87808562	
316.86648865	
316.85489635	
316.84330871	
316.83172573	
316.82014740	
316.80857372	
316.79700470	
316.78544032	
316.77388060	
316.76232552	
316.75077508	
316.73922929	
316.72768813	
316.71615162	
316.70461974	
316.69309249	
316.68156988	
316.67005190	
316.65853855	
316.64702983	
316.63552573	
316.62402626	
316.61253141	
316.60104118	
316.58955556	
316.57807457	
316.56659818	
316.55512641	
316.54365925	
316.53219670	
316.52073876	
316.50928542	
316.49783668	
316.48639255	
316.47495301	
316.46351808	
316.45208774	
316.44066199	
316.42924083	
316.41782427	
316.40641229	
316.39500490	
316.38360210	
316.37220388	
316.36081024	
316.34942118	
316.33803669	
316.32665678	
316.31528145	
316.30391069	
316.29254449	
316.28118287	
316.26982581	
316.25847332	
316.24712539	
316.23578202	
316.22444321	
316.21310895	
316.20177926	
316.19045411	
316.17913352	
316.16781748	
316.15650598	
316.14519903	
316.13389663	
316.12259877	
316.11130545	
316.10001667	
316.08873242	
316.07745271	
316.06617754	
316.05490689	
316.04364078	
316.03237919	
316.02112213	
316.00986960	
315.99862159	
315.98737809	
315.97613912	
315.96490466	
315.95367472	
315.94244930	
315.93122838	
315.92001197	
315.90880008	
315.89759268	
315.88638980	
315.87519141	
315.86399753	
315.85280814	
315.84162326	
315.83044286	
315.81926697	
315.80809556	
315.79692864	
315.78576621	
315.77460827	
315.76345481	
315.75230584	
315.74116134	
315.73002133	
315.71888579	
315.70775473	
315.69662814	
315.68550602	
315.67438838	
315.66327520	
315.65216649	
315.64106224	
315.62996246	
315.61886713	
315.60777627	
315.59668987	
315.58560792	
315.57453042	
315.56345738	
315.55238878	
315.54132464	
315.53026494	
315.51920969	
315.50815888	
315.49711251	
315.48607058	
315.47503309	
315.46400004	
315.45297142	
315.44194723	
315.43092748	
315.41991215	
315.40890125	
315.39789477	
315.38689272	
315.37589509	
315.36490188	
315.35391309	
315.34292872	
315.33194876	
315.32097321	
315.31000208	
315.29903535	
315.28807303	
315.27711512	
315.26616161	
315.25521251	
315.24426780	
315.23332750	
315.22239159	
315.21146008	
315.20053295	
315.18961023	
315.17869189	
315.16777794	
315.15686837	
315.14596320	
315.13506240	
315.12416598	
315.11327395	
315.10238629	
315.09150301	
315.08062410	
315.06974957	
315.05887940	
315.04801361	
315.03715218	
315.02629512	
315.01544242	
315.00459408	
314.99375010	
314.98291048	
314.97207522	
314.96124431	
314.95041776	
314.93959555	
314.92877770	
314.91796419	
314.90715503	
314.89635022	
314.88554975	
314.87475361	
314.86396182	
314.85317437	
314.84239125	
314.83161246	
314.82083801	
314.81006788	
314.79930209	
314.78854062	
314.77778348	
314.76703066	
314.75628216	
314.74553798	
314.73479813	
314.72406258	
314.71333136	
314.70260444	
314.69188184	
314.68116354	
314.67044956	
314.65973988	
314.64903450	
314.63833343	
314.62763666	
314.61694418	
314.60625601	
314.59557213	
314.58489254	
314.57421725	
314.56354625	
314.55287953	
314.54221711	
314.53155897	
314.52090511	
314.51025553	
314.49961024	
314.48896922	
314.47833248	
314.46770001	
314.45707182	
314.44644790	
314.43582825	
314.42521287	
314.41460176	
314.40399490	
314.39339232	
314.38279399	
314.37219992	
314.36161011	
314.35102456	
314.34044326	
314.32986622	
314.31929342	
314.30872488	
314.29816058	
314.28760053	
314.27704472	
314.26649316	
314.25594583	
314.24540275	
314.23486390	
314.22432929	
314.21379891	
314.20327277	
314.19275085	
314.18223317	
314.17171971	
314.16121048	
314.15070547	
314.14020468	
314.12970812	
314.11921577	
314.10872764	
314.09824372	
314.08776402	
314.07728853	
314.06681725	
314.05635018	
314.04588732	
314.03542866	
314.02497420	
314.01452395	
314.00407789	
313.99363604	
313.98319838	
313.97276492	
313.96233565	
313.95191057	
313.94148968	
313.93107298	
313.92066047	
313.91025214	
313.89984799	
313.88944803	
313.87905225	
313.86866064	
313.85827321	
313.84788996	
313.83751088	
313.82713597	
313.81676523	
313.80639866	
313.79603625	
313.78567801	
313.77532394	
313.76497402	
313.75462827	
313.74428667	
313.73394923	
313.72361594	
313.71328681	
313.70296183	
313.69264099	
313.68232431	
313.67201177	
313.66170338	
313.65139913	
313.64109902	
313.63080305	
313.62051122	
313.61022353	
313.59993997	
313.58966054	
313.57938525	
313.56911408	
313.55884705	
313.54858414	
313.53832535	
313.52807069	
313.51782015	
313.50757373	
313.49733143	
313.48709324	
313.47685917	
313.46662921	
313.45640336	
313.44618163	
313.43596400	
313.42575048	
313.41554106	
313.40533575	
313.39513454	
313.38493743	
313.37474441	
313.36455550	
313.35437067	
313.34418995	
313.33401331	
313.32384076	
313.31367231	
313.30350794	
313.29334765	
313.28319145	
313.27303933	
313.26289129	
313.25274733	
313.24260744	
313.23247164	
313.22233990	
313.21221224	
313.20208865	
313.19196912	
313.18185367	
313.17174227	
313.16163495	
313.15153168	
313.14143248	
313.13133733	
313.12124625	
313.11115922	
313.10107624	
313.09099731	
313.08092244	
313.07085161	
313.06078484	
313.05072210	
313.04066342	
313.03060877	
313.02055817	
313.01051161	
313.00046908	
312.99043059	
312.98039614	
312.97036571	
312.96033932	
312.95031696	
312.94029863	
312.93028432	
312.92027404	
312.91026778	
312.90026555	
312.89026733	
312.88027313	
312.87028295	
312.86029679	
312.85031463	
312.84033649	
312.83036236	
312.82039224	
312.81042613	
312.80046402	
312.79050592	
312.78055181	
312.77060171	
312.76065561	
312.75071351	
312.74077540	
312.73084128	
312.72091116	
312.71098503	
312.70106289	
312.69114473	
312.68123057	
312.67132038	
312.66141418	
312.65151196	
312.64161373	
312.63171947	
312.62182918	
312.61194287	
312.60206054	
312.59218218	
312.58230778	
312.57243736	
312.56257090	
312.55270841	
312.54284988	
312.53299532	
312.52314471	
312.51329807	
312.50345538	
312.49361664	
312.48378187	
312.47395104	
312.46412417	
312.45430124	
312.44448227	
312.43466724	
312.42485615	
312.41504901	
312.40524581	
312.39544655	
312.38565123	
312.37585984	
312.36607239	
312.35628888	
312.34650929	
312.33673364	
312.32696191	
312.31719412	
312.30743025	
312.29767030	
312.28791427	
312.27816217	
312.26841399	
312.25866972	
312.24892937	
312.23919294	
312.22946042	
312.21973181	
312.21000711	
312.20028632	
312.19056943	
312.18085645	
312.17114738	
312.16144221	
312.15174093	
312.14204356	
312.13235009	
312.12266051	
312.11297482	
312.10329303	
312.09361513	
312.08394112	
312.07427099	
312.06460476	
312.05494241	
312.04528394	
312.03562935	
312.02597865	
312.01633182	
312.00668887	
311.99704979	
311.98741459	
311.97778327	
311.96815581	
311.95853222	
311.94891250	
311.93929665	
311.92968466	
311.92007654	
311.91047227	
311.90087187	
311.89127532	
311.88168264	
311.87209380	
311.86250882	
311.85292770	
311.84335042	
311.83377700	
311.82420742	
311.81464169	
311.80507980	
311.79552175	
311.78596755	
311.77641719	
311.76687066	
311.75732797	
311.74778912	
311.73825410	
311.72872292	
311.71919556	
311.70967203	
311.70015234	
311.69063646	
311.68112442	
311.67161619	
311.66211179	
311.65261120	
311.64311444	
311.63362149	
311.62413236	
311.61464704	
311.60516553	
311.59568783	
311.58621395	
311.57674387	
311.56727760	
311.55781513	
311.54835646	
311.53890160	
311.52945053	
311.52000327	
311.51055980	
311.50112013	
311.49168425	
311.48225216	
311.47282387	
311.46339936	
311.45397864	
311.44456171	
311.43514857	
311.42573920	
311.41633362	
311.40693182	
311.39753379	
311.38813955	
311.37874908	
311.36936238	
311.35997946	
311.35060031	
311.34122493	
311.33185331	
311.32248546	
311.31312138	
311.30376106	
311.29440450	
311.28505171	
311.27570267	
311.26635739	
311.25701587	
311.24767810	
311.23834408	
311.22901382	
311.21968730	
311.21036453	
311.20104551	
311.19173024	
311.18241871	
311.17311092	
311.16380687	
311.15450657	
311.14521000	
311.13591716	
311.12662807	
311.11734270	
311.10806107	
311.09878317	
311.08950899	
311.08023855	
311.07097183	
311.06170883	
311.05244956	
311.04319401	
311.03394218	
311.02469406	
311.01544967	
311.00620899	
310.99697202	
310.98773877	
310.97850922	
310.96928339	
310.96006127	
310.95084285	
310.94162813	
310.93241712	
310.92320981	
310.91400621	
310.90480630	
310.89561009	
310.88641757	
310.87722875	
310.86804362	
310.85886219	
310.84968444	
310.84051038	
310.83134002	
310.82217333	
310.81301033	
310.80385101	
310.79469538	
310.78554342	
310.77639515	
310.76725054	
310.75810962	
310.74897237	
310.73983879	
310.73070888	
310.72158264	
310.71246007	
310.70334117	
310.69422593	
310.68511435	
310.67600644	
310.66690218	
310.65780159	
310.64870465	
310.63961137	
310.63052175	
310.62143578	
310.61235346	
310.60327479	
310.59419977	
310.58512839	
310.57606066	
310.56699658	
310.55793614	
310.54887934	
310.53982618	
310.53077666	
310.52173078	
310.51268853	
310.50364992	
310.49461494	
310.48558359	
310.47655587	
310.46753178	
310.45851132	
310.44949448	
310.44048126	
310.43147167	
310.42246570	
310.41346335	
310.40446461	
310.39546950	
310.38647800	
310.37749011	
310.36850584	
310.35952517	
310.35054812	
310.34157467	
310.33260483	
310.32363860	
310.31467596	
310.30571694	
310.29676151	
310.28780968	
310.27886145	
310.26991681	
310.26097577	
310.25203833	
310.24310447	
310.23417421	
310.22524754	
310.21632445	
310.20740495	
310.19848904	
310.18957670	
310.18066795	
310.17176279	
310.16286120	
310.15396318	
310.14506875	
310.13617789	
310.12729060	
310.11840688	
310.10952674	
310.10065016	
310.09177715	
310.08290771	
310.07404183	
310.06517952	
310.05632076	
310.04746557	
310.03861394	
310.02976586	
310.02092134	
310.01208038	
310.00324297	
309.99440911	
309.98557880	
309.97675204	
309.96792883	
309.95910916	
309.95029304	
309.94148046	
309.93267143	
309.92386593	
309.91506398	
309.90626556	
309.89747067	
309.88867933	
309.87989151	
309.87110723	
309.86232648	
309.85354925	
309.84477556	
309.83600539	
309.82723875	
309.81847563	
309.80971603	
309.80095995	
309.79220739	
309.78345835	
309.77471283	
309.76597082	
309.75723232	
309.74849734	
309.73976586	
309.73103790	
309.72231344	
309.71359249	
309.70487505	
309.69616111	
309.68745067	
309.67874373	
309.67004029	
309.66134035	
309.65264391	
309.64395096	
309.63526151	
309.62657555	
309.61789307	
309.60921409	
309.60053860	
309.59186659	
309.58319807	
309.57453304	
309.56587148	
309.55721341	
309.54855881	
309.53990770	
309.53126006	
309.52261590	
309.51397521	
309.50533800	
309.49670425	
309.48807398	
309.47944717	
309.47082384	
309.46220396	
309.45358756	
309.44497461	
309.43636513	
309.42775911	
309.41915654	
309.41055744	
309.40196179	
309.39336959	
309.38478085	
309.37619556	
309.36761372	
309.35903533	
309.35046039	
309.34188889	
309.33332084	
309.32475623	
309.31619507	
309.30763734	
309.29908306	
309.29053221	
309.28198480	
309.27344083	
309.26490028	
309.25636318	
309.24782950	
309.23929925	
309.23077243	
309.22224904	
309.21372908	
309.20521253	
309.19669941	
309.18818972	
309.17968344	
309.17118058	
309.16268114	
309.15418512	
309.14569251	
309.13720331	
309.12871752	
309.12023515	
309.11175618	
309.10328063	
309.09480848	
309.08633973	
309.07787439	
309.06941245	
309.06095391	
309.05249877	
309.04404703	
309.03559869	
309.02715374	
309.01871218	
309.01027402	
309.00183925	
308.99340787	
308.98497988	
308.97655528	
308.96813406	
308.95971622	
308.95130177	
308.94289071	
308.93448302	
308.92607871	
308.91767778	
308.90928022	
308.90088605	
308.89249524	
308.88410781	
308.87572374	
308.86734305	
308.85896573	
308.85059177	
308.84222118	
308.83385395	
308.82549009	
308.81712959	
308.80877244	
308.80041866	
308.79206823	
308.78372116	
308.77537745	
308.76703709	
308.75870008	
308.75036642	
308.74203611	
308.73370915	
308.72538553	
308.71706526	
308.70874834	
308.70043476	
308.69212452	
308.68381761	
308.67551405	
308.66721383	
308.65891694	
308.65062338	
308.64233316	
308.63404627	
308.62576271	
308.61748249	
308.60920558	
308.60093201	
308.59266176	
308.58439483	
308.57613123	
308.56787095	
308.55961399	
308.55136035	
308.54311002	
308.53486301	
308.52661931	
308.51837893	
308.51014186	
308.50190810	
308.49367765	
308.48545051	
308.47722667	
308.46900614	
308.46078892	
308.45257499	
308.44436437	
308.43615705	
308.42795303	
308.41975230	
308.41155487	
308.40336073	
308.39516989	
308.38698234	
308.37879808	
308.37061711	
308.36243943	
308.35426503	
308.34609392	
308.33792609	
308.32976155	
308.32160029	
308.31344231	
308.30528760	
308.29713618	
308.28898803	
308.28084316	
308.27270155	
308.26456323	
308.25642817	
308.24829638	
308.24016786	
308.23204261	
308.22392062	
308.21580190	
308.20768644	
308.19957424	
308.19146530	
308.18335962	
308.17525720	
308.16715804	
308.15906213	
308.15096947	
308.14288007	
308.13479392	
308.12671102	
308.11863136	
308.11055496	
308.10248180	
308.09441189	
308.08634521	
308.07828178	
308.07022160	
308.06216465	
308.05411094	
308.04606046	
308.03801322	
308.02996922	
308.02192845	
308.01389091	
308.00585660	
307.99782552	
307.98979767	
307.98177304	
307.97375164	
307.96573347	
307.95771852	
307.94970678	
307.94169827	
307.93369298	
307.92569090	
307.91769204	
307.90969640	
307.90170396	
307.89371475	
307.88572874	
307.87774594	
307.86976635	
307.86178997	
307.85381679	
307.84584682	
307.83788005	
307.82991648	
307.82195611	
307.81399895	
307.80604498	
307.79809420	
307.79014663	
307.78220225	
307.77426106	
307.76632306	
307.75838825	
307.75045663	
307.74252820	
307.73460296	
307.72668090	
307.71876202	
307.71084633	
307.70293382	
307.69502449	
307.68711834	
307.67921537	
307.67131557	
307.66341894	
307.65552550	
307.64763522	
307.63974811	
307.63186418	
307.62398341	
307.61610581	
307.60823138	
307.60036011	
307.59249201	
307.58462707	
307.57676529	
307.56890666	
307.56105120	
307.55319890	
307.54534975	
307.53750375	
307.52966091	
307.52182122	
307.51398468	
307.50615129	
307.49832105	
307.49049396	
307.48267001	
307.47484921	
307.46703155	
307.45921703	
307.45140565	
307.44359742	
307.43579232	
307.42799035	
307.42019153	
307.41239584	
307.40460328	
307.39681385	
307.38902755	
307.38124439	
307.37346435	
307.36568744	
307.35791365	
307.35014299	
307.34237545	
307.33461103	
307.32684974	
307.31909156	
307.31133650	
307.30358456	
307.29583573	
307.28809002	
307.28034742	
307.27260794	
307.26487156	
307.25713830	
307.24940814	
307.24168109	
307.23395714	
307.22623630	
307.21851856	
307.21080392	
307.20309239	
307.19538395	
307.18767861	
307.17997637	
307.17227722	
307.16458117	
307.15688821	
307.14919835	
307.14151157	
307.13382789	
307.12614729	
307.11846978	
307.11079535	
307.10312401	
307.09545575	
307.08779058	
307.08012848	
307.07246947	
307.06481353	
307.05716067	
307.04951088	
307.04186417	
307.03422054	
307.02657997	
307.01894248	
307.01130805	
307.00367670	
306.99604841	
306.98842319	
306.98080103	
306.97318194	
306.96556590	
306.95795293	
306.95034302	
306.94273617	
306.93513237	
306.92753163	
306.91993395	
306.91233932	
306.90474774	
306.89715921	
306.88957373	
306.88199131	
306.87441192	
306.86683559	
306.85926230	
306.85169205	
306.84412485	
306.83656069	
306.82899957	
306.82144148	
306.81388644	
306.80633443	
306.79878545	
306.79123951	
306.78369661	
306.77615673	
306.76861989	
306.76108607	
306.75355528	
306.74602752	
306.73850279	
306.73098108	
306.72346239	
306.71594672	
306.70843408	
306.70092445	
306.69341784	
306.68591425	
306.67841368	
306.67091612	
306.66342157	
306.65593004	
306.64844151	
306.64095600	
306.63347349	
306.62599399	
306.61851750	
306.61104401	
306.60357353	
306.59610605	
306.58864157	
306.58118009	
306.57372161	
306.56626613	
306.55881364	
306.55136415	
306.54391765	
306.53647415	
306.52903364	
306.52159611	
306.51416158	
306.50673003	
306.49930148	
306.49187590	
306.48445332	
306.47703371	
306.46961709	
306.46220345	
306.45479278	
306.44738510	
306.43998039	
306.43257866	
306.42517991	
306.41778413	
306.41039132	
306.40300148	
306.39561461	
306.38823071	
306.38084978	
306.37347182	
306.36609682	
306.35872478	
306.35135571	
306.34398960	
306.33662645	
306.32926626	
306.32190902	
306.31455475	
306.30720343	
306.29985506	
306.29250965	
306.28516719	
306.27782768	
306.27049112	
306.26315751	
306.25582685	
306.24849913	
306.24117436	
306.23385253	
306.22653365	
306.21921771	
306.21190470	
306.20459464	
306.19728752	
306.18998333	
306.18268207	
306.17538376	
306.16808837	
306.16079592	
306.15350640	
306.14621980	
306.13893614	
306.13165540	
306.12437759	
306.11710271	
306.10983075	
306.10256171	
306.09529559	
306.08803240	
306.08077212	
306.07351476	
306.06626032	
306.05900879	
306.05176018	
306.04451448	
306.03727169	
306.03003182	
306.02279485	
306.01556079	
306.00832964	
306.00110140	
305.99387606	
305.98665363	
305.97943410	
305.97221747	
305.96500374	
305.95779291	
305.95058498	
305.94337994	
305.93617780	
305.92897856	
305.92178221	
305.91458875	
305.90739818	
305.90021050	
305.89302571	
305.88584381	
305.87866480	
305.87148867	
305.86431542	
305.85714506	
305.84997758	
305.84281298	
305.83565126	
305.82849242	
305.82133646	
305.81418337	
305.80703315	
305.79988581	
305.79274135	
305.78559975	
305.77846103	
305.77132517	
305.76419218	
305.75706206	
305.74993481	
305.74281042	
305.73568889	
305.72857022	
305.72145442	
305.71434148	
305.70723139	
305.70012416	
305.69301979	
305.68591828	
305.67881962	
305.67172381	
305.66463085	
305.65754074	
305.65045349	
305.64336908	
305.63628752	
305.62920881	
305.62213294	
305.61505991	
305.60798973	
305.60092239	
305.59385789	
305.58679623	
305.57973740	
305.57268142	
305.56562827	
305.55857795	
305.55153047	
305.54448582	
305.53744401	
305.53040502	
305.52336886	
305.51633553	
305.50930503	
305.50227735	
305.49525249	
305.48823046	
305.48121126	
305.47419487	
305.46718130	
305.46017055	
305.45316262	
305.44615751	
305.43915521	
305.43215573	
305.42515906	
305.41816520	
305.41117415	
305.40418591	
305.39720049	
305.39021786	
305.38323805	
305.37626104	
305.36928683	
305.36231543	
305.35534683	
305.34838103	
305.34141803	
305.33445783	
305.32750042	
305.32054582	
305.31359400	
305.30664499	
305.29969876	
305.29275533	
305.28581468	
305.27887683	
305.27194176	
305.26500948	
305.25807999	
305.25115329	
305.24422936	
305.23730822	
305.23038986	
305.22347429	
305.21656149	
305.20965147	
305.20274423	
305.19583976	
305.18893807	
305.18203915	
305.17514300	
305.16824963	
305.16135903	
305.15447120	
305.14758613	
305.14070383	
305.13382430	
305.12694753	
305.12007353	
305.11320229	
305.10633381	
305.09946810	
305.09260514	
305.08574494	
305.07888749	
305.07203281	
305.06518088	
305.05833170	
305.05148527	
305.04464160	
305.03780068	
305.03096250	
305.02412708	
305.01729440	
305.01046447	
305.00363728	
304.99681284	
304.98999114	
304.98317218	
304.97635597	
304.96954249	
304.96273175	
304.95592375	
304.94911848	
304.94231595	
304.93551615	
304.92871909	
304.92192476	
304.91513316	
304.90834429	
304.90155814	
304.89477473	
304.88799404	
304.88121608	
304.87444084	
304.86766832	
304.86089852	
304.85413145	
304.84736710	
304.84060546	
304.83384654	
304.82709034	
304.82033686	
304.81358609	
304.80683803	
304.80009268	
304.79335005	
304.78661012	
304.77987291	
304.77313840	
304.76640660	
304.75967750	
304.75295111	
304.74622742	
304.73950644	
304.73278815	
304.72607257	
304.71935968	
304.71264949	
304.70594200	
304.69923721	
304.69253511	
304.68583571	
304.67913899	
304.67244497	
304.66575364	
304.65906500	
304.65237904	
304.64569578	
304.63901520	
304.63233730	
304.62566209	
304.61898956	
304.61231971	
304.60565255	
304.59898806	
304.59232625	
304.58566712	
304.57901067	
304.57235689	
304.56570579	
304.55905735	
304.55241160	
304.54576851	
304.53912809	
304.53249034	
304.52585526	
304.51922284	
304.51259309	
304.50596601	
304.49934159	
304.49271983	
304.48610073	
304.47948430	
304.47287052	
304.46625940	
304.45965094	
304.45304513	
304.44644198	
304.43984148	
304.43324364	
304.42664845	
304.42005590	
304.41346601	
304.40687877	
304.40029417	
304.39371222	
304.38713292	
304.38055626	
304.37398224	
304.36741087	
304.36084213	
304.35427604	
304.34771258	
304.34115177	
304.33459359	
304.32803804	
304.32148513	
304.31493486	
304.30838722	
304.30184221	
304.29529983	
304.28876007	
304.28222295	
304.27568846	
304.26915659	
304.26262734	
304.25610072	
304.24957673	
304.24305535	
304.23653660	
304.23002047	
304.22350695	
304.21699606	
304.21048778	
304.20398211	
304.19747906	
304.19097863	
304.18448081	
304.17798559	
304.17149299	
304.16500300	
304.15851562	
304.15203084	
304.14554868	
304.13906911	
304.13259215	
304.12611780	
304.11964604	
304.11317689	
304.10671034	
304.10024638	
304.09378503	
304.08732627	
304.08087010	
304.07441653	
304.06796556	
304.06151718	
304.05507139	
304.04862819	
304.04218758	
304.03574956	
304.02931412	
304.02288128	
304.01645101	
304.01002334	
304.00359824	
303.99717573	
303.99075580	
303.98433845	
303.97792368	
303.97151149	
303.96510187	
303.95869483	
303.95229037	
303.94588848	
303.93948916	
303.93309241	
303.92669824	
303.92030663	
303.91391760	
303.90753113	
303.90114723	
303.89476589	
303.88838712	
303.88201092	
303.87563727	
303.86926619	
303.86289767	
303.85653171	
303.85016830	
303.84380746	
303.83744917	
303.83109343	
303.82474025	
303.81838963	
303.81204156	
303.80569603	
303.79935306	
303.79301264	
303.78667476	
303.78033944	
303.77400666	
303.76767642	
303.76134873	
303.75502358	
303.74870098	
303.74238091	
303.73606339	
303.72974840	
303.72343595	
303.71712604	
303.71081867	
303.70451383	
303.69821152	
303.69191175	
303.68561451	
303.67931980	
303.67302762	
303.66673797	
303.66045085	
303.65416625	
303.64788418	
303.64160464	
303.63532762	
303.62905312	
303.62278114	
303.61651169	
303.61024475	
303.60398034	
303.59771844	
303.59145905	
303.58520219	
303.57894783	
303.57269600	
303.56644667	
303.56019986	
303.55395555	
303.54771376	
303.54147447	
303.53523770	
303.52900343	
303.52277166	
303.51654240	
303.51031565	
303.50409139	
303.49786964	
303.49165039	
303.48543363	
303.47921938	
303.47300762	
303.46679837	
303.46059160	
303.45438733	
303.44818556	
303.44198627	
303.43578948	
303.42959518	
303.42340337	
303.41721405	
303.41102721	
303.40484286	
303.39866100	
303.39248162	
303.38630473	
303.38013032	
303.37395838	
303.36778893	
303.36162196	
303.35545747	
303.34929546	
303.34313592	
303.33697886	
303.33082427	
303.32467216	
303.31852252	
303.31237535	
303.30623065	
303.30008842	
303.29394866	
303.28781136	
303.28167654	
303.27554418	
303.26941428	
303.26328685	
303.25716188	
303.25103937	
303.24491933	
303.23880174	
303.23268661	
303.22657394	
303.22046373	
303.21435597	
303.20825066	
303.20214781	
303.19604742	
303.18994947	
303.18385398	
303.17776093	
303.17167034	
303.16558219	
303.15949649	
303.15341324	
303.14733243	
303.14125406	
303.13517814	
303.12910466	
303.12303362	
303.11696502	
303.11089886	
303.10483514	
303.09877385	
303.09271500	
303.08665859	
303.08060461	
303.07455306	
303.06850395	
303.06245726	
303.05641301	
303.05037119	
303.04433179	
303.03829482	
303.03226028	
303.02622816	
303.02019847	
303.01417120	
303.00814636	
303.00212393	
302.99610393	
302.99008634	
302.98407118	
302.97805843	
302.97204810	
302.96604018	
302.96003468	
302.95403159	
302.94803092	
302.94203265	
302.93603680	
302.93004336	
302.92405232	
302.91806370	
302.91207748	
302.90609367	
302.90011226	
302.89413325	
302.88815665	
302.88218245	
302.87621065	
302.87024126	
302.86427426	
302.85830966	
302.85234746	
302.84638765	
302.84043024	
302.83447522	
302.82852260	
302.82257237	
302.81662453	
302.81067908	
302.80473602	
302.79879535	
302.79285706	
302.78692117	
302.78098765	
302.77505653	
302.76912779	
302.76320143	
302.75727745	
302.75135585	
302.74543664	
302.73951980	
302.73360534	
302.72769326	
302.72178355	
302.71587622	
302.70997126	
302.70406868	
302.69816847	
302.69227063	
302.68637516	
302.68048206	
302.67459133	
302.66870296	
302.66281696	
302.65693333	
302.65105207	
302.64517316	
302.63929662	
302.63342244	
302.62755063	
302.62168117	
302.61581407	
302.60994933	
302.60408695	
302.59822692	
302.59236925	
302.58651393	
302.58066097	
302.57481035	
302.56896209	
302.56311618	
302.55727262	
302.55143141	
302.54559255	
302.53975603	
302.53392186	
302.52809003	
302.52226055	
302.51643341	
302.51060861	
302.50478616	
302.49896604	
302.49314826	
302.48733282	
302.48151972	
302.47570895	
302.46990052	
302.46409443	
302.45829067	
302.45248924	
302.44669014	
302.44089337	
302.43509894	
302.42930683	
302.42351705	
302.41772959	
302.41194447	
302.40616166	
302.40038119	
302.39460303	
302.38882720	
302.38305369	
302.37728250	
302.37151363	
302.36574707	
302.35998284	
302.35422092	
302.34846132	
302.34270403	
302.33694906	
302.33119640	
302.32544605	
302.31969801	
302.31395229	
302.30820887	
302.30246776	
302.29672896	
302.29099246	
302.28525827	
302.27952639	
302.27379681	
302.26806953	
302.26234455	
302.25662187	
302.25090150	
302.24518342	
302.23946764	
302.23375416	
302.22804298	
302.22233409	
302.21662749	
302.21092319	
302.20522118	
302.19952147	
302.19382404	
302.18812890	
302.18243606	
302.17674550	
302.17105723	
302.16537124	
302.15968754	
302.15400612	
302.14832699	
302.14265014	
302.13697557	
302.13130328	
302.12563327	
302.11996555	
302.11430009	
302.10863692	
302.10297602	
302.09731740	
302.09166105	
302.08600697	
302.08035517	
302.07470564	
302.06905838	
302.06341339	
302.05777067	
302.05213021	
302.04649202	
302.04085610	
302.03522245	
302.02959105	
302.02396193	
302.01833506	
302.01271045	
302.00708811	
302.00146803	
301.99585020	
301.99023463	
301.98462132	
301.97901027	
301.97340147	
301.96779492	
301.96219063	
301.95658859	
301.95098880	
301.94539127	
301.93979598	
301.93420294	
301.92861215	
301.92302361	
301.91743731	
301.91185326	
301.90627145	
301.90069189	
301.89511456	
301.88953948	
301.88396664	
301.87839604	
301.87282768	
301.86726156	
301.86169767	
301.85613602	
301.85057661	
301.84501943	
301.83946448	
301.83391177	
301.82836129	
301.82281304	
301.81726701	
301.81172322	
301.80618166	
301.80064232	
301.79510521	
301.78957032	
301.78403766	
301.77850723	
301.77297901	
301.76745302	
301.76192925	
301.75640770	
301.75088837	
301.74537125	
301.73985636	
301.73434368	
301.72883321	
301.72332496	
301.71781893	
301.71231510	
301.70681349	
301.70131409	
301.69581690	
301.69032193	
301.68482915	
301.67933859	
301.67385023	
301.66836408	
301.66288014	
301.65739839	
301.65191886	
301.64644152	
301.64096638	
301.63549345	
301.63002272	
301.62455418	
301.61908784	
301.61362370	
301.60816175	
301.60270201	
301.59724445	
301.59178909	
301.58633592	
301.58088494	
301.57543615	
301.56998956	
301.56454515	
301.55910293	
301.55366290	
301.54822505	
301.54278939	
301.53735592	
301.53192462	
301.52649551	
301.52106859	
301.51564384	
301.51022128	
301.50480089	
301.49938268	
301.49396665	
301.48855280	
301.48314112	
301.47773162	
301.47232429	
301.46691914	
301.46151616	
301.45611535	
301.45071671	
301.44532023	
301.43992593	
301.43453380	
301.42914383	
301.42375603	
301.41837040	
301.41298693	
301.40760562	
301.40222648	
301.39684950	
301.39147468	
301.38610202	
301.38073152	
301.37536318	
301.36999699	
301.36463296	
301.35927109	
301.35391138	
301.34855381	
301.34319840	
301.33784515	
301.33249404	
301.32714509	
301.32179828	
301.31645363	
301.31111112	
301.30577076	
301.30043254	
301.29509647	
301.28976255	
301.28443077	
301.27910113	
301.27377364	
301.26844828	
301.26312507	
301.25780399	
301.25248506	
301.24716826	
301.24185360	
301.23654107	
301.23123068	
301.22592243	
301.22061631	
301.21531232	
301.21001046	
301.20471073	
301.19941314	
301.19411767	
301.18882433	
301.18353312	
301.17824403	
301.17295707	
301.16767224	
301.16238953	
301.15710894	
301.15183048	
301.14655413	
301.14127991	
301.13600781	
301.13073782	
301.12546996	
301.12020421	
301.11494058	
301.10967906	
301.10441966	
301.09916237	
301.09390719	
301.08865413	
301.08340318	
301.07815434	
301.07290761	
301.06766298	
301.06242047	
301.05718006	
301.05194176	
301.04670556	
301.04147147	
301.03623948	
301.03100959	
301.02578181	
301.02055613	
301.01533255	
301.01011106	
301.00489168	
300.99967439	
300.99445920	
300.98924611	
300.98403511	
300.97882621	
300.97361940	
300.96841468	
300.96321205	
300.95801152	
300.95281307	
300.94761672	
300.94242245	
300.93723027	
300.93204018	
300.92685217	
300.92166625	
300.91648242	
300.91130066	
300.90612099	
300.90094340	
300.89576789	
300.89059447	
300.88542312	
300.88025385	
300.87508665	
300.86992154	
300.86475850	
300.85959753	
300.85443864	
300.84928183	
300.84412708	
300.83897441	
300.83382381	
300.82867528	
300.82352881	
300.81838442	
300.81324209	
300.80810183	
300.80296364	
300.79782751	
300.79269345	
300.78756145	
300.78243151	
300.77730363	
300.77217782	
300.76705406	
300.76193236	
300.75681273	
300.75169515	
300.74657962	
300.74146616	
300.73635475	
300.73124539	
300.72613808	
300.72103283	
300.71592963	
300.71082849	
300.70572939	
300.70063234	
300.69553734	
300.69044439	
300.68535348	
300.68026462	
300.67517781	
300.67009304	
300.66501031	
300.65992963	
300.65485099	
300.64977439	
300.64469983	
300.63962731	
300.63455683	
300.62948838	
300.62442198	
300.61935761	
300.61429527	
300.60923497	
300.60417671	
300.59912048	
300.59406627	
300.58901410	
300.58396397	
300.57891586	
300.57386978	
300.56882572	
300.56378370	
300.55874370	
300.55370573	
300.54866978	
300.54363586	
300.53860395	
300.53357408	
300.52854622	
300.52352038	
300.51849657	
300.51347477	
300.50845499	
300.50343723	
300.49842149	
300.49340776	
300.48839604	
300.48338635	
300.47837866	
300.47337299	
300.46836933	
300.46336768	
300.45836804	
300.45337041	
300.44837478	
300.44338117	
300.43838956	
300.43339996	
300.42841237	
300.42342678	
300.41844319	
300.41346160	
300.40848202	
300.40350444	
300.39852886	
300.39355528	
300.38858370	
300.38361412	
300.37864653	
300.37368094	
300.36871735	
300.36375575	
300.35879615	
300.35383854	
300.34888292	
300.34392929	
300.33897766	
300.33402801	
300.32908035	
300.32413469	
300.31919101	
300.31424931	
300.30930961	
300.30437188	
300.29943615	
300.29450239	
300.28957062	
300.28464084	
300.27971303	
300.27478720	
300.26986336	
300.26494149	
300.26002160	
300.25510369	
300.25018775	
300.24527379	
300.24036181	
300.23545180	
300.23054376	
300.22563770	
300.22073360	
300.21583148	
300.21093133	
300.20603315	
300.20113694	
300.19624269	
300.19135041	
300.18646010	
300.18157175	
300.17668537	
300.17180095	
300.16691850	
300.16203801	
300.15715948	
300.15228291	
300.14740830	
300.14253564	
300.13766495	
300.13279622	
300.12792944	
300.12306462	
300.11820175	
300.11334084	
300.10848188	
300.10362487	
300.09876982	
300.09391672	
300.08906556	
300.08421636	
300.07936911	
300.07452380	
300.06968045	
300.06483904	
300.05999957	
300.05516205	
300.05032647	
300.04549284	
300.04066115	
300.03583141	
300.03100360	
300.02617773	
300.02135381	
300.01653182	
300.01171177	
300.00689366	
300.00207748	
299.99726324	
299.99245093	
299.98764056	
299.98283212	
299.97802562	
299.97322105	
299.96841840	
299.96361769	
299.95881891	
299.95402205	
299.94922713	
299.94443413	
299.93964306	
299.93485391	
299.93006669	
299.92528139	
299.92049801	
299.91571656	
299.91093703	
299.90615942	
299.90138373	
299.89660996	
299.89183811	
299.88706818	
299.88230016	
299.87753406	
299.87276988	
299.86800761	
299.86324725	
299.85848881	
299.85373228	
299.84897766	
299.84422495	
299.83947416	
299.83472527	
299.82997829	
299.82523322	
299.82049005	
299.81574880	
299.81100945	
299.80627200	
299.80153645	
299.79680282	
299.79207108	
299.78734124	
299.78261331	
299.77788727	
299.77316314	
299.76844090	
299.76372056	
299.75900212	
299.75428558	
299.74957093	
299.74485817	
299.74014731	
299.73543835	
299.73073127	
299.72602609	
299.72132280	
299.71662140	
299.71192189	
299.70722427	
299.70252853	
299.69783468	
299.69314272	
299.68845265	
299.68376446	
299.67907815	
299.67439373	
299.66971119	
299.66503054	
299.66035176	
299.65567486	
299.65099985	
299.64632671	
299.64165545	
299.63698607	
299.63231857	
299.62765294	
299.62298918	
299.61832730	
299.61366730	
299.60900917	
299.60435291	
299.59969852	
299.59504600	
299.59039535	
299.58574657	
299.58109966	
299.57645462	
299.57181144	
299.56717013	
299.56253069	
299.55789311	
299.55325739	
299.54862354	
299.54399155	
299.53936142	
299.53473315	
299.53010674	
299.52548220	
299.52085951	
299.51623868	
299.51161970	
299.50700258	
299.50238732	
299.49777391	
299.49316236	
299.48855266	
299.48394481	
299.47933882	
299.47473467	
299.47013238	
299.46553194	
299.46093334	
299.45633660	
299.45174170	
299.44714865	
299.44255744	
299.43796808	
299.43338056	
299.42879489	
299.42421106	
299.41962907	
299.41504893	
299.41047062	
299.40589416	
299.40131953	
299.39674675	
299.39217580	
299.38760669	
299.38303941	
299.37847397	
299.37391037	
299.36934860	
299.36478866	
299.36023055	
299.35567428	
299.35111984	
299.34656723	
299.34201645	
299.33746750	
299.33292037	
299.32837508	
299.32383161	
299.31928997	
299.31475015	
299.31021215	
299.30567599	
299.30114164	
299.29660912	
299.29207841	
299.28754953	
299.28302247	
299.27849723	
299.27397381	
299.26945220	
299.26493242	
299.26041445	
299.25589829	
299.25138395	
299.24687143	
299.24236071	
299.23785182	
299.23334473	
299.22883945	
299.22433599	
299.21983434	
299.21533449	
299.21083645	
299.20634023	
299.20184580	
299.19735319	
299.19286238	
299.18837337	
299.18388617	
299.17940078	
299.17491718	
299.17043539	
299.16595540	
299.16147721	
299.15700082	
299.15252623	
299.14805343	
299.14358244	
299.13911324	
299.13464584	
299.13018023	
299.12571642	
299.12125440	
299.11679418	
299.11233575	
299.10787911	
299.10342426	
299.09897120	
299.09451993	
299.09007045	
299.08562276	
299.08117686	
299.07673274	
299.07229041	
299.06784987	
299.06341111	
299.05897413	
299.05453894	
299.05010553	
299.04567390	
299.04124405	
299.03681598	
299.03238970	
299.02796519	
299.02354246	
299.01912151	
299.01470233	
299.01028493	
299.00586931	
299.00145546	
298.99704338	
298.99263308	
298.98822455	
298.98381779	
298.97941281	
298.97500959	
298.97060815	
298.96620847	
298.96181056	
298.95741442	
298.95302004	
298.94862743	
298.94423659	
298.93984751	
298.93546020	
298.93107465	
298.92669086	
298.92230883	
298.91792857	
298.91355006	
298.90917332	
298.90479833	
298.90042511	
298.89605364	
298.89168392	
298.88731597	
298.88294977	
298.87858532	
298.87422263	
298.86986169	
298.86550251	
298.86114507	
298.85678939	
298.85243546	
298.84808328	
298.84373284	
298.83938416	
298.83503722	
298.83069203	
298.82634859	
298.82200689	
298.81766694	
298.81332873	
298.80899227	
298.80465755	
298.80032457	
298.79599333	
298.79166383	
298.78733608	
298.78301006	
298.77868578	
298.77436324	
298.77004244	
298.76572337	
298.76140604	
298.75709044	
298.75277658	
298.74846445	
298.74415406	
298.73984540	
298.73553847	
298.73123327	
298.72692980	
298.72262806	
298.71832805	
298.71402977	
298.70973321	
298.70543838	
298.70114528	
298.69685391	
298.69256425	
298.68827633	
298.68399012	
298.67970564	
298.67542288	
298.67114185	
298.66686253	
298.66258493	
298.65830905	
298.65403489	
298.64976245	
298.64549173	
298.64122272	
298.63695543	
298.63268985	
298.62842599	
298.62416384	
298.61990340	
298.61564468	
298.61138766	
298.60713236	
298.60287877	
298.59862689	
298.59437672	
298.59012825	
298.58588150	
298.58163645	
298.57739310	
298.57315147	
298.56891153	
298.56467330	
298.56043678	
298.55620195	
298.55196883	
298.54773741	
298.54350769	
298.53927967	
298.53505336	
298.53082873	
298.52660581	
298.52238458	
298.51816505	
298.51394722	
298.50973108	
298.50551664	
298.50130389	
298.49709283	
298.49288347	
298.48867580	
298.48446981	
298.48026552	
298.47606292	
298.47186201	
298.46766279	
298.46346525	
298.45926940	
298.45507524	
298.45088276	
298.44669197	
298.44250286	
298.43831544	
298.43412970	
298.42994564	
298.42576326	
298.42158257	
298.41740355	
298.41322621	
298.40905056	
298.40487658	
298.40070428	
298.39653365	
298.39236470	
298.38819743	
298.38403183	
298.37986791	
298.37570566	
298.37154508	
298.36738618	
298.36322895	
298.35907338	
298.35491949	
298.35076727	
298.34661671	
298.34246783	
298.33832061	
298.33417506	
298.33003117	
298.32588895	
298.32174840	
298.31760951	
298.31347228	
298.30933672	
298.30520281	
298.30107057	
298.29693999	
298.29281107	
298.28868381	
298.28455821	
298.28043427	
298.27631198	
298.27219135	
298.26807238	
298.26395506	
298.25983940	
298.25572539	
298.25161304	
298.24750233	
298.24339328	
298.23928588	
298.23518014	
298.23107604	
298.22697359	
298.22287279	
298.21877364	
298.21467614	
298.21058028	
298.20648607	
298.20239350	
298.19830258	
298.19421331	
298.19012568	
298.18603969	
298.18195534	
298.17787263	
298.17379157	
298.16971214	
298.16563436	
298.16155821	
298.15748370	
298.15341083	
298.14933960	
298.14527000	
298.14120204	
298.13713571	
298.13307102	
298.12900796	
298.12494654	
298.12088675	
298.11682858	
298.11277205	
298.10871715	
298.10466388	
298.10061224	
298.09656223	
298.09251384	
298.08846709	
298.08442195	
298.08037845	
298.07633657	
298.07229631	
298.06825768	
298.06422067	
298.06018528	
298.05615152	
298.05211938	
298.04808885	
298.04405995	
298.04003267	
298.03600700	
298.03198295	
298.02796052	
298.02393971	
298.01992051	
298.01590293	
298.01188697	
298.00787261	
298.00385987	
297.99984875	
297.99583923	
297.99183133	
297.98782504	
297.98382036	
297.97981728	
297.97581582	
297.97181596	
297.96781772	
297.96382108	
297.95982604	
297.95583261	
297.95184079	
297.94785057	
297.94386195	
297.93987494	
297.93588953	
297.93190572	
297.92792352	
297.92394291	
297.91996390	
297.91598650	
297.91201069	
297.90803648	
297.90406386	
297.90009284	
297.89612342	
297.89215560	
297.88818937	
297.88422473	
297.88026169	
297.87630024	
297.87234038	
297.86838211	
297.86442543	
297.86047035	
297.85651685	
297.85256495	
297.84861463	
297.84466589	
297.84071875	
297.83677319	
297.83282922	
297.82888683	
297.82494603	
297.82100681	
297.81706918	
297.81313313	
297.80919866	
297.80526577	
297.80133446	
297.79740473	
297.79347658	
297.78955001	
297.78562502	
297.78170160	
297.77777976	
297.77385950	
297.76994082	
297.76602371	
297.76210817	
297.75819421	
297.75428182	
297.75037100	
297.74646175	
297.74255408	
297.73864797	
297.73474344	
297.73084048	
297.72693908	
297.72303925	
297.71914099	
297.71524430	
297.71134917	
297.70745561	
297.70356361	
297.69967318	
297.69578431	
297.69189700	
297.68801126	
297.68412708	
297.68024445	
297.67636339	
297.67248389	
297.66860595	
297.66472957	
297.66085474	
297.65698148	
297.65310976	
297.64923961	
297.64537101	
297.64150397	
297.63763848	
297.63377454	
297.62991215	
297.62605132	
297.62219204	
297.61833432	
297.61447814	
297.61062351	
297.60677043	
297.60291890	
297.59906892	
297.59522048	
297.59137359	
297.58752825	
297.58368446	
297.57984220	
297.57600150	
297.57216233	
297.56832471	
297.56448863	
297.56065410	
297.55682110	
297.55298965	
297.54915973	
297.54533135	
297.54150452	
297.53767922	
297.53385546	
297.53003323	
297.52621254	
297.52239339	
297.51857577	
297.51475969	
297.51094514	
297.50713212	
297.50332064	
297.49951069	
297.49570226	
297.49189537	
297.48809001	
297.48428618	
297.48048388	
297.47668311	
297.47288386	
297.46908614	
297.46528995	
297.46149528	
297.45770214	
297.45391052	
297.45012043	
297.44633186	
297.44254481	
297.43875928	
297.43497528	
297.43119280	
297.42741183	
297.42363239	
297.41985447	
297.41607806	
297.41230317	
297.40852980	
297.40475795	
297.40098761	
297.39721878	
297.39345148	
297.38968568	
297.38592140	
297.38215863	
297.37839738	
297.37463763	
297.37087940	
297.36712268	
297.36336747	
297.35961376	
297.35586157	
297.35211088	
297.34836170	
297.34461403	
297.34086787	
297.33712321	
297.33338005	
297.32963840	
297.32589825	
297.32215961	
297.31842247	
297.31468683	
297.31095269	
297.30722005	
297.30348892	
297.29975928	
297.29603114	
297.29230450	
297.28857936	
297.28485572	
297.28113357	
297.27741292	
297.27369376	
297.26997610	
297.26625993	
297.26254526	
297.25883208	
297.25512039	
297.25141019	
297.24770148	
297.24399427	
297.24028854	
297.23658431	
297.23288156	
297.22918030	
297.22548053	
297.22178225	
297.21808545	
297.21439014	
297.21069631	
297.20700397	
297.20331311	
297.19962373	
297.19593584	
