327.00000000	
326.98440000	
326.96880624	
326.95321872	
326.93763743	
326.92206238	
326.90649355	
326.89093095	
326.87537458	
326.85982443	
326.84428050	
326.82874279	
326.81321129	
326.79768601	
326.78216693	
326.76665407	
326.75114740	
326.73564695	
326.72015269	
326.70466463	
326.68918276	
326.67370709	
326.65823760	
326.64277431	
326.62731720	
326.61186627	
326.59642153	
326.58098296	
326.56555056	
326.55012434	
326.53470429	
326.51929041	
326.50388270	
326.48848114	
326.47308575	
326.45769652	
326.44231344	
326.42693651	
326.41156574	
326.39620111	
326.38084263	
326.36549029	
326.35014410	
326.33480404	
326.31947012	
326.30414233	
326.28882067	
326.27350514	
326.25819574	
326.24289246	
326.22759531	
326.21230427	
326.19701935	
326.18174054	
326.16646784	
326.15120126	
326.13594078	
326.12068640	
326.10543813	
326.09019595	
326.07495987	
326.05972989	
326.04450600	
326.02928819	
326.01407648	
325.99887085	
325.98367130	
325.96847783	
325.95329044	
325.93810912	
325.92293388	
325.90776471	
325.89260160	
325.87744456	
325.86229358	
325.84714866	
325.83200980	
325.81687700	
325.80175025	
325.78662955	
325.77151490	
325.75640629	
325.74130373	
325.72620721	
325.71111673	
325.69603228	
325.68095387	
325.66588148	
325.65081513	
325.63575481	
325.62070050	
325.60565222	
325.59060996	
325.57557372	
325.56054349	
325.54551927	
325.53050106	
325.51548886	
325.50048267	
325.48548247	
325.47048828	
325.45550009	
325.44051789	
325.42554168	
325.41057146	
325.39560723	
325.38064899	
325.36569673	
325.35075045	
325.33581015	
325.32087583	
325.30594748	
325.29102510	
325.27610869	
325.26119825	
325.24629377	
325.23139525	
325.21650269	
325.20161609	
325.18673544	
325.17186075	
325.15699200	
325.14212921	
325.12727236	
325.11242145	
325.09757648	
325.08273745	
325.06790435	
325.05307719	
325.03825596	
325.02344066	
325.00863128	
324.99382783	
324.97903030	
324.96423869	
324.94945299	
324.93467321	
324.91989934	
324.90513138	
324.89036933	
324.87561318	
324.86086294	
324.84611859	
324.83138014	
324.81664759	
324.80192093	
324.78720016	
324.77248528	
324.75777629	
324.74307318	
324.72837595	
324.71368460	
324.69899912	
324.68431953	
324.66964580	
324.65497794	
324.64031595	
324.62565982	
324.61100956	
324.59636515	
324.58172661	
324.56709392	
324.55246708	
324.53784609	
324.52323095	
324.50862166	
324.49401821	
324.47942061	
324.46482884	
324.45024291	
324.43566281	
324.42108854	
324.40652011	
324.39195750	
324.37740072	
324.36284976	
324.34830462	
324.33376530	
324.31923179	
324.30470410	
324.29018221	
324.27566614	
324.26115588	
324.24665141	
324.23215275	
324.21765989	
324.20317283	
324.18869156	
324.17421608	
324.15974640	
324.14528250	
324.13082438	
324.11637205	
324.10192551	
324.08748474	
324.07304974	
324.05862052	
324.04419707	
324.02977939	
324.01536748	
324.00096134	
323.98656095	
323.97216633	
323.95777746	
323.94339435	
323.92901699	
323.91464538	
323.90027953	
323.88591941	
323.87156505	
323.85721642	
323.84287353	
323.82853638	
323.81420497	
323.79987929	
323.78555934	
323.77124511	
323.75693661	
323.74263384	
323.72833679	
323.71404545	
323.69975983	
323.68547993	
323.67120574	
323.65693726	
323.64267448	
323.62841741	
323.61416604	
323.59992038	
323.58568041	
323.57144614	
323.55721756	
323.54299467	
323.52877747	
323.51456596	
323.50036014	
323.48615999	
323.47196553	
323.45777674	
323.44359363	
323.42941619	
323.41524443	
323.40107833	
323.38691790	
323.37276313	
323.35861403	
323.34447058	
323.33033279	
323.31620066	
323.30207418	
323.28795335	
323.27383817	
323.25972863	
323.24562474	
323.23152649	
323.21743388	
323.20334691	
323.18926557	
323.17518986	
323.16111979	
323.14705534	
323.13299652	
323.11894332	
323.10489574	
323.09085378	
323.07681744	
323.06278671	
323.04876160	
323.03474209	
323.02072820	
323.00671991	
322.99271722	
322.97872013	
322.96472864	
322.95074275	
322.93676245	
322.92278775	
322.90881863	
322.89485511	
322.88089716	
322.86694481	
322.85299803	
322.83905683	
322.82512121	
322.81119116	
322.79726668	
322.78334777	
322.76943444	
322.75552666	
322.74162445	
322.72772780	
322.71383671	
322.69995118	
322.68607119	
322.67219677	
322.65832789	
322.64446456	
322.63060677	
322.61675453	
322.60290783	
322.58906666	
322.57523104	
322.56140094	
322.54757638	
322.53375735	
322.51994385	
322.50613587	
322.49233342	
322.47853648	
322.46474507	
322.45095917	
322.43717879	
322.42340392	
322.40963456	
322.39587070	
322.38211235	
322.36835951	
322.35461216	
322.34087032	
322.32713397	
322.31340312	
322.29967776	
322.28595789	
322.27224350	
322.25853461	
322.24483119	
322.23113326	
322.21744081	
322.20375383	
322.19007233	
322.17639630	
322.16272574	
322.14906065	
322.13540103	
322.12174687	
322.10809817	
322.09445493	
322.08081715	
322.06718482	
322.05355794	
322.03993652	
322.02632055	
322.01271002	
321.99910493	
321.98550529	
321.97191109	
321.95832233	
321.94473900	
321.93116110	
321.91758864	
321.90402160	
321.89045999	
321.87690381	
321.86335305	
321.84980771	
321.83626778	
321.82273328	
321.80920418	
321.79568050	
321.78216223	
321.76864936	
321.75514190	
321.74163985	
321.72814319	
321.71465193	
321.70116607	
321.68768561	
321.67421053	
321.66074085	
321.64727655	
321.63381764	
321.62036411	
321.60691597	
321.59347320	
321.58003581	
321.56660380	
321.55317716	
321.53975589	
321.52633998	
321.51292945	
321.49952428	
321.48612447	
321.47273002	
321.45934092	
321.44595719	
321.43257881	
321.41920577	
321.40583809	
321.39247576	
321.37911877	
321.36576712	
321.35242081	
321.33907984	
321.32574421	
321.31241391	
321.29908895	
321.28576931	
321.27245500	
321.25914602	
321.24584236	
321.23254403	
321.21925101	
321.20596331	
321.19268092	
321.17940385	
321.16613209	
321.15286564	
321.13960449	
321.12634865	
321.11309811	
321.09985287	
321.08661293	
321.07337828	
321.06014893	
321.04692487	
321.03370610	
321.02049262	
321.00728442	
320.99408151	
320.98088388	
320.96769152	
320.95450445	
320.94132265	
320.92814612	
320.91497486	
320.90180887	
320.88864814	
320.87549269	
320.86234249	
320.84919755	
320.83605787	
320.82292345	
320.80979428	
320.79667036	
320.78355169	
320.77043827	
320.75733010	
320.74422717	
320.73112948	
320.71803702	
320.70494981	
320.69186783	
320.67879108	
320.66571957	
320.65265328	
320.63959222	
320.62653638	
320.61348576	
320.60044037	
320.58740019	
320.57436523	
320.56133549	
320.54831095	
320.53529163	
320.52227751	
320.50926860	
320.49626489	
320.48326639	
320.47027308	
320.45728497	
320.44430206	
320.43132434	
320.41835181	
320.40538447	
320.39242231	
320.37946534	
320.36651356	
320.35356695	
320.34062553	
320.32768928	
320.31475820	
320.30183230	
320.28891156	
320.27599600	
320.26308560	
320.25018037	
320.23728029	
320.22438538	
320.21149563	
320.19861103	
320.18573159	
320.17285729	
320.15998815	
320.14712415	
320.13426531	
320.12141160	
320.10856303	
320.09571961	
320.08288132	
320.07004817	
320.05722015	
320.04439726	
320.03157950	
320.01876687	
320.00595936	
319.99315698	
319.98035972	
319.96756757	
319.95478055	
319.94199863	
319.92922183	
319.91645015	
319.90368357	
319.89092209	
319.87816572	
319.86541446	
319.85266829	
319.83992722	
319.82719125	
319.81446038	
319.80173459	
319.78901390	
319.77629829	
319.76358777	
319.75088234	
319.73818199	
319.72548671	
319.71279652	
319.70011140	
319.68743136	
319.67475638	
319.66208648	
319.64942165	
319.63676188	
319.62410717	
319.61145753	
319.59881295	
319.58617342	
319.57353895	
319.56090954	
319.54828517	
319.53566586	
319.52305159	
319.51044237	
319.49783819	
319.48523906	
319.47264496	
319.46005591	
319.44747188	
319.43489289	
319.42231894	
319.40975001	
319.39718611	
319.38462724	
319.37207338	
319.35952456	
319.34698075	
319.33444195	
319.32190818	
319.30937941	
319.29685566	
319.28433692	
319.27182318	
319.25931445	
319.24681073	
319.23431200	
319.22181828	
319.20932955	
319.19684582	
319.18436708	
319.17189334	
319.15942458	
319.14696081	
319.13450202	
319.12204822	
319.10959940	
319.09715556	
319.08471670	
319.07228282	
319.05985390	
319.04742996	
319.03501099	
319.02259698	
319.01018795	
318.99778387	
318.98538476	
318.97299060	
318.96060141	
318.94821717	
318.93583788	
318.92346354	
318.91109416	
318.89872972	
318.88637023	
318.87401568	
318.86166607	
318.84932141	
318.83698168	
318.82464689	
318.81231703	
318.79999210	
318.78767210	
318.77535704	
318.76304689	
318.75074167	
318.73844138	
318.72614600	
318.71385554	
318.70157000	
318.68928937	
318.67701366	
318.66474285	
318.65247695	
318.64021596	
318.62795988	
318.61570869	
318.60346241	
318.59122102	
318.57898454	
318.56675294	
318.55452624	
318.54230443	
318.53008751	
318.51787547	
318.50566832	
318.49346606	
318.48126867	
318.46907616	
318.45688853	
318.44470578	
318.43252789	
318.42035488	
318.40818674	
318.39602347	
318.38386506	
318.37171151	
318.35956283	
318.34741900	
318.33528003	
318.32314592	
318.31101666	
318.29889226	
318.28677270	
318.27465799	
318.26254813	
318.25044311	
318.23834293	
318.22624759	
318.21415709	
318.20207143	
318.18999060	
318.17791461	
318.16584344	
318.15377710	
318.14171559	
318.12965891	
318.11760704	
318.10556000	
318.09351778	
318.08148037	
318.06944778	
318.05742000	
318.04539703	
318.03337887	
318.02136552	
318.00935697	
317.99735323	
317.98535429	
317.97336015	
317.96137080	
317.94938626	
317.93740650	
317.92543154	
317.91346137	
317.90149598	
317.88953538	
317.87757957	
317.86562854	
317.85368229	
317.84174081	
317.82980412	
317.81787219	
317.80594505	
317.79402267	
317.78210506	
317.77019222	
317.75828414	
317.74638083	
317.73448227	
317.72258848	
317.71069945	
317.69881517	
317.68693564	
317.67506087	
317.66319084	
317.65132556	
317.63946503	
317.62760925	
317.61575820	
317.60391190	
317.59207034	
317.58023351	
317.56840142	
317.55657405	
317.54475142	
317.53293352	
317.52112035	
317.50931190	
317.49750818	
317.48570917	
317.47391489	
317.46212533	
317.45034047	
317.43856034	
317.42678491	
317.41501420	
317.40324819	
317.39148690	
317.37973030	
317.36797841	
317.35623122	
317.34448872	
317.33275093	
317.32101783	
317.30928942	
317.29756571	
317.28584668	
317.27413234	
317.26242269	
317.25071772	
317.23901743	
317.22732183	
317.21563090	
317.20394464	
317.19226307	
317.18058616	
317.16891393	
317.15724636	
317.14558346	
317.13392523	
317.12227166	
317.11062275	
317.09897850	
317.08733891	
317.07570397	
317.06407369	
317.05244806	
317.04082708	
317.02921075	
317.01759907	
317.00599203	
316.99438963	
316.98279188	
316.97119876	
316.95961028	
316.94802644	
316.93644723	
316.92487265	
316.91330270	
316.90173738	
316.89017668	
316.87862061	
316.86706916	
316.85552233	
316.84398013	
316.83244253	
316.82090956	
316.80938119	
316.79785744	
316.78633830	
316.77482376	
316.76331383	
316.75180851	
316.74030778	
316.72881166	
316.71732014	
316.70583321	
316.69435087	
316.68287313	
316.67139999	
316.65993143	
316.64846745	
316.63700807	
316.62555326	
316.61410304	
316.60265740	
316.59121634	
316.57977985	
316.56834794	
316.55692060	
316.54549783	
316.53407963	
316.52266600	
316.51125693	
316.49985243	
316.48845249	
316.47705711	
316.46566629	
316.45428002	
316.44289831	
316.43152115	
316.42014854	
316.40878048	
316.39741697	
316.38605800	
316.37470358	
316.36335370	
316.35200836	
316.34066755	
316.32933128	
316.31799955	
316.30667235	
316.29534968	
316.28403154	
316.27271793	
316.26140884	
316.25010428	
316.23880424	
316.22750872	
316.21621771	
316.20493123	
316.19364925	
316.18237179	
316.17109885	
316.15983041	
316.14856647	
316.13730705	
316.12605212	
316.11480170	
316.10355578	
316.09231436	
316.08107743	
316.06984500	
316.05861707	
316.04739362	
316.03617466	
316.02496019	
316.01375021	
316.00254471	
315.99134369	
315.98014715	
315.96895509	
315.95776751	
315.94658440	
315.93540577	
315.92423161	
315.91306192	
315.90189669	
315.89073593	
315.87957964	
315.86842781	
315.85728043	
315.84613752	
315.83499907	
315.82386507	
315.81273552	
315.80161043	
315.79048978	
315.77937359	
315.76826184	
315.75715453	
315.74605167	
315.73495325	
315.72385927	
315.71276973	
315.70168462	
315.69060394	
315.67952770	
315.66845589	
315.65738851	
315.64632555	
315.63526702	
315.62421292	
315.61316323	
315.60211797	
315.59107712	
315.58004069	
315.56900867	
315.55798107	
315.54695788	
315.53593909	
315.52492472	
315.51391475	
315.50290918	
315.49190802	
315.48091125	
315.46991889	
315.45893092	
315.44794735	
315.43696817	
315.42599338	
315.41502299	
315.40405698	
315.39309535	
315.38213812	
315.37118526	
315.36023679	
315.34929269	
315.33835298	
315.32741763	
315.31648667	
315.30556007	
315.29463785	
315.28371999	
315.27280651	
315.26189738	
315.25099262	
315.24009223	
315.22919619	
315.21830451	
315.20741719	
315.19653422	
315.18565561	
315.17478135	
315.16391143	
315.15304587	
315.14218465	
315.13132778	
315.12047525	
315.10962706	
315.09878321	
315.08794369	
315.07710851	
315.06627767	
315.05545116	
315.04462898	
315.03381113	
315.02299760	
315.01218840	
315.00138353	
314.99058298	
314.97978674	
314.96899483	
314.95820723	
314.94742395	
314.93664498	
314.92587032	
314.91509997	
314.90433393	
314.89357220	
314.88281477	
314.87206164	
314.86131282	
314.85056829	
314.83982807	
314.82909213	
314.81836050	
314.80763315	
314.79691010	
314.78619134	
314.77547686	
314.76476667	
314.75406076	
314.74335914	
314.73266179	
314.72196873	
314.71127994	
314.70059543	
314.68991519	
314.67923923	
314.66856753	
314.65790010	
314.64723694	
314.63657805	
314.62592342	
314.61527305	
314.60462694	
314.59398509	
314.58334749	
314.57271415	
314.56208507	
314.55146024	
314.54083965	
314.53022332	
314.51961123	
314.50900338	
314.49839978	
314.48780042	
314.47720530	
314.46661442	
314.45602777	
314.44544536	
314.43486718	
314.42429324	
314.41372352	
314.40315803	
314.39259677	
314.38203973	
314.37148691	
314.36093832	
314.35039394	
314.33985378	
314.32931784	
314.31878612	
314.30825860	
314.29773530	
314.28721620	
314.27670132	
314.26619064	
314.25568416	
314.24518189	
314.23468381	
314.22418994	
314.21370026	
314.20321478	
314.19273350	
314.18225640	
314.17178350	
314.16131479	
314.15085026	
314.14038992	
314.12993377	
314.11948179	
314.10903400	
314.09859039	
314.08815095	
314.07771569	
314.06728460	
314.05685769	
314.04643495	
314.03601637	
314.02560197	
314.01519173	
314.00478565	
313.99438373	
313.98398598	
313.97359239	
313.96320295	
313.95281767	
313.94243654	
313.93205957	
313.92168674	
313.91131807	
313.90095354	
313.89059316	
313.88023692	
313.86988483	
313.85953687	
313.84919306	
313.83885338	
313.82851784	
313.81818643	
313.80785916	
313.79753602	
313.78721700	
313.77690211	
313.76659135	
313.75628472	
313.74598220	
313.73568381	
313.72538954	
313.71509938	
313.70481334	
313.69453142	
313.68425360	
313.67397990	
313.66371031	
313.65344483	
313.64318345	
313.63292617	
313.62267300	
313.61242393	
313.60217896	
313.59193809	
313.58170132	
313.57146864	
313.56124005	
313.55101555	
313.54079515	
313.53057883	
313.52036660	
313.51015845	
313.49995439	
313.48975441	
313.47955850	
313.46936668	
313.45917893	
313.44899526	
313.43881566	
313.42864014	
313.41846868	
313.40830130	
313.39813797	
313.38797872	
313.37782353	
313.36767240	
313.35752533	
313.34738232	
313.33724337	
313.32710847	
313.31697763	
313.30685083	
313.29672809	
313.28660940	
313.27649476	
313.26638416	
313.25627761	
313.24617510	
313.23607663	
313.22598220	
313.21589180	
313.20580545	
313.19572312	
313.18564484	
313.17557058	
313.16550035	
313.15543415	
313.14537198	
313.13531383	
313.12525970	
313.11520960	
313.10516351	
313.09512145	
313.08508340	
313.07504937	
313.06501935	
313.05499334	
313.04497134	
313.03495335	
313.02493937	
313.01492940	
313.00492342	
312.99492145	
312.98492349	
312.97492952	
312.96493954	
312.95495357	
312.94497159	
312.93499360	
312.92501960	
312.91504959	
312.90508357	
312.89512154	
312.88516349	
312.87520943	
312.86525934	
312.85531324	
312.84537111	
312.83543296	
312.82549879	
312.81556859	
312.80564236	
312.79572011	
312.78580182	
312.77588750	
312.76597714	
312.75607075	
312.74616832	
312.73626986	
312.72637535	
312.71648480	
312.70659821	
312.69671557	
312.68683688	
312.67696215	
312.66709136	
312.65722452	
312.64736163	
312.63750269	
312.62764769	
312.61779663	
312.60794951	
312.59810633	
312.58826709	
312.57843178	
312.56860041	
312.55877297	
312.54894946	
312.53912988	
312.52931423	
312.51950250	
312.50969470	
312.49989082	
312.49009087	
312.48029483	
312.47050271	
312.46071451	
312.45093023	
312.44114985	
312.43137339	
312.42160084	
312.41183220	
312.40206747	
312.39230664	
312.38254972	
312.37279670	
312.36304758	
312.35330236	
312.34356104	
312.33382362	
312.32409009	
312.31436045	
312.30463471	
312.29491285	
312.28519489	
312.27548081	
312.26577062	
312.25606431	
312.24636189	
312.23666334	
312.22696868	
312.21727789	
312.20759098	
312.19790794	
312.18822878	
312.17855349	
312.16888206	
312.15921451	
312.14955083	
312.13989101	
312.13023505	
312.12058295	
312.11093472	
312.10129035	
312.09164983	
312.08201317	
312.07238037	
312.06275141	
312.05312631	
312.04350506	
312.03388766	
312.02427411	
312.01466440	
312.00505853	
311.99545651	
311.98585832	
311.97626398	
311.96667348	
311.95708681	
311.94750397	
311.93792497	
311.92834980	
311.91877846	
311.90921095	
311.89964726	
311.89008741	
311.88053137	
311.87097916	
311.86143077	
311.85188619	
311.84234544	
311.83280850	
311.82327538	
311.81374607	
311.80422057	
311.79469888	
311.78518100	
311.77566693	
311.76615666	
311.75665020	
311.74714754	
311.73764868	
311.72815362	
311.71866236	
311.70917489	
311.69969122	
311.69021135	
311.68073526	
311.67126297	
311.66179446	
311.65232975	
311.64286881	
311.63341167	
311.62395830	
311.61450872	
311.60506292	
311.59562089	
311.58618264	
311.57674817	
311.56731747	
311.55789054	
311.54846739	
311.53904800	
311.52963238	
311.52022053	
311.51081244	
311.50140811	
311.49200755	
311.48261075	
311.47321770	
311.46382842	
311.45444289	
311.44506111	
311.43568308	
311.42630881	
311.41693829	
311.40757151	
311.39820848	
311.38884920	
311.37949366	
311.37014186	
311.36079381	
311.35144949	
311.34210891	
311.33277206	
311.32343896	
311.31410958	
311.30478394	
311.29546202	
311.28614384	
311.27682938	
311.26751865	
311.25821164	
311.24890836	
311.23960879	
311.23031295	
311.22102082	
311.21173242	
311.20244772	
311.19316674	
311.18388948	
311.17461592	
311.16534608	
311.15607994	
311.14681751	
311.13755878	
311.12830375	
311.11905243	
311.10980481	
311.10056089	
311.09132067	
311.08208414	
311.07285130	
311.06362216	
311.05439671	
311.04517496	
311.03595689	
311.02674250	
311.01753181	
311.00832479	
310.99912146	
310.98992181	
310.98072585	
310.97153356	
310.96234494	
310.95316000	
310.94397874	
310.93480115	
310.92562723	
310.91645698	
310.90729039	
310.89812748	
310.88896823	
310.87981264	
310.87066072	
310.86151245	
310.85236785	
310.84322690	
310.83408961	
310.82495597	
310.81582599	
310.80669966	
310.79757698	
310.78845795	
310.77934257	
310.77023083	
310.76112274	
310.75201829	
310.74291748	
310.73382031	
310.72472678	
310.71563689	
310.70655064	
310.69746802	
310.68838903	
310.67931368	
310.67024195	
310.66117385	
310.65210938	
310.64304854	
310.63399132	
310.62493772	
310.61588775	
310.60684139	
310.59779866	
310.58875954	
310.57972403	
310.57069215	
310.56166387	
310.55263920	
310.54361815	
310.53460070	
310.52558686	
310.51657662	
310.50756999	
310.49856697	
310.48956754	
310.48057171	
310.47157948	
310.46259085	
310.45360582	
310.44462437	
310.43564652	
310.42667226	
310.41770160	
310.40873452	
310.39977102	
310.39081111	
310.38185479	
310.37290205	
310.36395289	
310.35500730	
310.34606530	
310.33712688	
310.32819202	
310.31926075	
310.31033304	
310.30140891	
310.29248835	
310.28357135	
310.27465792	
310.26574806	
310.25684176	
310.24793902	
310.23903985	
310.23014423	
310.22125217	
310.21236367	
310.20347873	
310.19459734	
310.18571950	
310.17684521	
310.16797447	
310.15910728	
310.15024364	
310.14138354	
310.13252699	
310.12367398	
310.11482451	
310.10597858	
310.09713619	
310.08829733	
310.07946201	
310.07063023	
310.06180198	
310.05297726	
310.04415606	
310.03533840	
310.02652427	
310.01771366	
310.00890657	
310.00010301	
309.99130297	
309.98250645	
309.97371344	
309.96492396	
309.95613799	
309.94735553	
309.93857659	
309.92980116	
309.92102924	
309.91226083	
309.90349592	
309.89473453	
309.88597663	
309.87722224	
309.86847135	
309.85972396	
309.85098008	
309.84223968	
309.83350279	
309.82476939	
309.81603948	
309.80731306	
309.79859014	
309.78987070	
309.78115475	
309.77244229	
309.76373331	
309.75502782	
309.74632581	
309.73762728	
309.72893223	
309.72024066	
309.71155256	
309.70286794	
309.69418679	
309.68550912	
309.67683491	
309.66816418	
309.65949691	
309.65083311	
309.64217278	
309.63351591	
309.62486251	
309.61621256	
309.60756608	
309.59892305	
309.59028348	
309.58164737	
309.57301471	
309.56438550	
309.55575975	
309.54713744	
309.53851859	
309.52990318	
309.52129122	
309.51268270	
309.50407763	
309.49547600	
309.48687781	
309.47828306	
309.46969174	
309.46110387	
309.45251943	
309.44393842	
309.43536084	
309.42678670	
309.41821598	
309.40964870	
309.40108484	
309.39252440	
309.38396739	
309.37541381	
309.36686364	
309.35831690	
309.34977357	
309.34123366	
309.33269717	
309.32416409	
309.31563442	
309.30710817	
309.29858533	
309.29006589	
309.28154986	
309.27303725	
309.26452803	
309.25602222	
309.24751981	
309.23902080	
309.23052519	
309.22203298	
309.21354417	
309.20505875	
309.19657673	
309.18809810	
309.17962286	
309.17115101	
309.16268255	
309.15421748	
309.14575579	
309.13729749	
309.12884257	
309.12039103	
309.11194288	
309.10349810	
309.09505670	
309.08661868	
309.07818403	
309.06975275	
309.06132485	
309.05290032	
309.04447916	
309.03606137	
309.02764695	
309.01923589	
309.01082819	
309.00242386	
308.99402289	
308.98562528	
308.97723103	
308.96884014	
308.96045261	
308.95206842	
308.94368760	
308.93531012	
308.92693600	
308.91856522	
308.91019780	
308.90183372	
308.89347299	
308.88511560	
308.87676155	
308.86841085	
308.86006348	
308.85171946	
308.84337877	
308.83504142	
308.82670740	
308.81837672	
308.81004937	
308.80172535	
308.79340466	
308.78508729	
308.77677326	
308.76846255	
308.76015516	
308.75185110	
308.74355036	
308.73525294	
308.72695884	
308.71866806	
308.71038059	
308.70209644	
308.69381560	
308.68553807	
308.67726386	
308.66899295	
308.66072536	
308.65246107	
308.64420008	
308.63594240	
308.62768802	
308.61943695	
308.61118917	
308.60294470	
308.59470352	
308.58646564	
308.57823105	
308.56999976	
308.56177176	
308.55354705	
308.54532563	
308.53710750	
308.52889266	
308.52068110	
308.51247283	
308.50426784	
308.49606613	
308.48786771	
308.47967256	
308.47148069	
308.46329210	
308.45510678	
308.44692474	
308.43874597	
308.43057047	
308.42239824	
308.41422928	
308.40606359	
308.39790117	
308.38974201	
308.38158611	
308.37343347	
308.36528410	
308.35713799	
308.34899513	
308.34085553	
308.33271919	
308.32458610	
308.31645627	
308.30832969	
308.30020636	
308.29208627	
308.28396944	
308.27585585	
308.26774551	
308.25963841	
308.25153455	
308.24343394	
308.23533657	
308.22724243	
308.21915154	
308.21106388	
308.20297945	
308.19489826	
308.18682030	
308.17874557	
308.17067407	
308.16260580	
308.15454076	
308.14647894	
308.13842035	
308.13036498	
308.12231284	
308.11426391	
308.10621821	
308.09817572	
308.09013645	
308.08210040	
308.07406756	
308.06603793	
308.05801151	
308.04998831	
308.04196831	
308.03395153	
308.02593795	
308.01792757	
308.00992040	
308.00191643	
307.99391566	
307.98591810	
307.97792373	
307.96993256	
307.96194459	
307.95395981	
307.94597823	
307.93799984	
307.93002464	
307.92205263	
307.91408380	
307.90611817	
307.89815572	
307.89019646	
307.88224038	
307.87428749	
307.86633777	
307.85839124	
307.85044788	
307.84250770	
307.83457070	
307.82663687	
307.81870621	
307.81077873	
307.80285442	
307.79493328	
307.78701531	
307.77910050	
307.77118886	
307.76328038	
307.75537507	
307.74747292	
307.73957393	
307.73167810	
307.72378543	
307.71589592	
307.70800956	
307.70012636	
307.69224630	
307.68436941	
307.67649566	
307.66862506	
307.66075761	
307.65289331	
307.64503215	
307.63717414	
307.62931927	
307.62146754	
307.61361895	
307.60577351	
307.59793120	
307.59009202	
307.58225599	
307.57442308	
307.56659331	
307.55876668	
307.55094317	
307.54312279	
307.53530554	
307.52749142	
307.51968043	
307.51187255	
307.50406780	
307.49626618	
307.48846767	
307.48067228	
307.47288001	
307.46509086	
307.45730483	
307.44952190	
307.44174210	
307.43396540	
307.42619181	
307.41842134	
307.41065397	
307.40288971	
307.39512855	
307.38737050	
307.37961555	
307.37186370	
307.36411496	
307.35636931	
307.34862677	
307.34088731	
307.33315096	
307.32541770	
307.31768753	
307.30996046	
307.30223647	
307.29451558	
307.28679777	
307.27908305	
307.27137142	
307.26366287	
307.25595741	
307.24825502	
307.24055572	
307.23285950	
307.22516635	
307.21747629	
307.20978930	
307.20210538	
307.19442454	
307.18674677	
307.17907207	
307.17140044	
307.16373188	
307.15606639	
307.14840396	
307.14074460	
307.13308830	
307.12543507	
307.11778489	
307.11013778	
307.10249373	
307.09485273	
307.08721479	
307.07957990	
307.07194807	
307.06431929	
307.05669356	
307.04907088	
307.04145126	
307.03383468	
307.02622114	
307.01861065	
307.01100321	
307.00339881	
306.99579745	
306.98819913	
306.98060385	
306.97301161	
306.96542240	
306.95783623	
306.95025310	
306.94267300	
306.93509593	
306.92752189	
306.91995088	
306.91238290	
306.90481795	
306.89725602	
306.88969712	
306.88214124	
306.87458838	
306.86703855	
306.85949173	
306.85194794	
306.84440716	
306.83686939	
306.82933465	
306.82180291	
306.81427419	
306.80674848	
306.79922578	
306.79170609	
306.78418941	
306.77667573	
306.76916506	
306.76165740	
306.75415273	
306.74665107	
306.73915241	
306.73165675	
306.72416409	
306.71667442	
306.70918775	
306.70170408	
306.69422340	
306.68674571	
306.67927101	
306.67179930	
306.66433058	
306.65686485	
306.64940210	
306.64194234	
306.63448557	
306.62703177	
306.61958096	
306.61213313	
306.60468827	
306.59724640	
306.58980750	
306.58237158	
306.57493863	
306.56750865	
306.56008165	
306.55265762	
306.54523655	
306.53781846	
306.53040333	
306.52299117	
306.51558197	
306.50817574	
306.50077247	
306.49337216	
306.48597481	
306.47858042	
306.47118899	
306.46380051	
306.45641499	
306.44903243	
306.44165282	
306.43427615	
306.42690244	
306.41953168	
306.41216387	
306.40479900	
306.39743708	
306.39007811	
306.38272208	
306.37536899	
306.36801884	
306.36067163	
306.35332737	
306.34598604	
306.33864764	
306.33131218	
306.32397966	
306.31665007	
306.30932341	
306.30199968	
306.29467888	
306.28736100	
306.28004606	
306.27273404	
306.26542495	
306.25811878	
306.25081553	
306.24351520	
306.23621780	
306.22892331	
306.22163174	
306.21434309	
306.20705735	
306.19977453	
306.19249462	
306.18521762	
306.17794353	
306.17067236	
306.16340409	
306.15613873	
306.14887627	
306.14161672	
306.13436007	
306.12710633	
306.11985549	
306.11260754	
306.10536250	
306.09812036	
306.09088111	
306.08364476	
306.07641130	
306.06918073	
306.06195306	
306.05472828	
306.04750639	
306.04028739	
306.03307127	
306.02585804	
306.01864770	
306.01144024	
306.00423566	
305.99703397	
305.98983516	
305.98263922	
305.97544617	
305.96825599	
305.96106869	
305.95388426	
305.94670270	
305.93952402	
305.93234821	
305.92517527	
305.91800520	
305.91083800	
305.90367367	
305.89651220	
305.88935359	
305.88219785	
305.87504497	
305.86789495	
305.86074780	
305.85360350	
305.84646206	
305.83932347	
305.83218774	
305.82505487	
305.81792484	
305.81079767	
305.80367336	
305.79655189	
305.78943327	
305.78231749	
305.77520457	
305.76809448	
305.76098725	
305.75388285	
305.74678130	
305.73968259	
305.73258671	
305.72549368	
305.71840348	
305.71131612	
305.70423159	
305.69714990	
305.69007104	
305.68299501	
305.67592181	
305.66885144	
305.66178390	
305.65471919	
305.64765730	
305.64059824	
305.63354200	
305.62648858	
305.61943799	
305.61239021	
305.60534526	
305.59830312	
305.59126380	
305.58422729	
305.57719360	
305.57016272	
305.56313466	
305.55610940	
305.54908696	
305.54206733	
305.53505050	
305.52803648	
305.52102526	
305.51401685	
305.50701125	
305.50000844	
305.49300844	
305.48601124	
305.47901683	
305.47202523	
305.46503641	
305.45805040	
305.45106718	
305.44408675	
305.43710912	
305.43013427	
305.42316222	
305.41619296	
305.40922648	
305.40226279	
305.39530188	
305.38834376	
305.38138843	
305.37443587	
305.36748610	
305.36053910	
305.35359489	
305.34665345	
305.33971479	
305.33277890	
305.32584579	
305.31891545	
305.31198788	
305.30506309	
305.29814106	
305.29122181	
305.28430532	
305.27739160	
305.27048064	
305.26357245	
305.25666702	
305.24976435	
305.24286445	
305.23596730	
305.22907291	
305.22218128	
305.21529241	
305.20840629	
305.20152293	
305.19464232	
305.18776447	
305.18088936	
305.17401700	
305.16714740	
305.16028054	
305.15341643	
305.14655506	
305.13969644	
305.13284056	
305.12598742	
305.11913703	
305.11228937	
305.10544446	
305.09860228	
305.09176284	
305.08492613	
305.07809216	
305.07126093	
305.06443242	
305.05760665	
305.05078361	
305.04396329	
305.03714571	
305.03033085	
305.02351872	
305.01670931	
305.00990263	
305.00309866	
304.99629743	
304.98949891	
304.98270311	
304.97591003	
304.96911966	
304.96233201	
304.95554708	
304.94876486	
304.94198536	
304.93520856	
304.92843448	
304.92166310	
304.91489444	
304.90812848	
304.90136523	
304.89460468	
304.88784684	
304.88109170	
304.87433927	
304.86758953	
304.86084250	
304.85409816	
304.84735652	
304.84061758	
304.83388133	
304.82714778	
304.82041692	
304.81368875	
304.80696328	
304.80024049	
304.79352039	
304.78680299	
304.78008826	
304.77337623	
304.76666688	
304.75996021	
304.75325623	
304.74655493	
304.73985630	
304.73316036	
304.72646710	
304.71977651	
304.71308860	
304.70640336	
304.69972080	
304.69304091	
304.68636370	
304.67968915	
304.67301728	
304.66634807	
304.65968153	
304.65301766	
304.64635645	
304.63969791	
304.63304203	
304.62638881	
304.61973826	
304.61309036	
304.60644513	
304.59980255	
304.59316263	
304.58652536	
304.57989075	
304.57325880	
304.56662949	
304.56000284	
304.55337884	
304.54675749	
304.54013878	
304.53352273	
304.52690932	
304.52029856	
304.51369044	
304.50708496	
304.50048213	
304.49388193	
304.48728438	
304.48068947	
304.47409719	
304.46750755	
304.46092055	
304.45433618	
304.44775445	
304.44117534	
304.43459887	
304.42802503	
304.42145382	
304.41488524	
304.40831929	
304.40175596	
304.39519526	
304.38863718	
304.38208173	
304.37552889	
304.36897868	
304.36243109	
304.35588612	
304.34934376	
304.34280403	
304.33626690	
304.32973240	
304.32320050	
304.31667122	
304.31014456	
304.30362050	
304.29709905	
304.29058021	
304.28406398	
304.27755035	
304.27103933	
304.26453092	
304.25802510	
304.25152189	
304.24502129	
304.23852328	
304.23202787	
304.22553506	
304.21904484	
304.21255722	
304.20607220	
304.19958977	
304.19310994	
304.18663269	
304.18015804	
304.17368598	
304.16721650	
304.16074962	
304.15428532	
304.14782360	
304.14136447	
304.13490793	
304.12845396	
304.12200258	
304.11555378	
304.10910756	
304.10266392	
304.09622285	
304.08978436	
304.08334845	
304.07691511	
304.07048434	
304.06405615	
304.05763053	
304.05120747	
304.04478699	
304.03836908	
304.03195373	
304.02554095	
304.01913073	
304.01272308	
304.00631799	
303.99991546	
303.99351550	
303.98711809	
303.98072324	
303.97433095	
303.96794122	
303.96155404	
303.95516942	
303.94878735	
303.94240784	
303.93603088	
303.92965646	
303.92328460	
303.91691529	
303.91054852	
303.90418430	
303.89782263	
303.89146350	
303.88510691	
303.87875287	
303.87240137	
303.86605241	
303.85970599	
303.85336211	
303.84702076	
303.84068195	
303.83434568	
303.82801194	
303.82168074	
303.81535207	
303.80902592	
303.80270231	
303.79638123	
303.79006268	
303.78374666	
303.77743316	
303.77112218	
303.76481373	
303.75850781	
303.75220441	
303.74590352	
303.73960516	
303.73330932	
303.72701600	
303.72072519	
303.71443690	
303.70815113	
303.70186787	
303.69558712	
303.68930888	
303.68303316	
303.67675995	
303.67048924	
303.66422105	
303.65795536	
303.65169218	
303.64543150	
303.63917333	
303.63291766	
303.62666449	
303.62041382	
303.61416566	
303.60791999	
303.60167683	
303.59543615	
303.58919798	
303.58296230	
303.57672912	
303.57049842	
303.56427022	
303.55804452	
303.55182130	
303.54560057	
303.53938233	
303.53316658	
303.52695331	
303.52074253	
303.51453423	
303.50832842	
303.50212509	
303.49592424	
303.48972587	
303.48352998	
303.47733657	
303.47114563	
303.46495717	
303.45877119	
303.45258768	
303.44640665	
303.44022808	
303.43405199	
303.42787837	
303.42170722	
303.41553854	
303.40937232	
303.40320857	
303.39704729	
303.39088847	
303.38473211	
303.37857822	
303.37242679	
303.36627782	
303.36013131	
303.35398726	
303.34784566	
303.34170652	
303.33556984	
303.32943561	
303.32330384	
303.31717452	
303.31104765	
303.30492323	
303.29880126	
303.29268174	
303.28656467	
303.28045004	
303.27433786	
303.26822812	
303.26212083	
303.25601598	
303.24991358	
303.24381361	
303.23771609	
303.23162100	
303.22552835	
303.21943814	
303.21335037	
303.20726503	
303.20118212	
303.19510165	
303.18902361	
303.18294800	
303.17687482	
303.17080407	
303.16473575	
303.15866985	
303.15260638	
303.14654534	
303.14048672	
303.13443053	
303.12837676	
303.12232541	
303.11627648	
303.11022996	
303.10418587	
303.09814420	
303.09210494	
303.08606810	
303.08003367	
303.07400166	
303.06797206	
303.06194487	
303.05592009	
303.04989772	
303.04387776	
303.03786021	
303.03184507	
303.02583233	
303.01982200	
303.01381407	
303.00780854	
303.00180542	
302.99580470	
302.98980638	
302.98381045	
302.97781693	
302.97182580	
302.96583707	
302.95985074	
302.95386680	
302.94788525	
302.94190610	
302.93592933	
302.92995496	
302.92398298	
302.91801339	
302.91204618	
302.90608136	
302.90011893	
302.89415888	
302.88820122	
302.88224594	
302.87629304	
302.87034252	
302.86439439	
302.85844863	
302.85250525	
302.84656425	
302.84062562	
302.83468937	
302.82875549	
302.82282399	
302.81689486	
302.81096811	
302.80504372	
302.79912170	
302.79320205	
302.78728477	
302.78136986	
302.77545731	
302.76954713	
302.76363931	
302.75773385	
302.75183076	
302.74593003	
302.74003165	
302.73413564	
302.72824199	
302.72235069	
302.71646175	
302.71057517	
302.70469093	
302.69880906	
302.69292953	
302.68705236	
302.68117754	
302.67530507	
302.66943495	
302.66356718	
302.65770175	
302.65183867	
302.64597793	
302.64011954	
302.63426349	
302.62840979	
302.62255842	
302.61670940	
302.61086272	
302.60501837	
302.59917636	
302.59333669	
302.58749936	
302.58166436	
302.57583169	
302.57000136	
302.56417336	
302.55834769	
302.55252435	
302.54670334	
302.54088466	
302.53506831	
302.52925428	
302.52344258	
302.51763320	
302.51182615	
302.50602142	
302.50021901	
302.49441892	
302.48862115	
302.48282571	
302.47703257	
302.47124176	
302.46545326	
302.45966708	
302.45388322	
302.44810166	
302.44232242	
302.43654549	
302.43077088	
302.42499857	
302.41922857	
302.41346088	
302.40769549	
302.40193241	
302.39617164	
302.39041317	
302.38465701	
302.37890314	
302.37315158	
302.36740232	
302.36165536	
302.35591070	
302.35016834	
302.34442827	
302.33869050	
302.33295502	
302.32722184	
302.32149095	
302.31576235	
302.31003605	
302.30431203	
302.29859031	
302.29287087	
302.28715372	
302.28143886	
302.27572629	
302.27001600	
302.26430799	
302.25860227	
302.25289883	
302.24719767	
302.24149879	
302.23580219	
302.23010787	
302.22441582	
302.21872606	
302.21303857	
302.20735335	
302.20167041	
302.19598974	
302.19031135	
302.18463522	
302.17896137	
302.17328978	
302.16762047	
302.16195342	
302.15628864	
302.15062612	
302.14496587	
302.13930789	
302.13365216	
302.12799870	
302.12234750	
302.11669856	
302.11105188	
302.10540746	
302.09976530	
302.09412539	
302.08848774	
302.08285235	
302.07721921	
302.07158832	
302.06595968	
302.06033330	
302.05470917	
302.04908728	
302.04346765	
302.03785026	
302.03223512	
302.02662223	
302.02101158	
302.01540317	
302.00979701	
302.00419309	
301.99859142	
301.99299198	
301.98739478	
301.98179983	
301.97620711	
301.97061662	
301.96502838	
301.95944236	
301.95385859	
301.94827704	
301.94269773	
301.93712065	
301.93154581	
301.92597319	
301.92040280	
301.91483464	
301.90926870	
301.90370500	
301.89814351	
301.89258426	
301.88702722	
301.88147241	
301.87591982	
301.87036946	
301.86482131	
301.85927538	
301.85373167	
301.84819018	
301.84265090	
301.83711384	
301.83157899	
301.82604636	
301.82051594	
301.81498774	
301.80946174	
301.80393796	
301.79841638	
301.79289702	
301.78737986	
301.78186491	
301.77635216	
301.77084162	
301.76533328	
301.75982715	
301.75432322	
301.74882149	
301.74332196	
301.73782463	
301.73232950	
301.72683657	
301.72134583	
301.71585730	
301.71037095	
301.70488681	
301.69940485	
301.69392509	
301.68844752	
301.68297214	
301.67749895	
301.67202795	
301.66655914	
301.66109252	
301.65562808	
301.65016583	
301.64470576	
301.63924788	
301.63379218	
301.62833866	
301.62288733	
301.61743817	
301.61199120	
301.60654640	
301.60110378	
301.59566334	
301.59022508	
301.58478899	
301.57935507	
301.57392333	
301.56849376	
301.56306636	
301.55764113	
301.55221808	
301.54679719	
301.54137847	
301.53596192	
301.53054754	
301.52513532	
301.51972526	
301.51431737	
301.50891165	
301.50350808	
301.49810668	
301.49270744	
301.48731035	
301.48191543	
301.47652266	
301.47113205	
301.46574360	
301.46035730	
301.45497316	
301.44959117	
301.44421133	
301.43883365	
301.43345812	
301.42808473	
301.42271350	
301.41734441	
301.41197748	
301.40661268	
301.40125004	
301.39588954	
301.39053118	
301.38517497	
301.37982090	
301.37446897	
301.36911919	
301.36377154	
301.35842603	
301.35308266	
301.34774143	
301.34240233	
301.33706537	
301.33173054	
301.32639785	
301.32106729	
301.31573886	
301.31041257	
301.30508840	
301.29976637	
301.29444646	
301.28912868	
301.28381303	
301.27849951	
301.27318811	
301.26787883	
301.26257168	
301.25726665	
301.25196374	
301.24666296	
301.24136429	
301.23606775	
301.23077332	
301.22548101	
301.22019082	
301.21490274	
301.20961678	
301.20433293	
301.19905120	
301.19377158	
301.18849407	
301.18321867	
301.17794539	
301.17267421	
301.16740514	
301.16213818	
301.15687332	
301.15161057	
301.14634993	
301.14109139	
301.13583495	
301.13058062	
301.12532839	
301.12007825	
301.11483022	
301.10958429	
301.10434046	
301.09909872	
301.09385908	
301.08862154	
301.08338609	
301.07815274	
301.07292147	
301.06769231	
301.06246523	
301.05724024	
301.05201735	
301.04679654	
301.04157782	
301.03636119	
301.03114665	
301.02593419	
301.02072381	
301.01551552	
301.01030932	
301.00510519	
300.99990315	
300.99470319	
300.98950531	
300.98430951	
300.97911578	
300.97392414	
300.96873457	
300.96354707	
300.95836165	
300.95317831	
300.94799704	
300.94281784	
300.93764071	
300.93246566	
300.92729267	
300.92212175	
300.91695290	
300.91178612	
300.90662141	
300.90145876	
300.89629818	
300.89113966	
300.88598320	
300.88082881	
300.87567648	
300.87052621	
300.86537800	
300.86023184	
300.85508775	
300.84994572	
300.84480574	
300.83966782	
300.83453195	
300.82939814	
300.82426638	
300.81913667	
300.81400902	
300.80888341	
300.80375986	
300.79863835	
300.79351890	
300.78840149	
300.78328613	
300.77817282	
300.77306155	
300.76795232	
300.76284514	
300.75774000	
300.75263691	
300.74753585	
300.74243684	
300.73733986	
300.73224493	
300.72715203	
300.72206117	
300.71697234	
300.71188556	
300.70680080	
300.70171808	
300.69663739	
300.69155874	
300.68648212	
300.68140752	
300.67633496	
300.67126443	
300.66619592	
300.66112944	
300.65606499	
300.65100256	
300.64594216	
300.64088379	
300.63582743	
300.63077310	
300.62572079	
300.62067050	
300.61562224	
300.61057599	
300.60553176	
300.60048954	
300.59544935	
300.59041117	
300.58537500	
300.58034085	
300.57530872	
300.57027859	
300.56525048	
300.56022438	
300.55520029	
300.55017821	
300.54515814	
300.54014008	
300.53512402	
300.53010997	
300.52509793	
300.52008789	
300.51507985	
300.51007382	
300.50506979	
300.50006776	
300.49506774	
300.49006971	
300.48507368	
300.48007965	
300.47508762	
300.47009759	
300.46510955	
300.46012350	
300.45513945	
300.45015740	
300.44517733	
300.44019926	
300.43522318	
300.43024909	
300.42527700	
300.42030688	
300.41533876	
300.41037263	
300.40540848	
300.40044631	
300.39548614	
300.39052794	
300.38557173	
300.38061750	
300.37566525	
300.37071499	
300.36576670	
300.36082040	
300.35587607	
300.35093372	
300.34599334	
300.34105495	
300.33611852	
300.33118408	
300.32625160	
300.32132110	
300.31639257	
300.31146602	
300.30654143	
300.30161881	
300.29669817	
300.29177949	
300.28686278	
300.28194803	
300.27703525	
300.27212444	
300.26721559	
300.26230870	
300.25740378	
300.25250082	
300.24759982	
300.24270078	
300.23780370	
300.23290857	
300.22801541	
300.22312420	
300.21823495	
300.21334766	
300.20846232	
300.20357894	
300.19869750	
300.19381803	
300.18894050	
300.18406492	
300.17919130	
300.17431962	
300.16944989	
300.16458211	
300.15971628	
300.15485239	
300.14999045	
300.14513046	
300.14027240	
300.13541629	
300.13056213	
300.12570990	
300.12085962	
300.11601128	
300.11116487	
300.10632040	
300.10147788	
300.09663729	
300.09179863	
300.08696191	
300.08212713	
300.07729428	
300.07246336	
300.06763437	
300.06280732	
300.05798220	
300.05315900	
300.04833774	
300.04351840	
300.03870100	
300.03388552	
300.02907196	
300.02426033	
300.01945063	
300.01464285	
300.00983699	
300.00503306	
300.00023104	
299.99543095	
299.99063278	
299.98583653	
299.98104219	
299.97624977	
299.97145927	
299.96667069	
299.96188402	
299.95709927	
299.95231643	
299.94753550	
299.94275649	
299.93797939	
299.93320419	
299.92843091	
299.92365954	
299.91889008	
299.91412252	
299.90935687	
299.90459313	
299.89983129	
299.89507136	
299.89031333	
299.88555720	
299.88080298	
299.87605066	
299.87130024	
299.86655172	
299.86180510	
299.85706038	
299.85231755	
299.84757663	
299.84283760	
299.83810046	
299.83336522	
299.82863187	
299.82390042	
299.81917086	
299.81444319	
299.80971742	
299.80499353	
299.80027153	
299.79555142	
299.79083320	
299.78611687	
299.78140242	
299.77668986	
299.77197919	
299.76727039	
299.76256349	
299.75785846	
299.75315532	
299.74845405	
299.74375467	
299.73905717	
299.73436155	
299.72966780	
299.72497594	
299.72028595	
299.71559783	
299.71091159	
299.70622723	
299.70154474	
299.69686412	
299.69218537	
299.68750850	
299.68283350	
299.67816036	
299.67348910	
299.66881970	
299.66415218	
299.65948651	
299.65482272	
299.65016079	
299.64550073	
299.64084253	
299.63618619	
299.63153171	
299.62687910	
299.62222835	
299.61757946	
299.61293243	
299.60828725	
299.60364394	
299.59900248	
299.59436288	
299.58972514	
299.58508925	
299.58045521	
299.57582303	
299.57119270	
299.56656422	
299.56193760	
299.55731282	
299.55268990	
299.54806882	
299.54344959	
299.53883221	
299.53421668	
299.52960299	
299.52499115	
299.52038115	
299.51577300	
299.51116669	
299.50656223	
299.50195960	
299.49735882	
299.49275987	
299.48816277	
299.48356751	
299.47897408	
299.47438249	
299.46979274	
299.46520482	
299.46061874	
299.45603449	
299.45145208	
299.44687149	
299.44229275	
299.43771583	
299.43314074	
299.42856749	
299.42399606	
299.41942646	
299.41485869	
299.41029275	
299.40572863	
299.40116634	
299.39660587	
299.39204723	
299.38749041	
299.38293541	
299.37838224	
299.37383089	
299.36928135	
299.36473364	
299.36018775	
299.35564367	
299.35110142	
299.34656098	
299.34202235	
299.33748554	
299.33295055	
299.32841737	
299.32388600	
299.31935645	
299.31482870	
299.31030277	
299.30577865	
299.30125634	
299.29673584	
299.29221714	
299.28770026	
299.28318518	
299.27867190	
299.27416043	
299.26965077	
299.26514291	
299.26063685	
299.25613260	
299.25163014	
299.24712949	
299.24263064	
299.23813359	
299.23363833	
299.22914488	
299.22465322	
299.22016336	
299.21567529	
299.21118902	
299.20670455	
299.20222187	
299.19774098	
299.19326188	
299.18878458	
299.18430906	
299.17983534	
299.17536341	
299.17089326	
299.16642490	
299.16195833	
299.15749355	
299.15303055	
299.14856934	
299.14410991	
299.13965227	
299.13519641	
299.13074233	
299.12629003	
299.12183952	
299.11739078	
299.11294382	
299.10849865	
299.10405525	
299.09961362	
299.09517378	
299.09073571	
299.08629942	
299.08186490	
299.07743215	
299.07300118	
299.06857198	
299.06414455	
299.05971889	
299.05529500	
299.05087288	
299.04645253	
299.04203395	
299.03761714	
299.03320209	
299.02878881	
299.02437730	
299.01996755	
299.01555956	
299.01115334	
299.00674887	
299.00234617	
298.99794524	
298.99354606	
298.98914864	
298.98475298	
298.98035908	
298.97596694	
298.97157655	
298.96718792	
298.96280104	
298.95841592	
298.95403256	
298.94965094	
298.94527108	
298.94089297	
298.93651662	
298.93214201	
298.92776915	
298.92339805	
298.91902869	
298.91466107	
298.91029521	
298.90593109	
298.90156872	
298.89720809	
298.89284921	
298.88849207	
298.88413667	
298.87978302	
298.87543110	
298.87108093	
298.86673250	
298.86238581	
298.85804085	
298.85369764	
298.84935616	
298.84501641	
298.84067841	
298.83634214	
298.83200760	
298.82767480	
298.82334373	
298.81901439	
298.81468678	
298.81036091	
298.80603676	
298.80171435	
298.79739366	
298.79307471	
298.78875748	
298.78444197	
298.78012820	
298.77581615	
298.77150582	
298.76719722	
298.76289034	
298.75858518	
298.75428175	
298.74998004	
298.74568004	
298.74138177	
298.73708522	
298.73279038	
298.72849727	
298.72420587	
298.71991619	
298.71562822	
298.71134197	
298.70705743	
298.70277461	
298.69849350	
298.69421410	
298.68993642	
298.68566044	
298.68138618	
298.67711362	
298.67284278	
298.66857364	
298.66430621	
298.66004049	
298.65577647	
298.65151416	
298.64725356	
298.64299466	
298.63873746	
298.63448196	
298.63022817	
298.62597608	
298.62172569	
298.61747700	
298.61323001	
298.60898471	
298.60474112	
298.60049922	
298.59625902	
298.59202052	
298.58778371	
298.58354860	
298.57931518	
298.57508345	
298.57085342	
298.56662508	
298.56239843	
298.55817347	
298.55395020	
298.54972862	
298.54550873	
298.54129053	
298.53707401	
298.53285918	
298.52864604	
298.52443458	
298.52022480	
298.51601671	
298.51181031	
298.50760558	
298.50340254	
298.49920118	
298.49500150	
298.49080350	
298.48660718	
298.48241253	
298.47821957	
298.47402828	
298.46983867	
298.46565073	
298.46146447	
298.45727989	
298.45309698	
298.44891574	
298.44473617	
298.44055828	
298.43638205	
298.43220750	
298.42803462	
298.42386340	
298.41969386	
298.41552598	
298.41135977	
298.40719523	
298.40303235	
298.39887114	
298.39471159	
298.39055370	
298.38639748	
298.38224292	
298.37809003	
298.37393879	
298.36978921	
298.36564130	
298.36149504	
298.35735044	
298.35320750	
298.34906622	
298.34492659	
298.34078862	
298.33665231	
298.33251765	
298.32838464	
298.32425329	
298.32012358	
298.31599554	
298.31186914	
298.30774439	
298.30362129	
298.29949984	
298.29538004	
298.29126189	
298.28714539	
298.28303053	
298.27891732	
298.27480575	
298.27069583	
298.26658755	
298.26248091	
298.25837592	
298.25427257	
298.25017086	
298.24607079	
298.24197236	
298.23787558	
298.23378043	
298.22968691	
298.22559504	
298.22150480	
298.21741620	
298.21332923	
298.20924390	
298.20516020	
298.20107814	
298.19699771	
298.19291891	
298.18884174	
298.18476620	
298.18069230	
298.17662002	
298.17254937	
298.16848035	
298.16441296	
298.16034720	
298.15628306	
298.15222054	
298.14815966	
298.14410039	
298.14004275	
298.13598673	
298.13193234	
298.12787957	
298.12382841	
298.11977888	
298.11573097	
298.11168468	
298.10764001	
298.10359695	
298.09955551	
298.09551569	
298.09147748	
298.08744089	
298.08340592	
298.07937255	
298.07534080	
298.07131067	
298.06728214	
298.06325523	
298.05922993	
298.05520624	
298.05118415	
298.04716368	
298.04314481	
298.03912756	
298.03511191	
298.03109786	
298.02708542	
298.02307459	
298.01906536	
298.01505773	
298.01105171	
298.00704729	
298.00304447	
297.99904325	
297.99504363	
297.99104562	
297.98704920	
297.98305438	
297.97906116	
297.97506953	
297.97107950	
297.96709107	
297.96310424	
297.95911899	
297.95513535	
297.95115329	
297.94717283	
297.94319396	
297.93921668	
297.93524100	
297.93126690	
297.92729439	
297.92332348	
297.91935415	
297.91538641	
297.91142025	
297.90745568	
297.90349270	
297.89953130	
297.89557149	
297.89161326	
297.88765662	
297.88370156	
297.87974807	
297.87579618	
297.87184586	
297.86789712	
297.86394996	
297.86000438	
297.85606038	
297.85211795	
297.84817711	
297.84423784	
297.84030014	
297.83636402	
297.83242947	
297.82849650	
297.82456510	
297.82063528	
297.81670702	
297.81278034	
297.80885523	
297.80493169	
297.80100971	
297.79708931	
297.79317047	
297.78925321	
297.78533751	
297.78142337	
297.77751080	
297.77359980	
297.76969036	
297.76578248	
297.76187617	
297.75797142	
297.75406823	
297.75016660	
297.74626653	
297.74236803	
297.73847108	
297.73457569	
297.73068186	
297.72678959	
297.72289887	
297.71900971	
297.71512211	
297.71123606	
297.70735157	
297.70346863	
297.69958724	
297.69570740	
297.69182912	
297.68795239	
297.68407721	
297.68020358	
297.67633150	
297.67246096	
297.66859198	
297.66472454	
297.66085865	
297.65699431	
297.65313151	
297.64927026	
297.64541055	
297.64155239	
297.63769577	
297.63384069	
297.62998715	
297.62613516	
297.62228470	
297.61843579	
297.61458841	
297.61074258	
297.60689828	
297.60305552	
297.59921430	
297.59537461	
297.59153646	
297.58769985	
297.58386477	
297.58003122	
297.57619921	
297.57236873	
297.56853978	
297.56471237	
297.56088648	
297.55706213	
297.55323930	
297.54941801	
297.54559824	
297.54178000	
297.53796329	
297.53414810	
297.53033445	
297.52652231	
297.52271170	
297.51890262	
297.51509506	
297.51128902	
297.50748450	
297.50368151	
297.49988004	
297.49608008	
297.49228165	
297.48848474	
297.48468935	
297.48089547	
297.47710311	
297.47331227	
297.46952295	
297.46573514	
297.46194884	
297.45816406	
297.45438080	
297.45059905	
297.44681881	
297.44304008	
297.43926286	
297.43548716	
297.43171296	
297.42794028	
297.42416910	
297.42039943	
297.41663127	
297.41286462	
297.40909947	
297.40533584	
297.40157370	
297.39781307	
297.39405395	
297.39029632	
297.38654021	
297.38278559	
297.37903248	
297.37528086	
297.37153075	
297.36778214	
297.36403503	
297.36028941	
297.35654530	
297.35280268	
297.34906156	
297.34532193	
297.34158380	
297.33784717	
297.33411203	
297.33037839	
297.32664623	
297.32291558	
297.31918641	
297.31545874	
297.31173255	
297.30800786	
297.30428466	
297.30056294	
297.29684272	
297.29312398	
297.28940673	
297.28569097	
297.28197669	
297.27826390	
297.27455259	
297.27084277	
297.26713444	
297.26342758	
297.25972221	
297.25601832	
297.25231592	
297.24861499	
297.24491554	
297.24121758	
